25.3419999999969,7908
25.3419999999969,8500
25.3419999999969,8860
25.3889999999956,9100
25.3889999999956,9260
25.3889999999956,9276
25.3889999999956,8720
25.3889999999956,7908
25.3889999999956,7334
25.3889999999956,6502
25.3889999999956,6072
25.3889999999956,7048
25.4360000000015,7874
25.4360000000015,7644
25.4360000000015,8196
25.4360000000015,7084
25.4360000000015,6366
25.4360000000015,6322
25.4360000000015,7408
25.4360000000015,7734
25.4360000000015,8510
25.4360000000015,8716
25.4830000000002,9024
25.4830000000002,9148
25.4830000000002,9356
25.4830000000002,9188
25.4830000000002,8514
25.4830000000002,7890
25.4830000000002,6678
25.4830000000002,6442
25.4830000000002,7236
25.5299999999988,7520
25.5299999999988,7760
25.5299999999988,7790
25.5299999999988,7884
25.5299999999988,7308
25.5299999999988,5898
25.5299999999988,6050
25.5299999999988,7490
25.5299999999988,8042
25.5769999999975,8464
25.5769999999975,8874
25.5769999999975,9116
25.5769999999975,9234
25.5769999999975,9286
25.5769999999975,8746
25.5769999999975,8156
25.5769999999975,7658
25.5769999999975,6286
25.625,6082
25.625,7084
25.625,7842
25.625,7710
25.625,8202
25.625,7252
25.625,6590
25.625,6594
25.625,7264
25.625,7618
25.6719999999987,8442
25.6719999999987,8668
25.6719999999987,8978
25.6719999999987,9100
25.6719999999987,9330
25.6719999999987,9122
25.6719999999987,8360
25.6719999999987,7750
25.6719999999987,6358
25.7189999999973,6236
25.7189999999973,7150
25.7189999999973,7508
25.7189999999973,7734
25.7189999999973,8142
25.7189999999973,7750
25.7189999999973,7252
25.7189999999973,5814
25.7189999999973,6158
25.7189999999973,7514
25.765999999996,8352
25.765999999996,8612
25.765999999996,8910
25.765999999996,9084
25.765999999996,9332
25.765999999996,9224
25.765999999996,8614
25.765999999996,7792
25.765999999996,7046
25.8139999999985,6832
25.8139999999985,6990
25.8139999999985,7026
25.8139999999985,7744
25.8139999999985,7822
25.8139999999985,7854
25.8139999999985,7294
25.8139999999985,5832
25.8139999999985,6158
25.8609999999971,7526
25.8609999999971,7776
25.8609999999971,8722
25.8609999999971,8802
25.8609999999971,9044
25.8609999999971,9208
25.8609999999971,9230
25.8609999999971,8674
25.8609999999971,7806
25.9079999999958,7222
25.9079999999958,6780
25.9079999999958,6894
25.9079999999958,7048
25.9079999999958,7796
25.9079999999958,7674
25.9079999999958,8206
25.9079999999958,7100
25.9079999999958,6312
25.9079999999958,6298
25.9549999999945,7446
25.9549999999945,7736
25.9549999999945,8614
25.9549999999945,8776
25.9549999999945,9058
25.9549999999945,9110
25.9549999999945,9356
25.9549999999945,9130
25.9549999999945,8356
25.9549999999945,7750
26.0040000000008,6344
26.0040000000008,6194
26.0040000000008,7144
26.0040000000008,7690
26.0040000000008,7700
26.0040000000008,8188
26.0040000000008,7504
26.0040000000008,6996
26.0040000000008,5842
26.0499999999956,6212
26.0499999999956,7518
26.0499999999956,8356
26.0499999999956,8622
26.0499999999956,8926
26.0499999999956,9106
26.0499999999956,9358
26.0499999999956,9230
26.0499999999956,8612
26.0979999999981,7826
26.0979999999981,7038
26.0979999999981,6820
26.0979999999981,6986
26.0979999999981,7020
26.0979999999981,7770
26.0979999999981,7632
26.0979999999981,8150
26.0979999999981,7354
26.0979999999981,6102
26.1449999999968,6150
26.1449999999968,7520
26.1449999999968,7770
26.1449999999968,8720
26.1449999999968,8796
26.1449999999968,9008
26.1449999999968,9198
26.1449999999968,9280
26.1449999999968,8732
26.1929999999993,8026
26.1929999999993,7468
26.1929999999993,6704
26.1929999999993,6340
26.1929999999993,7048
26.1929999999993,7802
26.1929999999993,7678
26.1929999999993,8212
26.1929999999993,7098
26.239999999998,6338
26.239999999998,6544
26.239999999998,7104
26.239999999998,7606
26.239999999998,8488
26.239999999998,8684
26.239999999998,8986
26.239999999998,9158
26.239999999998,9320
26.239999999998,8776
26.2869999999966,8162
26.2869999999966,7644
26.2869999999966,6206
26.2869999999966,6242
26.2869999999966,7140
26.2869999999966,7668
26.2869999999966,7688
26.2869999999966,8172
26.2869999999966,7490
26.3339999999953,6992
26.3339999999953,6430
26.3339999999953,6918
26.3339999999953,7586
26.3339999999953,8428
26.3339999999953,8602
26.3339999999953,8880
26.3339999999953,9044
26.3339999999953,9276
26.3810000000012,9110
26.3810000000012,8350
26.3810000000012,7746
26.3810000000012,6344
26.3810000000012,6240
26.3810000000012,7160
26.3810000000012,7680
26.3810000000012,7708
26.3810000000012,8192
26.3810000000012,7754
26.4279999999999,7262
26.4279999999999,5822
26.4279999999999,6134
26.4279999999999,7510
26.4279999999999,8324
26.4279999999999,8606
26.4279999999999,8896
26.4279999999999,9074
26.4279999999999,9312
26.4759999999951,9152
26.4759999999951,8478
26.4759999999951,7862
26.4759999999951,7042
26.4759999999951,6820
26.4759999999951,6980
26.4759999999951,7022
26.4759999999951,7736
26.4759999999951,7842
26.4759999999951,7862
26.523000000001,7294
26.523000000001,5862
26.523000000001,6046
26.523000000001,7472
26.523000000001,7766
26.523000000001,8696
26.523000000001,8798
26.523000000001,9058
26.523000000001,9172
26.5699999999997,9280
26.5699999999997,8752
26.5699999999997,8026
26.5699999999997,7442
26.5699999999997,6714
26.5699999999997,6432
26.5699999999997,7032
26.5699999999997,7766
26.5699999999997,7680
26.6169999999984,8166
26.6169999999984,7300
26.6169999999984,6698
26.6169999999984,6580
26.6169999999984,7154
26.6169999999984,7654
26.6169999999984,8530
26.6169999999984,8716
26.6169999999984,9024
26.663999999997,9130
26.663999999997,9352
26.663999999997,9212
26.663999999997,8592
26.663999999997,7878
26.663999999997,6938
26.663999999997,6744
26.663999999997,7016
26.663999999997,7048
26.663999999997,7736
26.7109999999957,7952
26.7109999999957,7862
26.7109999999957,7304
26.7109999999957,5856
26.7109999999957,6040
26.7109999999957,7550
26.7109999999957,7780
26.7109999999957,8700
26.7109999999957,8796
26.7579999999944,9050
26.7579999999944,9158
26.7579999999944,9266
26.7579999999944,8730
26.7579999999944,7952
26.7579999999944,7386
26.7579999999944,6760
26.7579999999944,6688
26.7579999999944,7084
26.8050000000003,7822
26.8050000000003,7690
26.8050000000003,8192
26.8050000000003,7284
26.8050000000003,6658
26.8050000000003,6602
26.8050000000003,7190
26.8050000000003,7644
26.8050000000003,8514
26.8050000000003,8696
26.851999999999,8946
26.851999999999,9080
26.851999999999,9306
26.851999999999,9120
26.851999999999,8372
26.851999999999,7766
26.851999999999,6396
26.851999999999,6248
26.851999999999,7144
26.851999999999,7672
26.8989999999976,7710
26.8989999999976,8186
26.8989999999976,7596
26.8989999999976,7100
26.8989999999976,5822
26.8989999999976,6092
26.8989999999976,7490
26.8989999999976,8248
26.9459999999963,8562
26.9459999999963,8850
26.9459999999963,9024
26.9459999999963,9270
26.9459999999963,9096
26.9459999999963,8352
26.9459999999963,7754
26.9459999999963,6364
26.9459999999963,6236
26.9929999999949,7166
26.9929999999949,7438
26.9929999999949,7720
26.9929999999949,8130
26.9929999999949,7790
26.9929999999949,7282
26.9929999999949,5830
26.9929999999949,6114
26.9929999999949,7514
26.9929999999949,8234
27.0409999999974,8576
27.0409999999974,8880
27.0409999999974,9070
27.0409999999974,9186
27.0409999999974,9270
27.0409999999974,8730
27.0409999999974,7952
27.0409999999974,7396
27.0409999999974,6764
27.0879999999961,6666
27.0879999999961,7022
27.0879999999961,7754
27.0879999999961,7642
27.0879999999961,8186
27.0879999999961,7288
27.0879999999961,6652
27.0879999999961,6594
27.0879999999961,7170
27.0879999999961,7636
27.1349999999948,8510
27.1349999999948,8690
27.1349999999948,8992
27.1349999999948,9162
27.1349999999948,9336
27.1349999999948,9090
27.1349999999948,8252
27.1349999999948,7678
27.1349999999948,6494
27.1820000000007,6322
27.1820000000007,7174
27.1820000000007,7612
27.1820000000007,7690
27.1820000000007,8180
27.1820000000007,7658
27.1820000000007,7180
27.1820000000007,6168
27.1820000000007,6616
27.2289999999994,7554
27.2289999999994,8166
27.2289999999994,8504
27.2289999999994,8868
27.2289999999994,9112
27.2289999999994,9280
27.2289999999994,9294
27.2289999999994,8756
27.2289999999994,8002
27.2289999999994,7428
27.275999999998,6738
27.275999999998,6538
27.275999999998,7022
27.275999999998,7780
27.275999999998,7694
27.275999999998,8186
27.275999999998,7346
27.275999999998,6764
27.275999999998,6574
27.3229999999967,7082
27.3229999999967,7626
27.3229999999967,8490
27.3229999999967,8684
27.3229999999967,8978
27.3229999999967,9074
27.3229999999967,9320
27.3229999999967,9142
27.3229999999967,8448
27.3229999999967,7838
27.3709999999992,6564
27.3709999999992,6360
27.3709999999992,7216
27.3709999999992,7580
27.3709999999992,7694
27.3709999999992,8156
27.3709999999992,7688
27.3709999999992,7216
27.3709999999992,5856
27.4179999999978,6056
27.4179999999978,7464
27.4179999999978,8116
27.4179999999978,8474
27.4179999999978,8824
27.4179999999978,9040
27.4179999999978,9294
27.4179999999978,9156
27.4179999999978,8516
27.4179999999978,7868
27.4649999999965,6760
27.4649999999965,6766
27.4649999999965,6904
27.4649999999965,7022
27.4649999999965,7746
27.4649999999965,7616
27.4649999999965,7838
27.4649999999965,7304
27.5119999999952,5928
27.5119999999952,6082
27.5119999999952,7436
27.5119999999952,7924
27.5119999999952,8614
27.5119999999952,8740
27.5119999999952,9002
27.5119999999952,9140
27.5119999999952,9214
27.5119999999952,8668
27.5590000000011,7816
27.5590000000011,7236
27.5590000000011,6774
27.5590000000011,6848
27.5590000000011,7016
27.5590000000011,7756
27.5590000000011,7606
27.5590000000011,7936
27.5590000000011,7082
27.6069999999963,6338
27.6069999999963,6324
27.6069999999963,7400
27.6069999999963,7674
27.6069999999963,8566
27.6069999999963,8716
27.6069999999963,9004
27.6069999999963,9166
27.6069999999963,9258
27.6069999999963,8720
27.6529999999984,7988
27.6529999999984,7638
27.6529999999984,6170
27.6529999999984,6086
27.6529999999984,7092
27.6529999999984,7772
27.6529999999984,7688
27.6529999999984,8176
27.6529999999984,7354
27.7010000000009,6774
27.7010000000009,6554
27.7010000000009,7074
27.7010000000009,7540
27.7010000000009,8360
27.7010000000009,8608
27.7010000000009,8906
27.7010000000009,9050
27.7010000000009,9294
27.7010000000009,9090
27.7479999999996,8316
27.7479999999996,7714
27.7479999999996,6302
27.7479999999996,6176
27.7479999999996,7146
27.7479999999996,7504
27.7479999999996,7716
27.7479999999996,8156
27.7959999999948,7776
27.7959999999948,7282
27.7959999999948,5840
27.7959999999948,6118
27.7959999999948,7514
27.7959999999948,8244
27.7959999999948,8552
27.7959999999948,8880
27.7959999999948,9086
27.7959999999948,9286
27.8430000000008,9238
27.8430000000008,8742
27.8430000000008,8044
27.8430000000008,7472
27.8430000000008,6688
27.8430000000008,6252
27.8430000000008,7028
27.8430000000008,7812
27.8430000000008,7652
27.8899999999994,8196
27.8899999999994,7100
27.8899999999994,6376
27.8899999999994,6508
27.8899999999994,7028
27.8899999999994,7612
27.8899999999994,8464
27.8899999999994,8670
27.8899999999994,8972
27.8899999999994,9086
27.9369999999981,9310
27.9369999999981,9106
27.9369999999981,8370
27.9369999999981,7760
27.9369999999981,6376
27.9369999999981,6458
27.9369999999981,7144
27.9369999999981,7380
27.9369999999981,7720
27.9369999999981,8104
27.9850000000006,7802
27.9850000000006,7292
27.9850000000006,5830
27.9850000000006,6076
27.9850000000006,7488
27.9850000000006,8202
27.9850000000006,8546
27.9850000000006,8798
27.9850000000006,9050
28.0319999999992,9172
28.0319999999992,9276
28.0319999999992,8732
28.0319999999992,7998
28.0319999999992,7416
28.0319999999992,6724
28.0319999999992,6456
28.0319999999992,7038
28.0319999999992,7798
28.0799999999945,7664
28.0799999999945,8198
28.0799999999945,7382
28.0799999999945,6812
28.0799999999945,6518
28.0799999999945,7062
28.0799999999945,7612
28.0799999999945,8470
28.0799999999945,8670
28.1270000000004,8968
28.1270000000004,9086
28.1270000000004,9312
28.1270000000004,9112
28.1270000000004,8392
28.1270000000004,7790
28.1270000000004,6432
28.1270000000004,6508
28.1270000000004,7088
28.1270000000004,7254
28.1739999999991,7736
28.1739999999991,8054
28.1739999999991,7842
28.1739999999991,7300
28.1739999999991,5840
28.1739999999991,6058
28.1739999999991,7482
28.1739999999991,8116
28.1739999999991,8696
28.2209999999977,8778
28.2209999999977,9044
28.2209999999977,9166
28.2209999999977,9254
28.2209999999977,8716
28.2209999999977,7946
28.2209999999977,7376
28.2209999999977,6750
28.2209999999977,6674
28.2209999999977,7048
28.2690000000002,7760
28.2690000000002,7652
28.2690000000002,8172
28.2690000000002,7304
28.2690000000002,6702
28.2690000000002,6586
28.2690000000002,7130
28.2690000000002,7632
28.2690000000002,8494
28.3159999999989,8680
28.3159999999989,8992
28.3159999999989,9110
28.3159999999989,9340
28.3159999999989,9106
28.3159999999989,8500
28.3159999999989,7872
28.3159999999989,6678
28.3159999999989,6448
28.362000000001,7212
28.362000000001,7448
28.362000000001,7716
28.362000000001,8126
28.362000000001,7770
28.362000000001,7264
28.362000000001,5816
28.362000000001,6104
28.362000000001,7428
28.4099999999962,7862
28.4099999999962,8562
28.4099999999962,8814
28.4099999999962,9064
28.4099999999962,9212
28.4099999999962,9274
28.4099999999962,8736
28.4099999999962,7970
28.4099999999962,7396
28.4099999999962,6738
28.4569999999949,6616
28.4569999999949,7038
28.4569999999949,7796
28.4569999999949,7710
28.4569999999949,8192
28.4569999999949,7390
28.4569999999949,6812
28.4569999999949,6538
28.4569999999949,7046
28.5049999999974,7602
28.5049999999974,8464
28.5049999999974,8654
28.5049999999974,8952
28.5049999999974,9104
28.5049999999974,9284
28.5049999999974,9100
28.5049999999974,8372
28.5049999999974,7762
28.5049999999974,6394
28.5509999999995,6246
28.5509999999995,7140
28.5509999999995,7664
28.5509999999995,7714
28.5509999999995,8192
28.5509999999995,7668
28.5509999999995,7180
28.5509999999995,5842
28.5509999999995,6062
28.5989999999947,7484
28.5989999999947,8142
28.5989999999947,8494
28.5989999999947,8850
28.5989999999947,9084
28.5989999999947,9286
28.5989999999947,9258
28.5989999999947,8706
28.5989999999947,7894
28.6460000000006,7318
28.6460000000006,6784
28.6460000000006,6082
28.6460000000006,7078
28.6460000000006,7852
28.6460000000006,7680
28.6460000000006,8186
28.6460000000006,7236
28.6460000000006,6564
28.6939999999959,6584
28.6939999999959,7222
28.6939999999959,7652
28.6939999999959,8510
28.6939999999959,8638
28.6939999999959,8936
28.6939999999959,9070
28.6939999999959,9296
28.6939999999959,9100
28.6939999999959,8356
28.7409999999945,7754
28.7409999999945,6364
28.7409999999945,6242
28.7409999999945,7150
28.7409999999945,7662
28.7409999999945,7698
28.7409999999945,8186
28.7409999999945,7618
28.7409999999945,7284
28.7409999999945,5830
28.7880000000005,6088
28.7880000000005,7510
28.7880000000005,8188
28.7880000000005,8546
28.7880000000005,8878
28.7880000000005,9090
28.7880000000005,9274
28.7880000000005,9248
28.7880000000005,8694
28.8349999999991,7872
28.8349999999991,7292
28.8349999999991,6458
28.8349999999991,6068
28.8349999999991,7064
28.8349999999991,7872
28.8349999999991,7684
28.8349999999991,8198
28.8349999999991,7262
28.8829999999944,6594
28.8829999999944,6596
28.8829999999944,7210
28.8829999999944,7592
28.8829999999944,8422
28.8829999999944,8644
28.8829999999944,8950
28.8829999999944,9104
28.8829999999944,9346
28.9300000000003,9186
28.9300000000003,8552
28.9300000000003,7888
28.9300000000003,6842
28.9300000000003,6594
28.9300000000003,7074
28.9300000000003,7120
28.9300000000003,7792
28.9300000000003,7662
28.9300000000003,8152
28.976999999999,7360
28.976999999999,6128
28.976999999999,6196
28.976999999999,7600
28.976999999999,7760
28.976999999999,8648
28.976999999999,8766
28.976999999999,9050
28.976999999999,9156
29.0239999999976,9342
29.0239999999976,9112
29.0239999999976,8356
29.0239999999976,7754
29.0239999999976,6360
29.0239999999976,6222
29.0239999999976,7164
29.0239999999976,7668
29.0239999999976,7710
29.0239999999976,8198
29.0720000000001,7652
29.0720000000001,7166
29.0720000000001,5842
29.0720000000001,6078
29.0720000000001,7490
29.0720000000001,8166
29.0720000000001,8516
29.0720000000001,8844
29.0720000000001,9060
29.1189999999988,9284
29.1189999999988,9202
29.1189999999988,8606
29.1189999999988,7750
29.1189999999988,7068
29.1189999999988,6780
29.1189999999988,6682
29.1189999999988,7020
29.1189999999988,7740
29.1659999999974,7632
29.1659999999974,8152
29.1659999999974,7264
29.1659999999974,6200
29.1659999999974,6216
29.1659999999974,7524
29.1659999999974,7720
29.1659999999974,8608
29.1659999999974,8732
29.2139999999999,8962
29.2139999999999,9168
29.2139999999999,9266
29.2139999999999,8710
29.2139999999999,8042
29.2139999999999,7508
29.2139999999999,6596
29.2139999999999,6144
29.2139999999999,7062
29.2139999999999,7852
29.2609999999986,7664
29.2609999999986,8182
29.2609999999986,7150
29.2609999999986,6904
29.2609999999986,6492
29.2609999999986,6986
29.2609999999986,7576
29.2609999999986,8422
29.2609999999986,8608
29.2609999999986,8900
29.3079999999973,9130
29.3079999999973,9204
29.3079999999973,8684
29.3079999999973,7898
29.3079999999973,7340
29.3079999999973,6750
29.3079999999973,6076
29.3079999999973,7078
29.3079999999973,7816
29.3549999999959,7662
29.3549999999959,8172
29.3549999999959,7252
29.3549999999959,6600
29.3549999999959,6590
29.3549999999959,7200
29.3549999999959,7626
29.3549999999959,8402
29.3549999999959,8606
29.3549999999959,8906
29.4029999999984,9048
29.4029999999984,9266
29.4029999999984,8874
29.4029999999984,8142
29.4029999999984,7618
29.4029999999984,6160
29.4029999999984,6072
29.4029999999984,7082
29.4499999999971,7786
29.4499999999971,7658
29.4499999999971,8156
29.4499999999971,7524
29.4499999999971,7038
29.4499999999971,6422
29.4499999999971,6862
29.4499999999971,7572
29.4499999999971,8402
29.4499999999971,8612
29.4979999999996,8920
29.4979999999996,9040
29.4979999999996,9300
29.4979999999996,9100
29.4979999999996,8268
29.4979999999996,7684
29.4979999999996,6534
29.4979999999996,6338
29.4979999999996,7200
29.5449999999983,7524
29.5449999999983,7664
29.5449999999983,8150
29.5449999999983,7642
29.5449999999983,7164
29.5449999999983,6104
29.5449999999983,6626
29.5449999999983,7544
29.5449999999983,8160
29.5449999999983,8514
29.5919999999969,8834
29.5919999999969,9032
29.5919999999969,9294
29.5919999999969,9142
29.5919999999969,8504
29.5919999999969,7868
29.5919999999969,6764
29.5919999999969,6446
29.5919999999969,7100
29.6389999999956,7288
29.6389999999956,7690
29.6389999999956,7608
29.6389999999956,7832
29.6389999999956,7324
29.6389999999956,5944
29.6389999999956,6102
29.6389999999956,7406
29.6389999999956,7828
29.6389999999956,8454
29.6860000000015,8788
29.6860000000015,9018
29.6860000000015,9250
29.6860000000015,9182
29.6860000000015,8686
29.6860000000015,7900
29.6860000000015,7320
29.6860000000015,6740
29.7330000000002,6756
29.7330000000002,7048
29.7330000000002,7760
29.7330000000002,7680
29.7330000000002,8202
29.7330000000002,7130
29.7330000000002,6360
29.7330000000002,6554
29.7330000000002,7088
29.7330000000002,7626
29.7799999999988,8470
29.7799999999988,8658
29.7799999999988,8968
29.7799999999988,9090
29.7799999999988,9322
29.7799999999988,9140
29.7799999999988,8442
29.7799999999988,7832
29.7799999999988,6534
29.8280000000013,6360
29.8280000000013,6996
29.8280000000013,7036
29.8280000000013,7754
29.8280000000013,7832
29.8280000000013,7888
29.8280000000013,7314
29.8280000000013,5948
29.8280000000013,6088
29.8280000000013,7446
29.875,7862
29.875,8598
29.875,8726
29.875,8992
29.875,9202
29.875,9240
29.875,8714
29.875,7966
29.875,7400
29.9219999999987,6720
29.9219999999987,6548
29.9219999999987,7068
29.9219999999987,7822
29.9219999999987,7704
29.9219999999987,8212
29.9219999999987,7474
29.9219999999987,6980
29.9219999999987,6488
29.9219999999987,6960
29.9700000000012,7616
29.9700000000012,8434
29.9700000000012,8650
29.9700000000012,8956
29.9700000000012,9120
29.9700000000012,9346
29.9700000000012,9188
29.9700000000012,8556
29.9700000000012,7854
30.0169999999998,7262
30.0169999999998,6766
30.0169999999998,6806
30.0169999999998,7048
30.0169999999998,7786
30.0169999999998,7684
30.0169999999998,8188
30.0169999999998,7274
30.0169999999998,6262
30.0639999999985,6262
30.0639999999985,7144
30.0639999999985,7632
30.0639999999985,8494
30.0639999999985,8658
30.0639999999985,8972
30.0639999999985,9146
30.0639999999985,9312
30.0639999999985,9106
30.0639999999985,8274
30.112000000001,7680
30.112000000001,6252
30.112000000001,6150
30.112000000001,7136
30.112000000001,7580
30.112000000001,7716
30.112000000001,8156
30.112000000001,7746
30.112000000001,7258
30.1589999999997,5836
30.1589999999997,6134
30.1589999999997,7526
30.1589999999997,8288
30.1589999999997,8572
30.1589999999997,8874
30.1589999999997,9076
30.1589999999997,9302
30.1589999999997,9264
30.1589999999997,8742
30.2059999999983,7996
30.2059999999983,7418
30.2059999999983,6708
30.2059999999983,6440
30.2059999999983,7036
30.2059999999983,7806
30.2059999999983,7668
30.2059999999983,8180
30.2059999999983,7108
30.252999999997,6402
30.252999999997,6524
30.252999999997,7022
30.252999999997,7618
30.252999999997,8454
30.252999999997,8654
30.252999999997,8962
30.252999999997,9084
30.252999999997,9310
30.2999999999956,9104
30.2999999999956,8382
30.2999999999956,7776
30.2999999999956,6430
30.2999999999956,6494
30.2999999999956,7092
30.2999999999956,7242
30.2999999999956,7724
30.2999999999956,8032
30.3469999999943,7828
30.3469999999943,7278
30.3469999999943,5820
30.3469999999943,6036
30.3469999999943,7482
30.3469999999943,8162
30.3469999999943,8706
30.3469999999943,8786
30.3469999999943,9048
30.3469999999943,9270
30.3949999999968,9296
30.3949999999968,8680
30.3949999999968,8120
30.3949999999968,7616
30.3949999999968,6288
30.3949999999968,6062
30.3949999999968,7062
30.3949999999968,7684
30.3949999999968,7690
30.4419999999955,8166
30.4419999999955,7490
30.4419999999955,6992
30.4419999999955,6436
30.4419999999955,6914
30.4419999999955,7582
30.4419999999955,8424
30.4419999999955,8628
30.4419999999955,8926
30.4419999999955,9044
30.4890000000014,9294
30.4890000000014,9076
30.4890000000014,8468
30.4890000000014,7854
30.4890000000014,6626
30.4890000000014,6432
30.4890000000014,7206
30.4890000000014,7472
30.4890000000014,7720
30.5360000000001,8134
30.5360000000001,7790
30.5360000000001,7264
30.5360000000001,5816
30.5360000000001,6078
30.5360000000001,7372
30.5360000000001,7796
30.5360000000001,8658
30.5360000000001,8792
30.5829999999987,9050
30.5829999999987,9188
30.5829999999987,9240
30.5829999999987,8714
30.5829999999987,7940
30.5829999999987,7372
30.5829999999987,6740
30.5829999999987,6638
30.5829999999987,7084
30.5829999999987,7792
30.6310000000012,7700
30.6310000000012,8166
30.6310000000012,7350
30.6310000000012,6786
30.6310000000012,6550
30.6310000000012,7072
30.6310000000012,7606
30.6310000000012,8468
30.6310000000012,8658
30.6779999999999,8904
30.6779999999999,9094
30.6779999999999,9342
30.6779999999999,9202
30.6779999999999,8586
30.6779999999999,7812
30.6779999999999,6992
30.6779999999999,6802
30.6779999999999,6992
30.7249999999985,7038
30.7249999999985,7762
30.7249999999985,7694
30.7249999999985,7874
30.7249999999985,7160
30.7249999999985,6292
30.7249999999985,6288
30.7249999999985,7418
30.7249999999985,7720
30.7249999999985,8588
30.7719999999972,8740
30.7719999999972,9038
30.7719999999972,9208
30.7719999999972,9356
30.7719999999972,9126
30.7719999999972,8412
30.7719999999972,7868
30.7719999999972,6802
30.7719999999972,6560
30.8199999999997,7072
30.8199999999997,7114
30.8199999999997,7734
30.8199999999997,8002
30.8199999999997,7864
30.8199999999997,7294
30.8199999999997,5882
30.8199999999997,6078
30.8199999999997,7580
30.8659999999945,7754
30.8659999999945,8634
30.8659999999945,8766
30.8659999999945,9050
30.8659999999945,9178
30.8659999999945,9312
30.8659999999945,8956
30.8659999999945,8228
30.8659999999945,7638
30.8659999999945,6210
30.913999999997,6108
30.913999999997,7144
30.913999999997,7602
30.913999999997,7724
30.913999999997,8176
30.913999999997,7720
30.913999999997,7246
30.913999999997,5856
30.913999999997,6160
30.9609999999957,7498
30.9609999999957,8306
30.9609999999957,8572
30.9609999999957,8850
30.9609999999957,9038
30.9609999999957,9266
30.9609999999957,9176
30.9609999999957,8572
30.9609999999957,7780
30.9609999999957,6970
31.0079999999944,6800
31.0079999999944,6990
31.0079999999944,7046
31.0079999999944,7766
31.0079999999944,7690
31.0079999999944,7864
31.0079999999944,7330
31.0079999999944,6288
31.0079999999944,6232
31.0550000000003,7408
31.0550000000003,7730
31.0550000000003,8588
31.0550000000003,8740
31.0550000000003,9028
31.0550000000003,9194
31.0550000000003,9322
31.0550000000003,9096
31.0550000000003,8324
31.1029999999955,7714
31.1029999999955,6318
31.1029999999955,6420
31.1029999999955,7202
31.1029999999955,7452
31.1029999999955,7708
31.1029999999955,8106
31.1029999999955,7772
31.1029999999955,7248
31.1489999999976,5816
31.1489999999976,6078
31.1489999999976,7478
31.1489999999976,8222
31.1489999999976,8542
31.1489999999976,8776
31.1489999999976,9018
31.1489999999976,9238
31.1489999999976,9192
31.1489999999976,8624
31.1970000000001,7746
31.1970000000001,7150
31.1970000000001,6754
31.1970000000001,6872
31.1970000000001,7000
31.1970000000001,7736
31.1970000000001,7582
31.1970000000001,7844
31.1970000000001,7078
31.2439999999988,6262
31.2439999999988,6240
31.2439999999988,7402
31.2439999999988,7664
31.2439999999988,8552
31.2439999999988,8694
31.2439999999988,8950
31.2439999999988,9182
31.2439999999988,9172
31.2439999999988,8608
31.2920000000013,7720
31.2920000000013,7392
31.2920000000013,6688
31.2920000000013,6476
31.2920000000013,7042
31.2920000000013,7826
31.2920000000013,7678
31.2920000000013,8192
31.2920000000013,7166
31.2920000000013,6482
31.3389999999999,6514
31.3389999999999,7268
31.3389999999999,7638
31.3389999999999,8406
31.3389999999999,8614
31.3389999999999,8916
31.3389999999999,9024
31.3389999999999,9274
31.3859999999986,9068
31.3859999999986,8304
31.3859999999986,7698
31.3859999999986,6292
31.3859999999986,6174
31.3859999999986,7144
31.3859999999986,7694
31.3859999999986,7746
31.3859999999986,8110
31.3859999999986,7874
31.4340000000011,7308
31.4340000000011,5912
31.4340000000011,6082
31.4340000000011,7448
31.4340000000011,7946
31.4340000000011,8398
31.4340000000011,8808
31.4340000000011,9044
31.4340000000011,9248
31.4809999999998,9228
31.4809999999998,8612
31.4809999999998,8120
31.4809999999998,7606
31.4809999999998,6196
31.4809999999998,6056
31.4809999999998,7078
31.4809999999998,7812
31.4809999999998,7710
31.4809999999998,8176
31.5279999999984,7396
31.5279999999984,6872
31.5279999999984,6514
31.5279999999984,6498
31.5279999999984,7518
31.5279999999984,8326
31.5279999999984,8572
31.5279999999984,8858
31.5279999999984,9048
31.5749999999971,9300
31.5749999999971,9146
31.5749999999971,8510
31.5749999999971,7848
31.5749999999971,6766
31.5749999999971,6534
31.5749999999971,7052
31.5749999999971,7028
31.5749999999971,7766
31.5749999999971,7638
31.6229999999996,8140
31.6229999999996,7354
31.6229999999996,6154
31.6229999999996,6186
31.6229999999996,7540
31.6229999999996,7724
31.6229999999996,8606
31.6229999999996,8668
31.6229999999996,8968
31.6699999999983,9084
31.6699999999983,9302
31.6699999999983,9084
31.6699999999983,8342
31.6699999999983,7726
31.6699999999983,6376
31.6699999999983,6240
31.6699999999983,7120
31.6699999999983,7622
31.7169999999969,7678
31.7169999999969,8152
31.7169999999969,7792
31.7169999999969,7238
31.7169999999969,5816
31.7169999999969,6072
31.7169999999969,7462
31.7169999999969,8142
31.7169999999969,8484
31.7649999999994,8824
31.7649999999994,9044
31.7649999999994,9244
31.7649999999994,9188
31.7649999999994,8622
31.7649999999994,7750
31.7649999999994,7146
31.7649999999994,6658
31.7649999999994,6288
31.7649999999994,7046
31.8119999999981,7834
31.8119999999981,7678
31.8119999999981,8172
31.8119999999981,7160
31.8119999999981,6498
31.8119999999981,6534
31.8119999999981,7254
31.8119999999981,7580
31.8119999999981,8388
31.8589999999967,8606
31.8589999999967,8906
31.8589999999967,9040
31.8589999999967,9286
31.8589999999967,9094
31.8589999999967,8396
31.8589999999967,7780
31.8589999999967,6472
31.8589999999967,6314
31.8589999999967,7146
31.9059999999954,7546
31.9059999999954,7688
31.9059999999954,7934
31.9059999999954,7808
31.9059999999954,7226
31.9059999999954,5814
31.9059999999954,6050
31.9059999999954,7448
31.9059999999954,8098
31.9530000000013,8460
31.9530000000013,8796
31.9530000000013,9008
31.9530000000013,9260
31.9530000000013,9188
31.9530000000013,8638
31.9530000000013,7802
31.9530000000013,7200
31.9530000000013,6740
32.0009999999966,6802
32.0009999999966,6982
32.0009999999966,7724
32.0009999999966,7582
32.0009999999966,7998
32.0009999999966,7330
32.0009999999966,6396
32.0009999999966,6402
32.0009999999966,7294
32.0009999999966,7608
32.0479999999952,8494
32.0479999999952,8658
32.0479999999952,8932
32.0479999999952,9188
32.0479999999952,9194
32.0479999999952,8684
32.0479999999952,7946
32.0479999999952,7372
32.0479999999952,6158
32.0950000000012,6082
32.0950000000012,7056
32.0950000000012,7716
32.0950000000012,7628
32.0950000000012,8104
32.0950000000012,7248
32.0950000000012,6658
32.0950000000012,6560
32.0950000000012,7110
32.1419999999998,7582
32.1419999999998,8334
32.1419999999998,8566
32.1419999999998,8860
32.1419999999998,8992
32.1419999999998,9238
32.1419999999998,9044
32.1419999999998,8202
32.1419999999998,7612
32.1419999999998,6212
32.1899999999951,6118
32.1899999999951,7084
32.1899999999951,7678
32.1899999999951,7642
32.1899999999951,8114
32.1899999999951,7612
32.1899999999951,7128
32.1899999999951,6078
32.1899999999951,6548
32.237000000001,7500
32.237000000001,8274
32.237000000001,8536
32.237000000001,8814
32.237000000001,8966
32.237000000001,9224
32.237000000001,9028
32.237000000001,8228
32.237000000001,7780
32.2829999999958,6528
32.2829999999958,6350
32.2829999999958,7182
32.2829999999958,7482
32.2829999999958,7632
32.2829999999958,8090
32.2829999999958,7618
32.2829999999958,7128
32.2829999999958,6046
32.2829999999958,6530
32.3299999999945,7432
32.3299999999945,8084
32.3299999999945,8454
32.3299999999945,8766
32.3299999999945,8968
32.3299999999945,9230
32.3299999999945,9064
32.3299999999945,8382
32.3299999999945,7776
32.3770000000004,6502
32.3770000000004,6318
32.3770000000004,7164
32.3770000000004,7514
32.3770000000004,7680
32.3770000000004,7894
32.3770000000004,7816
32.3770000000004,7228
32.3770000000004,5850
32.4249999999956,6058
32.4249999999956,7458
32.4249999999956,7962
32.4249999999956,8350
32.4249999999956,8778
32.4249999999956,9012
32.4249999999956,9248
32.4249999999956,9238
32.4249999999956,8684
32.4249999999956,8064
32.4719999999943,7556
32.4719999999943,6334
32.4719999999943,6036
32.4719999999943,7042
32.4719999999943,7808
32.4719999999943,7668
32.4719999999943,8152
32.4719999999943,7258
32.4719999999943,6682
32.5190000000002,6412
32.5190000000002,6842
32.5190000000002,7570
32.5190000000002,8336
32.5190000000002,8578
32.5190000000002,8880
32.5190000000002,9050
32.5190000000002,9290
32.5190000000002,9126
32.5659999999989,8506
32.5659999999989,7848
32.5659999999989,6776
32.5659999999989,6538
32.5659999999989,6848
32.5659999999989,7032
32.5659999999989,7762
32.5659999999989,7652
32.5659999999989,8160
32.5659999999989,7278
32.6140000000014,6206
32.6140000000014,6256
32.6140000000014,7462
32.6140000000014,7664
32.6140000000014,8448
32.6140000000014,8632
32.6140000000014,8936
32.6140000000014,9110
32.6140000000014,9276
32.6610000000001,9068
32.6610000000001,8296
32.6610000000001,7680
32.6610000000001,6308
32.6610000000001,6184
32.6610000000001,7114
32.6610000000001,7642
32.6610000000001,7688
32.6610000000001,8150
32.6610000000001,7772
32.7079999999987,7228
32.7079999999987,5822
32.7079999999987,6082
32.7079999999987,7510
32.7079999999987,8150
32.7079999999987,8470
32.7079999999987,8822
32.7079999999987,9034
32.7079999999987,9238
32.7560000000012,9208
32.7560000000012,8680
32.7560000000012,8126
32.7560000000012,7592
32.7560000000012,6140
32.7560000000012,6082
32.7560000000012,7072
32.7560000000012,7756
32.7560000000012,7664
32.8039999999964,8130
32.8039999999964,7318
32.8039999999964,6754
32.8039999999964,6554
32.8039999999964,6750
32.8039999999964,7560
32.8039999999964,8320
32.8039999999964,8560
32.8039999999964,8850
32.8039999999964,9012
32.8509999999951,9228
32.8509999999951,9060
32.8509999999951,8398
32.8509999999951,7772
32.8509999999951,6540
32.8509999999951,6360
32.8509999999951,7212
32.8509999999951,7020
32.8509999999951,7730
32.898000000001,7622
32.898000000001,7842
32.898000000001,7330
32.898000000001,5984
32.898000000001,6180
32.898000000001,7508
32.898000000001,7674
32.898000000001,8634
32.898000000001,8710
32.898000000001,8976
32.9449999999997,9058
32.9449999999997,9238
32.9449999999997,8614
32.9449999999997,8116
32.9449999999997,7572
32.9449999999997,6124
32.9449999999997,6066
32.9449999999997,7078
32.9449999999997,7750
32.9929999999949,7684
32.9929999999949,8150
32.9929999999949,7418
32.9929999999949,6884
32.9929999999949,5924
32.9929999999949,6272
32.9929999999949,7518
32.9929999999949,8274
32.9929999999949,8524
32.9929999999949,8824
33.0400000000009,9012
33.0400000000009,9250
33.0400000000009,9106
33.0400000000009,8490
33.0400000000009,7816
33.0400000000009,6790
33.0400000000009,6576
33.0400000000009,6796
33.0869999999995,6976
33.0869999999995,7700
33.0869999999995,7570
33.0869999999995,8022
33.0869999999995,7304
33.0869999999995,6050
33.0869999999995,6134
33.0869999999995,7544
33.0869999999995,7678
33.0869999999995,8464
33.1339999999982,8634
33.1339999999982,8922
33.1339999999982,9014
33.1339999999982,9222
33.1339999999982,8572
33.1339999999982,8098
33.1339999999982,7576
33.1339999999982,6118
33.1339999999982,6052
33.1820000000007,7052
33.1820000000007,7746
33.1820000000007,7654
33.1820000000007,8136
33.1820000000007,7572
33.1820000000007,7082
33.1820000000007,6272
33.1820000000007,6678
33.1820000000007,7524
33.1820000000007,8288
33.2299999999959,8540
33.2299999999959,8838
33.2299999999959,9002
33.2299999999959,9234
33.2299999999959,9068
33.2299999999959,8396
33.2299999999959,7792
33.2299999999959,6882
33.2299999999959,6750
33.2299999999959,6982
33.2769999999946,6990
33.2769999999946,7700
33.2769999999946,7740
33.2769999999946,7826
33.2769999999946,7242
33.2769999999946,5918
33.2769999999946,6088
33.2769999999946,7446
33.2769999999946,7664
33.3240000000005,8550
33.3240000000005,8684
33.3240000000005,8956
33.3240000000005,9156
33.3240000000005,9224
33.3240000000005,8622
33.3240000000005,8078
33.3240000000005,7582
33.3240000000005,6190
33.3709999999992,6066
33.3709999999992,7036
33.3709999999992,7606
33.3709999999992,7644
33.3709999999992,8120
33.3709999999992,7490
33.3709999999992,6996
33.3709999999992,6406
33.3709999999992,6842
33.4179999999978,7556
33.4179999999978,8346
33.4179999999978,8568
33.4179999999978,8864
33.4179999999978,9004
33.4179999999978,9230
33.4179999999978,9132
33.4179999999978,8540
33.4179999999978,7704
33.4179999999978,7010
33.4660000000003,6774
33.4660000000003,6914
33.4660000000003,6986
33.4660000000003,7700
33.4660000000003,7580
33.4660000000003,7798
33.4660000000003,7108
33.4660000000003,6246
33.4660000000003,6230
33.5139999999956,7390
33.5139999999956,7636
33.5139999999956,8516
33.5139999999956,8664
33.5139999999956,8946
33.5139999999956,9110
33.5139999999956,9228
33.5139999999956,8576
33.5139999999956,8094
33.5139999999956,7580
33.5599999999977,6140
33.5599999999977,6200
33.5599999999977,7098
33.5599999999977,7596
33.5599999999977,7642
33.5599999999977,8106
33.5599999999977,7500
33.5599999999977,7006
33.5599999999977,6380
33.6080000000002,6806
33.6080000000002,7540
33.6080000000002,8208
33.6080000000002,8506
33.6080000000002,8814
33.6080000000002,9014
33.6080000000002,9260
33.6080000000002,9152
33.6080000000002,8560
33.6549999999988,7698
33.6549999999988,7028
33.6549999999988,6756
33.6549999999988,6910
33.6549999999988,6990
33.6549999999988,7678
33.6549999999988,7626
33.6549999999988,8114
33.6549999999988,7064
33.7030000000013,6262
33.7030000000013,6298
33.7030000000013,7372
33.7030000000013,7632
33.7030000000013,8510
33.7030000000013,8650
33.7030000000013,8922
33.7030000000013,9032
33.7030000000013,9224
33.7030000000013,9038
33.75,8326
33.75,7724
33.75,6416
33.75,6252
33.75,7072
33.75,7508
33.75,7606
33.75,8078
33.75,7536
33.7969999999987,7048
33.7969999999987,6246
33.7969999999987,6036
33.7969999999987,7446
33.7969999999987,8114
33.7969999999987,8448
33.7969999999987,8772
33.7969999999987,8982
33.7969999999987,9230
33.7969999999987,9116
33.8439999999973,8524
33.8439999999973,7694
33.8439999999973,6980
33.8439999999973,6712
33.8439999999973,6638
33.8439999999973,6982
33.8439999999973,7668
33.8439999999973,7628
33.8439999999973,8100
33.890999999996,7052
33.890999999996,6252
33.890999999996,6288
33.890999999996,7346
33.890999999996,7554
33.890999999996,8376
33.890999999996,8566
33.890999999996,8868
33.890999999996,8994
33.9389999999985,9234
33.9389999999985,9034
33.9389999999985,8222
33.9389999999985,7628
33.9389999999985,6242
33.9389999999985,6144
33.9389999999985,7082
33.9389999999985,7632
33.9389999999985,7648
33.9389999999985,8090
33.9859999999971,7674
33.9859999999971,7166
33.9859999999971,5794
33.9859999999971,6104
33.9859999999971,7488
33.9859999999971,8218
33.9859999999971,8496
33.9859999999971,8788
33.9859999999971,8988
34.0329999999958,9238
34.0329999999958,9084
34.0329999999958,8460
34.0329999999958,7716
34.0329999999958,7130
34.0329999999958,6730
34.0329999999958,6816
34.0329999999958,6986
34.0329999999958,7716
34.0329999999958,7600
34.0809999999983,8052
34.0809999999983,7314
34.0809999999983,6078
34.0809999999983,6150
34.0809999999983,7246
34.0809999999983,7590
34.0809999999983,8442
34.0809999999983,8624
34.0809999999983,8916
34.127999999997,9084
34.127999999997,9238
34.127999999997,9048
34.127999999997,8222
34.127999999997,7626
34.127999999997,6242
34.127999999997,6148
34.127999999997,7182
34.127999999997,7458
34.1749999999956,7638
34.1749999999956,8078
34.1749999999956,7664
34.1749999999956,7154
34.1749999999956,5790
34.1749999999956,6102
34.1749999999956,7474
34.1749999999956,8222
34.1749999999956,8494
34.2229999999981,8792
34.2229999999981,8952
34.2229999999981,9176
34.2229999999981,9112
34.2229999999981,8560
34.2229999999981,7674
34.2229999999981,7074
34.2229999999981,6720
34.2229999999981,6866
34.2229999999981,7000
34.2699999999968,7730
34.2699999999968,7618
34.2699999999968,8114
34.2699999999968,7318
34.2699999999968,6548
34.2699999999968,6564
34.2699999999968,7170
34.2699999999968,7600
34.2699999999968,8434
34.3169999999955,8618
34.3169999999955,8940
34.3169999999955,9060
34.3169999999955,9280
34.3169999999955,9106
34.3169999999955,8478
34.3169999999955,7716
34.3169999999955,7120
34.3169999999955,6720
34.3169999999955,6832
34.3640000000014,7002
34.3640000000014,7730
34.3640000000014,7642
34.3640000000014,8116
34.3640000000014,7284
34.3640000000014,6144
34.3640000000014,6566
34.3640000000014,7136
34.3640000000014,7592
34.3640000000014,8438
34.4119999999966,8612
34.4119999999966,8940
34.4119999999966,9058
34.4119999999966,9280
34.4119999999966,9110
34.4119999999966,8464
34.4119999999966,7828
34.4119999999966,6674
34.4119999999966,6744
34.4589999999953,6892
34.4589999999953,6996
34.4589999999953,7724
34.4589999999953,7590
34.4589999999953,7894
34.4589999999953,7310
34.4589999999953,5980
34.4589999999953,6138
34.4589999999953,7494
34.5069999999978,7628
34.5069999999978,8480
34.5069999999978,8638
34.5069999999978,8940
34.5069999999978,9038
34.5069999999978,9240
34.5069999999978,8956
34.5069999999978,8186
34.5069999999978,7600
34.5539999999964,6200
34.5539999999964,6112
34.5539999999964,7072
34.5539999999964,7664
34.5539999999964,7642
34.5539999999964,8098
34.5539999999964,7632
34.5539999999964,7124
34.5539999999964,5846
34.5539999999964,6194
34.6009999999951,7482
34.6009999999951,8242
34.6009999999951,8496
34.6009999999951,8804
34.6009999999951,8982
34.6009999999951,9234
34.6009999999951,9068
34.6009999999951,8540
34.6009999999951,7674
34.648000000001,7020
34.648000000001,6754
34.648000000001,6908
34.648000000001,6992
34.648000000001,7704
34.648000000001,7570
34.648000000001,7862
34.648000000001,7294
34.648000000001,5960
34.648000000001,6354
34.6959999999963,7308
34.6959999999963,7602
34.6959999999963,8464
34.6959999999963,8622
34.6959999999963,8932
34.6959999999963,9038
34.6959999999963,9240
34.6959999999963,8976
34.6959999999963,8198
34.7429999999949,7612
34.7429999999949,6222
34.7429999999949,6128
34.7429999999949,7150
34.7429999999949,7508
34.7429999999949,7648
34.7429999999949,8094
34.7429999999949,7654
34.7429999999949,7140
34.7900000000009,5822
34.7900000000009,6150
34.7900000000009,7482
34.7900000000009,8244
34.7900000000009,8504
34.7900000000009,8746
34.7900000000009,8956
34.7900000000009,9198
34.7900000000009,9110
34.7900000000009,8520
34.8369999999995,7770
34.8369999999995,6918
34.8369999999995,6756
34.8369999999995,6954
34.8369999999995,6974
34.8369999999995,7680
34.8369999999995,7734
34.8369999999995,7826
34.8369999999995,7212
34.8849999999948,6160
34.8849999999948,6222
34.8849999999948,7416
34.8849999999948,7618
34.8849999999948,8514
34.8849999999948,8648
34.8849999999948,8904
34.8849999999948,9142
34.8849999999948,9096
34.8849999999948,8496
34.9320000000007,7720
34.9320000000007,6914
34.9320000000007,6702
34.9320000000007,6704
34.9320000000007,6992
34.9320000000007,7690
34.9320000000007,7688
34.9320000000007,8198
34.9320000000007,7150
34.9789999999994,6312
34.9789999999994,6374
34.9789999999994,7408
34.9789999999994,7606
34.9789999999994,8454
34.9789999999994,8632
34.9789999999994,8930
34.9789999999994,9168
34.9789999999994,9212
35.025999999998,8690
35.025999999998,7908
35.025999999998,7344
35.025999999998,6774
35.025999999998,6748
35.025999999998,7022
35.025999999998,7720
35.025999999998,7628
35.025999999998,8150
35.0729999999967,7144
35.0729999999967,6442
35.0729999999967,6452
35.0729999999967,7330
35.0729999999967,7636
35.0729999999967,8530
35.0729999999967,8668
35.0729999999967,8926
35.0729999999967,9176
35.0729999999967,9126
35.1209999999992,8504
35.1209999999992,7854
35.1209999999992,6780
35.1209999999992,6784
35.1209999999992,6882
35.1209999999992,7020
35.1209999999992,7744
35.1209999999992,7596
35.1209999999992,7838
35.1670000000013,7310
35.1670000000013,5950
35.1670000000013,6118
35.1670000000013,7432
35.1670000000013,7798
35.1670000000013,8576
35.1670000000013,8696
35.1670000000013,8930
35.1670000000013,9212
35.1670000000013,9080
35.2149999999965,8402
35.2149999999965,7808
35.2149999999965,6528
35.2149999999965,6358
35.2149999999965,7210
35.2149999999965,7562
35.2149999999965,7708
35.2149999999965,7980
35.2149999999965,7790
35.2619999999952,7236
35.2619999999952,5820
35.2619999999952,6076
35.2619999999952,7478
35.2619999999952,8196
35.2619999999952,8516
35.2619999999952,8814
35.2619999999952,8978
35.2619999999952,9244
35.3090000000011,9040
35.3090000000011,8196
35.3090000000011,7776
35.3090000000011,6436
35.3090000000011,6292
35.3090000000011,7130
35.3090000000011,7596
35.3090000000011,7664
35.3090000000011,8134
35.3559999999998,7524
35.3559999999998,7026
35.3559999999998,6436
35.3559999999998,6122
35.3559999999998,7504
35.3559999999998,8294
35.3559999999998,8550
35.3559999999998,8844
35.3559999999998,8986
35.3559999999998,9238
35.4029999999984,8914
35.4029999999984,8162
35.4029999999984,7612
35.4029999999984,6158
35.4029999999984,6102
35.4029999999984,7134
35.4029999999984,7632
35.4029999999984,7674
35.4029999999984,8152
35.4499999999971,7536
35.4499999999971,7028
35.4499999999971,6436
35.4499999999971,6882
35.4499999999971,7572
35.4499999999971,8402
35.4499999999971,8602
35.4499999999971,8910
35.4499999999971,9012
35.4499999999971,9264
35.4979999999996,9068
35.4979999999996,8316
35.4979999999996,7710
35.4979999999996,6328
35.4979999999996,6204
35.4979999999996,7124
35.4979999999996,7644
35.4979999999996,7668
35.4979999999996,8146
35.5449999999983,7472
35.5449999999983,6950
35.5449999999983,5866
35.5449999999983,6240
35.5449999999983,7514
35.5449999999983,8304
35.5449999999983,8560
35.5449999999983,8860
35.5449999999983,9032
35.5930000000008,9284
35.5930000000008,9110
35.5930000000008,8386
35.5930000000008,7776
35.5930000000008,6422
35.5930000000008,6468
35.5930000000008,7120
35.5930000000008,7252
35.5930000000008,7734
35.6399999999994,8070
35.6399999999994,7806
35.6399999999994,7258
35.6399999999994,5840
35.6399999999994,6102
35.6399999999994,7504
35.6399999999994,8206
35.6399999999994,8612
35.6399999999994,8786
35.6399999999994,9004
35.6879999999946,9254
35.6879999999946,9136
35.6879999999946,8504
35.6879999999946,7878
35.6879999999946,6728
35.6879999999946,6472
35.6879999999946,7146
35.6879999999946,7318
35.6879999999946,7730
35.6879999999946,8094
35.7350000000006,7796
35.7350000000006,7336
35.7350000000006,5968
35.7350000000006,6118
35.7350000000006,7422
35.7350000000006,7772
35.7350000000006,8474
35.7350000000006,8778
35.7350000000006,8992
35.7819999999992,9264
35.7819999999992,9112
35.7819999999992,8454
35.7819999999992,7844
35.7819999999992,6602
35.7819999999992,6820
35.7819999999992,6996
35.7819999999992,7052
35.7819999999992,7762
35.7819999999992,7772
35.8289999999979,7878
35.8289999999979,7288
35.8289999999979,5922
35.8289999999979,6094
35.8289999999979,7482
35.8289999999979,7904
35.8289999999979,8624
35.8289999999979,8750
35.8759999999966,9008
35.8759999999966,9250
35.8759999999966,9234
35.8759999999966,8714
35.8759999999966,7924
35.8759999999966,7354
35.8759999999966,6770
35.8759999999966,6724
35.8759999999966,7026
35.8759999999966,7724
35.9239999999991,7648
35.9239999999991,8170
35.9239999999991,7206
35.9239999999991,6548
35.9239999999991,6560
35.9239999999991,7264
35.9239999999991,7654
35.9239999999991,8516
35.9239999999991,8678
35.9709999999977,8952
35.9709999999977,9178
35.9709999999977,9208
35.9709999999977,8670
35.9709999999977,8068
35.9709999999977,7546
35.9709999999977,6502
35.9709999999977,6104
35.9709999999977,7074
35.9709999999977,7858
36.0179999999964,7680
36.0179999999964,8182
36.0179999999964,7160
36.0179999999964,6476
36.0179999999964,6518
36.0179999999964,7016
36.0179999999964,7600
36.0179999999964,8432
36.0179999999964,8618
36.0649999999951,8920
36.0649999999951,9064
36.0649999999951,9260
36.0649999999951,8660
36.0649999999951,8078
36.0649999999951,7562
36.0649999999951,6442
36.0649999999951,6088
36.0649999999951,7092
36.0649999999951,7716
36.1129999999976,7714
36.1129999999976,8196
36.1129999999976,7524
36.1129999999976,7020
36.1129999999976,6494
36.1129999999976,6944
36.1129999999976,7602
36.1129999999976,8414
36.1129999999976,8614
36.1599999999962,8926
36.1599999999962,9038
36.1599999999962,9286
36.1599999999962,9104
36.1599999999962,8414
36.1599999999962,7818
36.1599999999962,6504
36.1599999999962,6322
36.1599999999962,7176
36.2079999999987,7586
36.2079999999987,7690
36.2079999999987,8162
36.2079999999987,7628
36.2079999999987,7248
36.2079999999987,5822
36.2079999999987,6076
36.2079999999987,7478
36.2079999999987,8186
36.2079999999987,8524
36.2549999999974,8812
36.2549999999974,8978
36.2549999999974,9244
36.2549999999974,9038
36.2549999999974,8186
36.2549999999974,7618
36.2549999999974,6174
36.2549999999974,6262
36.2549999999974,7136
36.3029999999999,7628
36.3029999999999,7690
36.3029999999999,8176
36.3029999999999,7612
36.3029999999999,7110
36.3029999999999,6350
36.3029999999999,6792
36.3029999999999,7580
36.3029999999999,8376
36.3029999999999,8542
36.3499999999985,8858
36.3499999999985,9034
36.3499999999985,9280
36.3499999999985,9122
36.3499999999985,8468
36.3499999999985,7862
36.3499999999985,6656
36.3499999999985,6432
36.3499999999985,7206
36.3969999999972,7464
36.3969999999972,7740
36.3969999999972,7730
36.3969999999972,7852
36.3969999999972,7278
36.3969999999972,5888
36.3969999999972,6056
36.3969999999972,7446
36.3969999999972,8016
36.4439999999959,8448
36.4439999999959,8796
36.4439999999959,8992
36.4439999999959,9254
36.4439999999959,9094
36.4439999999959,8428
36.4439999999959,7822
36.4439999999959,6902
36.4439999999959,6714
36.4919999999984,6992
36.4919999999984,7028
36.4919999999984,7736
36.4919999999984,7874
36.4919999999984,7862
36.4919999999984,7274
36.4919999999984,5866
36.4919999999984,6052
36.4919999999984,7526
36.4919999999984,7704
36.538999999997,8606
36.538999999997,8722
36.538999999997,8988
36.538999999997,9194
36.538999999997,9212
36.538999999997,8684
36.538999999997,7910
36.538999999997,7344
36.538999999997,6734
36.538999999997,6688
36.5869999999995,7032
36.5869999999995,7786
36.5869999999995,7684
36.5869999999995,8166
36.5869999999995,7320
36.5869999999995,6730
36.5869999999995,6580
36.5869999999995,7074
36.5869999999995,7582
36.6339999999982,8448
36.6339999999982,8612
36.6339999999982,8896
36.6339999999982,8994
36.6339999999982,9214
36.6339999999982,8650
36.6339999999982,8012
36.6339999999982,7462
36.6339999999982,6612
36.6809999999969,6196
36.6809999999969,7062
36.6809999999969,7868
36.6809999999969,7694
36.6809999999969,8182
36.6809999999969,7228
36.6809999999969,6996
36.6809999999969,6476
36.6809999999969,6898
36.7289999999994,7576
36.7289999999994,8388
36.7289999999994,8592
36.7289999999994,8904
36.7289999999994,9014
36.7289999999994,9270
36.7289999999994,9076
36.7289999999994,8242
36.7289999999994,7654
36.7289999999994,6246
36.7769999999946,6334
36.7769999999946,7202
36.7769999999946,7562
36.7769999999946,7700
36.7769999999946,8160
36.7769999999946,7730
36.7769999999946,7232
36.7769999999946,5836
36.7769999999946,6144
36.7769999999946,7510
36.8229999999967,8254
36.8229999999967,8408
36.8229999999967,8772
36.8229999999967,8978
36.8229999999967,9234
36.8229999999967,9106
36.8229999999967,8478
36.8229999999967,7852
36.8229999999967,6730
36.8699999999953,6458
36.8699999999953,7100
36.8699999999953,7226
36.8699999999953,7724
36.8699999999953,7658
36.8699999999953,8026
36.8699999999953,7364
36.8699999999953,6094
36.8699999999953,6160
36.9170000000013,7576
36.9170000000013,7716
36.9170000000013,8634
36.9170000000013,8740
36.9170000000013,8992
36.9170000000013,9222
36.9170000000013,9194
36.9170000000013,8664
36.9170000000013,7862
36.9639999999999,7580
36.9639999999999,6334
36.9639999999999,6082
36.9639999999999,7094
36.9639999999999,7826
36.9639999999999,7710
36.9639999999999,8188
36.9639999999999,7336
36.9639999999999,6766
37.0119999999952,6574
37.0119999999952,7120
37.0119999999952,7582
37.0119999999952,8370
37.0119999999952,8608
37.0119999999952,8910
37.0119999999952,9084
37.0119999999952,9316
37.0119999999952,9176
37.0119999999952,8586
37.0590000000011,7744
37.0590000000011,7036
37.0590000000011,6786
37.0590000000011,6954
37.0590000000011,7036
37.0590000000011,7756
37.0590000000011,7710
37.0590000000011,8182
37.0590000000011,7088
37.0590000000011,6386
37.1059999999998,6328
37.1059999999998,7356
37.1059999999998,7698
37.1059999999998,8556
37.1059999999998,8700
37.1059999999998,8988
37.1059999999998,9074
37.1059999999998,9284
37.1059999999998,9090
37.1529999999984,8398
37.1529999999984,7796
37.1529999999984,6484
37.1529999999984,6314
37.1529999999984,7186
37.1529999999984,7596
37.1529999999984,7708
37.1529999999984,8170
37.1529999999984,7726
37.1529999999984,7226
37.2010000000009,5914
37.2010000000009,6082
37.2010000000009,7454
37.2010000000009,7838
37.2010000000009,8526
37.2010000000009,8812
37.2010000000009,9058
37.2010000000009,9240
37.2479999999996,9270
37.2479999999996,8716
37.2479999999996,8094
37.2479999999996,7582
37.2479999999996,6278
37.2479999999996,6168
37.2479999999996,7136
37.2479999999996,7704
37.2479999999996,7720
37.2479999999996,8192
37.2949999999983,7590
37.2949999999983,7088
37.2949999999983,6384
37.2949999999983,6812
37.2949999999983,7560
37.2949999999983,8196
37.2949999999983,8524
37.2949999999983,8828
37.2949999999983,9018
37.3419999999969,9266
37.3419999999969,9132
37.3419999999969,8496
37.3419999999969,7868
37.3419999999969,6754
37.3419999999969,6472
37.3419999999969,7092
37.3419999999969,7160
37.3419999999969,7734
37.3419999999969,7668
37.3899999999994,8080
37.3899999999994,7350
37.3899999999994,6092
37.3899999999994,6158
37.3899999999994,7554
37.3899999999994,7726
37.3899999999994,8634
37.3899999999994,8730
37.3899999999994,8976
37.4369999999981,9238
37.4369999999981,9168
37.4369999999981,8690
37.4369999999981,7970
37.4369999999981,7396
37.4369999999981,6688
37.4369999999981,6374
37.4369999999981,7052
37.4369999999981,7822
37.4369999999981,7688
37.4839999999967,8172
37.4839999999967,7114
37.4839999999967,6446
37.4839999999967,6430
37.4839999999967,7036
37.4839999999967,7570
37.4839999999967,8402
37.4839999999967,8592
37.5309999999954,8886
37.5309999999954,9076
37.5309999999954,9204
37.5309999999954,8680
37.5309999999954,7966
37.5309999999954,7390
37.5309999999954,6688
37.5309999999954,6422
37.5309999999954,7064
37.5309999999954,7762
37.5789999999979,7716
37.5789999999979,8188
37.5789999999979,7474
37.5789999999979,6950
37.5789999999979,6502
37.5789999999979,6982
37.5789999999979,7580
37.5789999999979,8402
37.5789999999979,8596
37.6259999999966,8904
37.6259999999966,9012
37.6259999999966,9250
37.6259999999966,9076
37.6259999999966,8366
37.6259999999966,7762
37.6259999999966,6440
37.6259999999966,6286
37.6259999999966,7130
37.6259999999966,7600
37.6729999999952,7680
37.6729999999952,8170
37.6729999999952,7672
37.6729999999952,7170
37.6729999999952,5866
37.6729999999952,6078
37.6729999999952,7488
37.6729999999952,8016
37.6729999999952,8414
37.7209999999977,8804
37.7209999999977,9022
37.7209999999977,9228
37.7209999999977,9156
37.7209999999977,8572
37.7209999999977,7740
37.7209999999977,7020
37.7209999999977,6780
37.7209999999977,6970
37.7209999999977,7032
37.7679999999964,7760
37.7679999999964,7688
37.7679999999964,8182
37.7679999999964,7078
37.7679999999964,6350
37.7679999999964,6360
37.7679999999964,7380
37.7679999999964,7672
37.7679999999964,8542
37.8159999999989,8628
37.8159999999989,8940
37.8159999999989,9038
37.8159999999989,9286
37.8159999999989,9086
37.8159999999989,8306
37.8159999999989,7688
37.8159999999989,6294
37.8159999999989,6160
37.862000000001,7136
37.862000000001,7684
37.862000000001,7714
37.862000000001,8120
37.862000000001,7802
37.862000000001,7246
37.862000000001,5836
37.862000000001,6082
37.862000000001,7474
37.862000000001,8152
37.9099999999962,8500
37.9099999999962,8822
37.9099999999962,9022
37.9099999999962,9276
37.9099999999962,9146
37.9099999999962,8540
37.9099999999962,7848
37.9099999999962,7262
37.9099999999962,6738
37.9569999999949,6790
37.9569999999949,7042
37.9569999999949,7760
37.9569999999949,7680
37.9569999999949,8188
37.9569999999949,7180
37.9569999999949,6232
37.9569999999949,6278
37.9569999999949,7144
37.9569999999949,7628
38.0049999999974,8468
38.0049999999974,8632
38.0049999999974,8930
38.0049999999974,9040
38.0049999999974,9244
38.0049999999974,8638
38.0049999999974,8134
38.0049999999974,7596
38.0049999999974,6128
38.051999999996,6076
38.051999999996,7130
38.051999999996,7668
38.051999999996,7716
38.051999999996,8198
38.051999999996,7672
38.051999999996,7164
38.051999999996,6042
38.051999999996,6386
38.0989999999947,7536
38.0989999999947,8304
38.0989999999947,8556
38.0989999999947,8840
38.0989999999947,8992
38.0989999999947,9248
38.0989999999947,9106
38.0989999999947,8474
38.0989999999947,7844
38.1460000000006,6704
38.1460000000006,6436
38.1460000000006,7128
38.1460000000006,7236
38.1460000000006,7760
38.1460000000006,7996
38.1460000000006,7888
38.1460000000006,7282
38.1460000000006,6176
38.1460000000006,6240
38.1929999999993,7510
38.1929999999993,7710
38.1929999999993,8592
38.1929999999993,8716
38.1929999999993,8998
38.1929999999993,9182
38.1929999999993,9266
38.1929999999993,8638
38.1929999999993,8160
38.2409999999945,7596
38.2409999999945,6140
38.2409999999945,6232
38.2409999999945,7128
38.2409999999945,7592
38.2409999999945,7668
38.2409999999945,8150
38.2409999999945,7674
38.2409999999945,7170
38.2409999999945,5850
38.2880000000005,6170
38.2880000000005,7488
38.2880000000005,8268
38.2880000000005,8376
38.2880000000005,8778
38.2880000000005,9008
38.2880000000005,9244
38.2880000000005,9176
38.2880000000005,8628
38.3349999999991,7792
38.3349999999991,7212
38.3349999999991,6740
38.3349999999991,6828
38.3349999999991,7026
38.3349999999991,7744
38.3349999999991,7668
38.3349999999991,8172
38.3349999999991,7222
38.3829999999944,6610
38.3829999999944,6606
38.3829999999944,7174
38.3829999999944,7628
38.3829999999944,8474
38.3829999999944,8644
38.3829999999944,8950
38.3829999999944,9044
38.3829999999944,9274
38.3829999999944,9080
38.4300000000003,8434
38.4300000000003,7826
38.4300000000003,6594
38.4300000000003,6384
38.4300000000003,7202
38.4300000000003,7472
38.4300000000003,7700
38.4300000000003,8106
38.4300000000003,7782
38.476999999999,7232
38.476999999999,5822
38.476999999999,6124
38.476999999999,7392
38.476999999999,7746
38.476999999999,8694
38.476999999999,8766
38.476999999999,9032
38.476999999999,9224
38.476999999999,9266
38.5250000000015,8650
38.5250000000015,8130
38.5250000000015,7602
38.5250000000015,6158
38.5250000000015,6082
38.5250000000015,7144
38.5250000000015,7668
38.5250000000015,7716
38.5250000000015,8202
38.5720000000001,7698
38.5720000000001,7190
38.5720000000001,5904
38.5720000000001,6240
38.5720000000001,7524
38.5720000000001,8304
38.5720000000001,8562
38.5720000000001,8804
38.5720000000001,9044
38.6189999999988,9254
38.6189999999988,9224
38.6189999999988,8704
38.6189999999988,7980
38.6189999999988,7390
38.6189999999988,6692
38.6189999999988,6350
38.6189999999988,7048
38.6189999999988,7864
38.6659999999974,7664
38.6659999999974,8172
38.6659999999974,7156
38.6659999999974,6950
38.6659999999974,6466
38.6659999999974,6954
38.6659999999974,7586
38.6659999999974,8408
38.6659999999974,8608
38.6659999999974,8914
38.7139999999999,9048
38.7139999999999,9260
38.7139999999999,9084
38.7139999999999,8388
38.7139999999999,7790
38.7139999999999,6832
38.7139999999999,6626
38.7139999999999,7020
38.7139999999999,7036
38.7139999999999,7740
38.7609999999986,7802
38.7609999999986,7874
38.7609999999986,7268
38.7609999999986,5938
38.7609999999986,6094
38.7609999999986,7454
38.7609999999986,7694
38.7609999999986,8572
38.7609999999986,8704
38.8090000000011,8988
38.8090000000011,9112
38.8090000000011,9270
38.8090000000011,8694
38.8090000000011,8176
38.8090000000011,7592
38.8090000000011,6180
38.8090000000011,6102
38.8090000000011,7098
38.8090000000011,7608
38.8559999999998,7680
38.8559999999998,8162
38.8559999999998,7654
38.8559999999998,7170
38.8559999999998,5986
38.8559999999998,6376
38.8559999999998,7524
38.8559999999998,8306
38.8559999999998,8560
38.903999999995,8850
38.903999999995,9004
38.903999999995,9230
38.903999999995,9116
38.903999999995,8500
38.903999999995,7838
38.903999999995,6822
38.903999999995,6620
38.903999999995,7012
38.9510000000009,7046
38.9510000000009,7746
38.9510000000009,7802
38.9510000000009,7884
38.9510000000009,7294
38.9510000000009,6232
38.9510000000009,6276
38.9510000000009,7436
38.9510000000009,7698
38.9989999999962,8556
38.9989999999962,8700
38.9989999999962,8998
38.9989999999962,9104
38.9989999999962,9290
38.9989999999962,9094
38.9989999999962,8280
38.9989999999962,7668
38.9989999999962,6268
38.9989999999962,6374
39.0459999999948,7242
39.0459999999948,7462
39.0459999999948,7716
39.0459999999948,8106
39.0459999999948,7792
39.0459999999948,7238
39.0459999999948,5822
39.0459999999948,6078
39.0459999999948,7500
39.0459999999948,8134
39.0930000000008,8478
39.0930000000008,8750
39.0930000000008,9012
39.0930000000008,9208
39.0930000000008,9250
39.0930000000008,8686
39.0930000000008,8070
39.0930000000008,7560
39.0930000000008,6318
39.1399999999994,6056
39.1399999999994,7068
39.1399999999994,7822
39.1399999999994,7694
39.1399999999994,8170
39.1399999999994,7580
39.1399999999994,7088
39.1399999999994,6370
39.1399999999994,6820
39.1879999999946,7560
39.1879999999946,8342
39.1879999999946,8586
39.1879999999946,8880
39.1879999999946,9028
39.1879999999946,9248
39.1879999999946,9076
39.1879999999946,8388
39.1879999999946,7796
39.2350000000006,6832
39.2350000000006,6652
39.2350000000006,7002
39.2350000000006,7048
39.2350000000006,7756
39.2350000000006,7760
39.2350000000006,7884
39.2350000000006,7314
39.2350000000006,5964
39.2350000000006,6094
39.2819999999992,7402
39.2819999999992,7690
39.2819999999992,8550
39.2819999999992,8680
39.2819999999992,8978
39.2819999999992,9084
39.2819999999992,9264
39.2819999999992,8776
39.2819999999992,8180
39.3289999999979,7590
39.3289999999979,6176
39.3289999999979,6102
39.3289999999979,7120
39.3289999999979,7636
39.3289999999979,7720
39.3289999999979,8176
39.3289999999979,7762
39.3289999999979,7258
39.3289999999979,5832
39.3770000000004,6102
39.3770000000004,7494
39.3770000000004,8182
39.3770000000004,8506
39.3770000000004,8824
39.3770000000004,9032
39.3770000000004,9238
39.3770000000004,9240
39.3770000000004,8710
39.4239999999991,8044
39.4239999999991,7508
39.4239999999991,6468
39.4239999999991,6078
39.4239999999991,7072
39.4239999999991,7834
39.4239999999991,7678
39.4239999999991,8170
39.4239999999991,7298
39.4709999999977,6720
39.4709999999977,6376
39.4709999999977,6810
39.4709999999977,7518
39.4709999999977,8330
39.4709999999977,8572
39.4709999999977,8864
39.4709999999977,9018
39.4709999999977,9238
39.5179999999964,9070
39.5179999999964,8366
39.5179999999964,7766
39.5179999999964,6456
39.5179999999964,6278
39.5179999999964,7046
39.5179999999964,7058
39.5179999999964,7716
39.5179999999964,7900
39.5179999999964,7862
39.5649999999951,7254
39.5649999999951,5928
39.5649999999951,6062
39.5649999999951,7406
39.5649999999951,7818
39.5649999999951,8434
39.5649999999951,8700
39.5649999999951,8978
39.5649999999951,9212
39.612000000001,9238
39.612000000001,8690
39.612000000001,8078
39.612000000001,7590
39.612000000001,6268
39.612000000001,6068
39.612000000001,7094
39.612000000001,7816
39.612000000001,7698
39.612000000001,8198
39.6589999999997,7648
39.6589999999997,7160
39.6589999999997,6076
39.6589999999997,6410
39.6589999999997,7514
39.6589999999997,8310
39.6589999999997,8556
39.6589999999997,8854
39.6589999999997,9038
39.7059999999983,9274
39.7059999999983,9140
39.7059999999983,8526
39.7059999999983,7844
39.7059999999983,7264
39.7059999999983,6738
39.7059999999983,6770
39.7059999999983,7012
39.7059999999983,7714
39.752999999997,7648
39.752999999997,8170
39.752999999997,7154
39.752999999997,6232
39.752999999997,6272
39.752999999997,7110
39.752999999997,7582
39.752999999997,8434
39.752999999997,8598
39.8009999999995,8890
39.8009999999995,9044
39.8009999999995,9202
39.8009999999995,8658
39.8009999999995,7982
39.8009999999995,7428
39.8009999999995,6600
39.8009999999995,6194
39.8009999999995,7100
39.8009999999995,7714
39.8479999999981,7664
39.8479999999981,8156
39.8479999999981,7446
39.8479999999981,6944
39.8479999999981,6468
39.8479999999981,6944
39.8479999999981,7544
39.8479999999981,8356
39.8479999999981,8568
39.8479999999981,8864
39.8960000000006,8986
39.8960000000006,9212
39.8960000000006,9040
39.8960000000006,8304
39.8960000000006,7700
39.8960000000006,6340
39.8960000000006,6226
39.8960000000006,7134
39.8960000000006,7618
39.9429999999993,7674
39.9429999999993,8156
39.9429999999993,7636
39.9429999999993,7144
39.9429999999993,5846
39.9429999999993,6050
39.9429999999993,7406
39.9429999999993,8008
39.9429999999993,8434
39.9909999999945,8750
39.9909999999945,8956
39.9909999999945,9192
39.9909999999945,9040
39.9909999999945,8346
39.9909999999945,7754
39.9909999999945,6430
39.9909999999945,6498
39.9909999999945,7048
40.0369999999966,7056
40.0369999999966,7668
40.0369999999966,7970
40.0369999999966,7770
40.0369999999966,7206
40.0369999999966,5794
40.0369999999966,6032
40.0369999999966,7422
40.0369999999966,7690
40.0369999999966,8648
40.0849999999991,8716
40.0849999999991,8966
40.0849999999991,9186
40.0849999999991,9126
40.0849999999991,8540
40.0849999999991,7704
40.0849999999991,7010
40.0849999999991,6756
40.0849999999991,6944
40.1319999999978,6992
40.1319999999978,7710
40.1319999999978,7616
40.1319999999978,8140
40.1319999999978,7160
40.1319999999978,6186
40.1319999999978,6246
40.1319999999978,7422
40.1319999999978,7652
40.1319999999978,8542
40.1789999999964,8678
40.1789999999964,8958
40.1789999999964,9038
40.1789999999964,9234
40.1789999999964,8814
40.1789999999964,8170
40.1789999999964,7586
40.1789999999964,6176
40.1789999999964,6088
40.2259999999951,7074
40.2259999999951,7700
40.2259999999951,7618
40.2259999999951,8106
40.2259999999951,7294
40.2259999999951,6712
40.2259999999951,6304
40.2259999999951,6756
40.2259999999951,7500
40.2259999999951,8316
40.2739999999976,8566
40.2739999999976,8860
40.2739999999976,9002
40.2739999999976,9234
40.2739999999976,9044
40.2739999999976,8300
40.2739999999976,7700
40.2739999999976,6334
40.3209999999963,6426
40.3209999999963,7124
40.3209999999963,7262
40.3209999999963,7648
40.3209999999963,8052
40.3209999999963,7734
40.3209999999963,7210
40.3209999999963,5786
40.3209999999963,6066
40.3209999999963,7462
40.3679999999949,7700
40.3679999999949,8540
40.3679999999949,8750
40.3679999999949,8988
40.3679999999949,9240
40.3679999999949,9146
40.3679999999949,8586
40.3679999999949,7740
40.3679999999949,7156
40.4159999999974,6748
40.4159999999974,6836
40.4159999999974,7000
40.4159999999974,7724
40.4159999999974,7618
40.4159999999974,8146
40.4159999999974,7130
40.4159999999974,6472
40.4159999999974,6472
40.4159999999974,7262
40.4629999999961,7622
40.4629999999961,8460
40.4629999999961,8628
40.4629999999961,8962
40.4629999999961,9076
40.4629999999961,9284
40.4629999999961,9074
40.4629999999961,8468
40.4629999999961,7854
40.4629999999961,6688
40.5099999999948,6456
40.5099999999948,7136
40.5099999999948,7222
40.5099999999948,7704
40.5099999999948,8022
40.5099999999948,7818
40.5099999999948,7242
40.5099999999948,6052
40.5099999999948,6148
40.5570000000007,7562
40.5570000000007,7716
40.5570000000007,8622
40.5570000000007,8726
40.5570000000007,8998
40.5570000000007,9248
40.5570000000007,9248
40.5570000000007,8622
40.5570000000007,8100
40.6049999999959,7600
40.6049999999959,6180
40.6049999999959,6200
40.6049999999959,7128
40.6049999999959,7638
40.6049999999959,7668
40.6049999999959,8156
40.6049999999959,7566
40.6049999999959,7078
40.6519999999946,6324
40.6519999999946,6796
40.6519999999946,7508
40.6519999999946,8320
40.6519999999946,8504
40.6519999999946,8804
40.6519999999946,9002
40.6519999999946,9240
40.6519999999946,9104
40.6519999999946,8464
40.6990000000005,7838
40.6990000000005,6714
40.6990000000005,6440
40.6990000000005,7094
40.6990000000005,7180
40.6990000000005,7690
40.6990000000005,8016
40.6990000000005,7940
40.6990000000005,7330
40.7459999999992,6022
40.7459999999992,6150
40.7459999999992,7490
40.7459999999992,7710
40.7459999999992,8638
40.7459999999992,8720
40.7459999999992,8988
40.7459999999992,9234
40.7459999999992,9222
40.7459999999992,8706
40.7939999999944,7988
40.7939999999944,7602
40.7939999999944,6194
40.7939999999944,6092
40.7939999999944,7098
40.7939999999944,7720
40.7939999999944,7672
40.7939999999944,8152
40.7939999999944,7428
40.8410000000003,6914
40.8410000000003,6466
40.8410000000003,6964
40.8410000000003,7484
40.8410000000003,8284
40.8410000000003,8532
40.8410000000003,8814
40.8410000000003,8986
40.8410000000003,9214
40.8889999999956,9050
40.8889999999956,8324
40.8889999999956,7740
40.8889999999956,6386
40.8889999999956,6248
40.8889999999956,7108
40.8889999999956,7146
40.8889999999956,7674
40.8889999999956,8006
40.8889999999956,7796
40.9360000000015,7226
40.9360000000015,5822
40.9360000000015,6030
40.9360000000015,7416
40.9360000000015,8048
40.9360000000015,8434
40.9360000000015,8782
40.9360000000015,8982
40.9360000000015,9218
40.9839999999967,9136
40.9839999999967,8562
40.9839999999967,7698
40.9839999999967,7104
40.9839999999967,6748
40.9839999999967,6878
40.9839999999967,7000
40.9839999999967,7720
40.9839999999967,7590
40.9839999999967,7884
41.0299999999988,7308
41.0299999999988,6348
41.0299999999988,6304
41.0299999999988,7356
41.0299999999988,7632
41.0299999999988,8506
41.0299999999988,8644
41.0299999999988,8936
41.0299999999988,9178
41.0780000000013,9234
41.0780000000013,8582
41.0780000000013,8094
41.0780000000013,7582
41.0780000000013,6160
41.0780000000013,6204
41.0780000000013,7114
41.0780000000013,7608
41.0780000000013,7642
41.125,8130
41.125,7510
41.125,7016
41.125,6374
41.125,6836
41.125,7514
41.125,8340
41.125,8510
41.125,8792
41.1729999999952,8982
41.1729999999952,9204
41.1729999999952,9054
41.1729999999952,8382
41.1729999999952,7792
41.1729999999952,6502
41.1729999999952,6338
41.1729999999952,7210
41.1729999999952,7472
41.1729999999952,7644
41.2200000000012,7818
41.2200000000012,7842
41.2200000000012,7246
41.2200000000012,5896
41.2200000000012,6006
41.2200000000012,7406
41.2200000000012,7832
41.2200000000012,8372
41.2200000000012,8760
41.265999999996,8982
41.265999999996,9198
41.265999999996,9146
41.265999999996,8566
41.265999999996,7944
41.265999999996,7370
41.265999999996,6692
41.265999999996,6458
41.265999999996,7022
41.265999999996,7826
41.3129999999946,7642
41.3129999999946,8150
41.3129999999946,7100
41.3129999999946,6442
41.3129999999946,6472
41.3129999999946,7292
41.3129999999946,7530
41.3129999999946,8356
41.3129999999946,8568
41.3600000000006,8870
41.3600000000006,9018
41.3600000000006,9248
41.3600000000006,9048
41.3600000000006,8258
41.3600000000006,7662
41.3600000000006,6272
41.3600000000006,6168
41.3600000000006,7134
41.4079999999958,7376
41.4079999999958,7674
41.4079999999958,8088
41.4079999999958,7766
41.4079999999958,7226
41.4079999999958,5820
41.4079999999958,6058
41.4079999999958,7442
41.4079999999958,8078
41.4539999999979,8460
41.4539999999979,8760
41.4539999999979,8966
41.4539999999979,9208
41.4539999999979,9110
41.4539999999979,8516
41.4539999999979,7772
41.4539999999979,6902
41.4539999999979,6756
41.4539999999979,6976
41.5020000000004,6986
41.5020000000004,7690
41.5020000000004,7724
41.5020000000004,7838
41.5020000000004,7232
41.5020000000004,5898
41.5020000000004,6196
41.5020000000004,7462
41.5020000000004,7636
41.5489999999991,8546
41.5489999999991,8648
41.5489999999991,8910
41.5489999999991,9136
41.5489999999991,9094
41.5489999999991,8478
41.5489999999991,7802
41.5489999999991,6828
41.5489999999991,6620
41.5489999999991,7006
41.5959999999977,6996
41.5959999999977,7714
41.5959999999977,7626
41.5959999999977,8110
41.5959999999977,7308
41.5959999999977,6144
41.5959999999977,6204
41.5959999999977,7508
41.5959999999977,7664
41.6440000000002,8556
41.6440000000002,8606
41.6440000000002,8904
41.6440000000002,9090
41.6440000000002,9222
41.6440000000002,8586
41.6440000000002,8104
41.6440000000002,7580
41.6440000000002,6130
41.6909999999989,6082
41.6909999999989,7082
41.6909999999989,7744
41.6909999999989,7642
41.6909999999989,8106
41.6909999999989,7540
41.6909999999989,7052
41.6909999999989,6324
41.6909999999989,6784
41.7390000000014,7490
41.7390000000014,8306
41.7390000000014,8550
41.7390000000014,8834
41.7390000000014,8962
41.7390000000014,9204
41.7390000000014,8978
41.7390000000014,8172
41.7390000000014,7586
41.7390000000014,6422
41.7869999999966,6268
41.7869999999966,7144
41.7869999999966,7556
41.7869999999966,7648
41.7869999999966,8130
41.7869999999966,7652
41.7869999999966,7154
41.7869999999966,5886
41.7869999999966,6248
41.7869999999966,7412
41.8339999999953,7960
41.8339999999953,8370
41.8339999999953,8760
41.8339999999953,8976
41.8339999999953,9224
41.8339999999953,9106
41.8339999999953,8500
41.8339999999953,7806
41.8339999999953,6848
41.8810000000012,6638
41.8810000000012,7002
41.8810000000012,7026
41.8810000000012,7730
41.8810000000012,7662
41.8810000000012,8176
41.8810000000012,7134
41.8810000000012,6302
41.8810000000012,6318
41.8810000000012,7356
41.9279999999999,7648
41.9279999999999,8516
41.9279999999999,8660
41.9279999999999,8940
41.9279999999999,9038
41.9279999999999,9258
41.9279999999999,9060
41.9279999999999,8340
41.9749999999985,7750
41.9749999999985,6416
41.9749999999985,6262
41.9749999999985,7134
41.9749999999985,7586
41.9749999999985,7690
41.9749999999985,8140
41.9749999999985,7740
41.9749999999985,7254
41.9749999999985,5948
42.0219999999972,6072
42.0219999999972,7360
42.0219999999972,7716
42.0219999999972,8642
42.0219999999972,8736
42.0219999999972,8982
42.0219999999972,9254
42.0219999999972,9176
42.0219999999972,8650
42.0689999999959,7880
42.0689999999959,7582
42.0689999999959,6190
42.0689999999959,6062
42.0689999999959,7072
42.0689999999959,7782
42.0689999999959,7678
42.0689999999959,8150
42.0689999999959,7356
42.0689999999959,6810
42.1169999999984,6478
42.1169999999984,7032
42.1169999999984,7464
42.1169999999984,8290
42.1169999999984,8542
42.1169999999984,8808
42.1169999999984,8976
42.1169999999984,9208
42.1169999999984,9018
42.163999999997,8264
42.163999999997,7672
42.163999999997,6308
42.163999999997,6194
42.163999999997,7140
42.163999999997,7636
42.163999999997,7694
42.163999999997,8026
42.163999999997,7828
42.163999999997,7236
42.2119999999995,5852
42.2119999999995,6026
42.2119999999995,7418
42.2119999999995,7920
42.2119999999995,8356
42.2119999999995,8746
42.2119999999995,8966
42.2119999999995,9218
42.2119999999995,9120
42.2589999999982,8638
42.2589999999982,7852
42.2589999999982,7278
42.2589999999982,6738
42.2589999999982,6748
42.2589999999982,7010
42.2589999999982,7710
42.2589999999982,7642
42.2589999999982,8146
42.3059999999969,7136
42.3059999999969,6266
42.3059999999969,6524
42.3059999999969,7104
42.3059999999969,7556
42.3059999999969,8392
42.3059999999969,8592
42.3059999999969,8884
42.3059999999969,9018
42.3059999999969,9208
42.3529999999955,8786
42.3529999999955,8130
42.3529999999955,7570
42.3529999999955,6160
42.3529999999955,6094
42.3529999999955,7094
42.3529999999955,7590
42.3529999999955,7662
42.3529999999955,8146
42.400999999998,7644
42.400999999998,7146
42.400999999998,5938
42.400999999998,6304
42.400999999998,7454
42.400999999998,8270
42.400999999998,8524
42.400999999998,8796
42.400999999998,8956
42.400999999998,9202
42.4479999999967,9064
42.4479999999967,8422
42.4479999999967,7818
42.4479999999967,6646
42.4479999999967,6426
42.4479999999967,7160
42.4479999999967,7308
42.4479999999967,7688
42.4479999999967,8022
42.4949999999953,7808
42.4949999999953,7330
42.4949999999953,6040
42.4949999999953,6144
42.4949999999953,7540
42.4949999999953,7680
42.4949999999953,8614
42.4949999999953,8690
42.4949999999953,8956
42.5429999999978,9248
42.5429999999978,9176
42.5429999999978,8658
42.5429999999978,7888
42.5429999999978,7320
42.5429999999978,6170
42.5429999999978,6078
42.5429999999978,7092
42.5429999999978,7770
42.5899999999965,7678
42.5899999999965,8136
42.5899999999965,7356
42.5899999999965,6812
42.5899999999965,6492
42.5899999999965,7026
42.5899999999965,7482
42.5899999999965,8294
42.5899999999965,8540
42.5899999999965,8812
42.6369999999952,8982
42.6369999999952,9224
42.6369999999952,9048
42.6369999999952,8352
42.6369999999952,7760
42.6369999999952,6452
42.6369999999952,6292
42.6369999999952,7156
42.6369999999952,7546
42.6840000000011,7688
42.6840000000011,7890
42.6840000000011,7832
42.6840000000011,7232
42.6840000000011,5878
42.6840000000011,6040
42.6840000000011,7400
42.6840000000011,7832
42.6840000000011,8320
42.6840000000011,8716
42.7319999999963,8930
42.7319999999963,9194
42.7319999999963,9112
42.7319999999963,8524
42.7319999999963,7734
42.7319999999963,6938
42.7319999999963,6764
42.7319999999963,6976
42.7319999999963,7038
42.778999999995,7746
42.778999999995,7636
42.778999999995,7880
42.778999999995,7328
42.778999999995,6370
42.778999999995,6322
42.778999999995,7350
42.778999999995,7612
42.778999999995,8490
42.8269999999975,8628
42.8269999999975,8920
42.8269999999975,9186
42.8269999999975,9186
42.8269999999975,8680
42.8269999999975,7960
42.8269999999975,7370
42.8269999999975,6668
42.8269999999975,6308
42.8269999999975,7098
42.875,7720
42.875,7662
42.875,8140
42.875,7380
42.875,6866
42.875,6452
42.875,6992
42.875,7540
42.875,8382
42.9219999999987,8592
42.9219999999987,8874
42.9219999999987,8982
42.9219999999987,9214
42.9219999999987,9048
42.9219999999987,8340
42.9219999999987,7754
42.9219999999987,6436
42.9219999999987,6294
42.9219999999987,7170
42.9689999999973,7562
42.9689999999973,7674
42.9689999999973,8134
42.9689999999973,7868
42.9689999999973,7252
42.9689999999973,5914
42.9689999999973,6052
42.9689999999973,7406
42.9689999999973,7762
43.015999999996,8442
43.015999999996,8756
43.015999999996,8986
43.015999999996,9254
43.015999999996,9168
43.015999999996,8602
43.015999999996,7766
43.015999999996,7446
43.015999999996,6584
43.0629999999946,6138
43.0629999999946,7048
43.0629999999946,7862
43.0629999999946,7654
43.0629999999946,8150
43.0629999999946,7192
43.0629999999946,6560
43.0629999999946,6554
43.0629999999946,7190
43.1109999999971,7536
43.1109999999971,8370
43.1109999999971,8596
43.1109999999971,8886
43.1109999999971,9048
43.1109999999971,9266
43.1109999999971,9130
43.1109999999971,8488
43.1109999999971,7854
43.1109999999971,6770
43.1579999999958,6512
43.1579999999958,7058
43.1579999999958,7052
43.1579999999958,7746
43.1579999999958,7654
43.1579999999958,8140
43.1579999999958,7292
43.1579999999958,6154
43.1579999999958,6200
43.2059999999983,7478
43.2059999999983,7674
43.2059999999983,8568
43.2059999999983,8678
43.2059999999983,8966
43.2059999999983,9208
43.2059999999983,9248
43.2059999999983,9050
43.2059999999983,8234
43.2059999999983,7636
43.2520000000004,6248
43.2520000000004,6138
43.2520000000004,7130
43.2520000000004,7674
43.2520000000004,7688
43.2520000000004,8166
43.2520000000004,7550
43.2520000000004,7058
43.2520000000004,6358
43.2520000000004,6062
43.2999999999956,7458
43.2999999999956,8166
43.2999999999956,8510
43.2999999999956,8798
43.2999999999956,9002
43.2999999999956,9238
43.2999999999956,9100
43.2999999999956,8460
43.3469999999943,7838
43.3469999999943,6730
43.3469999999943,6466
43.3469999999943,6872
43.3469999999943,7010
43.3469999999943,7736
43.3469999999943,7636
43.3469999999943,8042
43.3469999999943,7324
43.3469999999943,6078
43.3940000000002,6164
43.3940000000002,7556
43.3940000000002,7694
43.3940000000002,8598
43.3940000000002,8634
43.3940000000002,8922
43.3940000000002,9018
43.3940000000002,9248
43.3940000000002,8854
43.4409999999989,8180
43.4409999999989,7586
43.4409999999989,6190
43.4409999999989,6102
43.4409999999989,7108
43.4409999999989,7726
43.4409999999989,7694
43.4409999999989,8176
43.4409999999989,7484
43.4409999999989,7192
43.4890000000014,5806
43.4890000000014,6094
43.4890000000014,7472
43.4890000000014,8224
43.4890000000014,8524
43.4890000000014,8802
43.4890000000014,8988
43.4890000000014,9222
43.4890000000014,9080
43.5360000000001,8424
43.5360000000001,7828
43.5360000000001,7042
43.5360000000001,6738
43.5360000000001,6938
43.5360000000001,7048
43.5360000000001,7776
43.5360000000001,7668
43.5360000000001,8106
43.5360000000001,7350
43.5839999999953,6150
43.5839999999953,6220
43.5839999999953,7200
43.5839999999953,7606
43.5839999999953,8444
43.5839999999953,8624
43.5839999999953,8914
43.5839999999953,9024
43.5839999999953,9264
43.6310000000012,9040
43.6310000000012,8278
43.6310000000012,7664
43.6310000000012,6278
43.6310000000012,6158
43.6310000000012,7140
43.6310000000012,7390
43.6310000000012,7740
43.6310000000012,8054
43.6779999999999,7884
43.6779999999999,7274
43.6779999999999,5958
43.6779999999999,6078
43.6779999999999,7370
43.6779999999999,7724
43.6779999999999,8542
43.6779999999999,8730
43.6779999999999,8962
43.7249999999985,9258
43.7249999999985,9214
43.7249999999985,8660
43.7249999999985,8038
43.7249999999985,7534
43.7249999999985,6350
43.7249999999985,6056
43.7249999999985,7098
43.7249999999985,7826
43.7249999999985,7720
43.7719999999972,8192
43.7719999999972,7432
43.7719999999972,6950
43.7719999999972,5888
43.7719999999972,6186
43.7719999999972,7488
43.7719999999972,8248
43.7719999999972,8524
43.7719999999972,8802
43.7719999999972,8994
43.8199999999997,9250
43.8199999999997,9116
43.8199999999997,8494
43.8199999999997,7816
43.8199999999997,6848
43.8199999999997,6648
43.8199999999997,6800
43.8199999999997,7016
43.8199999999997,7720
43.8669999999984,7662
43.8669999999984,8182
43.8669999999984,7128
43.8669999999984,6318
43.8669999999984,6304
43.8669999999984,7364
43.8669999999984,7626
43.8669999999984,8396
43.8669999999984,8606
43.913999999997,8890
43.913999999997,9022
43.913999999997,9238
43.913999999997,9064
43.913999999997,8362
43.913999999997,7772
43.913999999997,6472
43.913999999997,6314
43.913999999997,7202
43.9609999999957,7514
43.9609999999957,7726
43.9609999999957,7714
43.9609999999957,7864
43.9609999999957,7272
43.9609999999957,5954
43.9609999999957,6098
43.9609999999957,7406
43.9609999999957,7674
43.9609999999957,8660
44.0089999999982,8714
44.0089999999982,8972
44.0089999999982,9202
44.0089999999982,9208
44.0089999999982,9014
44.0089999999982,8202
44.0089999999982,7612
44.0089999999982,6230
44.0089999999982,6112
44.0559999999969,7100
44.0559999999969,7684
44.0559999999969,7680
44.0559999999969,8156
44.0559999999969,7514
44.0559999999969,7032
44.0559999999969,6366
44.0559999999969,6076
44.0559999999969,7442
44.0559999999969,8146
44.101999999999,8488
44.101999999999,8768
44.101999999999,8962
44.101999999999,9202
44.101999999999,9068
44.101999999999,8408
44.101999999999,7806
44.101999999999,6620
44.101999999999,6436
44.1489999999976,6944
44.1489999999976,7038
44.1489999999976,7744
44.1489999999976,7628
44.1489999999976,8008
44.1489999999976,7334
44.1489999999976,6118
44.1489999999976,6164
44.1489999999976,7526
44.1970000000001,7606
44.1970000000001,8442
44.1970000000001,8624
44.1970000000001,8916
44.1970000000001,9012
44.1970000000001,9250
44.1970000000001,9048
44.1970000000001,8238
44.1970000000001,7636
44.2439999999988,6268
44.2439999999988,6164
44.2439999999988,7124
44.2439999999988,7636
44.2439999999988,7674
44.2439999999988,8068
44.2439999999988,7744
44.2439999999988,7218
44.2439999999988,5780
44.2439999999988,6056
44.2909999999974,7462
44.2909999999974,8116
44.2909999999974,8470
44.2909999999974,8802
44.2909999999974,9034
44.2909999999974,9276
44.2909999999974,9244
44.2909999999974,9076
44.2909999999974,8300
44.3379999999961,7680
