25.4320000000007,8012
25.4320000000007,8334
25.4320000000007,8582
25.4320000000007,8664
25.4320000000007,8834
25.4320000000007,8628
25.4789999999994,7946
25.4789999999994,7366
25.4789999999994,6108
25.4789999999994,5922
25.4789999999994,6776
25.4789999999994,6616
25.4789999999994,7324
25.4789999999994,7254
25.4789999999994,7740
25.525999999998,6918
25.525999999998,5940
25.525999999998,5960
25.525999999998,6914
25.525999999998,7210
25.525999999998,8008
25.525999999998,8124
25.525999999998,8484
25.525999999998,8628
25.525999999998,8878
25.573000000004,8756
25.573000000004,8258
25.573000000004,7510
25.573000000004,6940
25.573000000004,6242
25.573000000004,5770
25.573000000004,6606
25.573000000004,7376
25.573000000004,7258
25.6209999999992,7736
25.6209999999992,7262
25.6209999999992,6810
25.6209999999992,5544
25.6209999999992,5768
25.6209999999992,7084
25.6209999999992,7652
25.6209999999992,8012
25.6209999999992,8386
25.6209999999992,8614
25.6679999999978,8730
25.6679999999978,8860
25.6679999999978,8650
25.6679999999978,8042
25.6679999999978,7454
25.6679999999978,6324
25.6679999999978,6128
25.6679999999978,6620
25.6679999999978,6594
25.6679999999978,7294
25.7150000000038,7300
25.7150000000038,7638
25.7150000000038,6764
25.7150000000038,6148
25.7150000000038,6242
25.7150000000038,6764
25.7150000000038,7186
25.7150000000038,7988
25.7150000000038,8130
25.762999999999,8514
25.762999999999,8634
25.762999999999,8878
25.762999999999,8750
25.762999999999,8248
25.762999999999,7674
25.762999999999,7150
25.762999999999,5750
25.762999999999,5636
25.8099999999977,6704
25.8099999999977,7236
25.8099999999977,7278
25.8099999999977,7756
25.8099999999977,7308
25.8099999999977,6826
25.8099999999977,5524
25.8099999999977,5814
25.8099999999977,7120
25.8570000000036,7308
25.8570000000036,8162
25.8570000000036,8278
25.8570000000036,8578
25.8570000000036,8648
25.8570000000036,8874
25.8570000000036,8706
25.8570000000036,8142
25.8570000000036,7282
25.8570000000036,6658
25.9040000000023,6294
25.9040000000023,5876
25.9040000000023,6602
25.9040000000023,7396
25.9040000000023,7248
25.9040000000023,7708
25.9040000000023,7000
25.9040000000023,6570
25.9040000000023,6102
25.9510000000009,6550
25.9510000000009,7144
25.9510000000009,7868
25.9510000000009,8038
25.9510000000009,8382
25.9510000000009,8608
25.9510000000009,8808
25.9510000000009,8808
25.9510000000009,8614
25.9510000000009,7826
25.9990000000034,7264
25.9990000000034,5902
25.9990000000034,5790
25.9990000000034,6708
25.9990000000034,6714
25.9990000000034,7308
25.9990000000034,7422
25.9990000000034,7520
25.9990000000034,7022
26.0449999999983,5830
26.0449999999983,5902
26.0449999999983,7074
26.0449999999983,7238
26.0449999999983,8058
26.0449999999983,8222
26.0449999999983,8514
26.0449999999983,8642
26.0449999999983,8874
26.0930000000008,8750
26.0930000000008,8264
26.0930000000008,7498
26.0930000000008,6970
26.0930000000008,6222
26.0930000000008,5712
26.0930000000008,6626
26.0930000000008,7356
26.0930000000008,7252
26.1399999999994,7736
26.1399999999994,7274
26.1399999999994,6810
26.1399999999994,5542
26.1399999999994,5768
26.1399999999994,7094
26.1399999999994,7582
26.1399999999994,7980
26.1399999999994,8378
26.1399999999994,8618
26.1869999999981,8720
26.1869999999981,8850
26.1869999999981,8690
26.1869999999981,8126
26.1869999999981,7334
26.1869999999981,6616
26.1869999999981,6294
26.1869999999981,6458
26.1869999999981,6600
26.234000000004,7320
26.234000000004,7246
26.234000000004,7754
26.234000000004,6730
26.234000000004,6482
26.234000000004,6122
26.234000000004,6616
26.234000000004,7150
26.234000000004,7916
26.234000000004,8140
26.2819999999992,8488
26.2819999999992,8660
26.2819999999992,8900
26.2819999999992,8814
26.2819999999992,8602
26.2819999999992,7818
26.2819999999992,7406
26.2819999999992,6190
26.2819999999992,5984
26.3289999999979,6720
26.3289999999979,6774
26.3289999999979,7314
26.3289999999979,7462
26.3289999999979,7488
26.3289999999979,7028
26.3289999999979,5806
26.3289999999979,6220
26.3289999999979,6800
26.3770000000004,7196
26.3770000000004,7982
26.3770000000004,8130
26.3770000000004,8524
26.3770000000004,8648
26.3770000000004,8886
26.3770000000004,8750
26.3770000000004,8252
26.3770000000004,7482
26.3770000000004,6934
26.4239999999991,5768
26.4239999999991,5632
26.4239999999991,6694
26.4239999999991,7226
26.4239999999991,7254
26.4239999999991,7744
26.4239999999991,7264
26.4239999999991,6802
26.4239999999991,5558
26.4709999999977,5760
26.4709999999977,7020
26.4709999999977,7272
26.4709999999977,8188
26.4709999999977,8300
26.4709999999977,8572
26.4709999999977,8654
26.4709999999977,8822
26.4709999999977,8642
26.5180000000037,7980
26.5180000000037,7392
26.5180000000037,6176
26.5180000000037,6004
26.5180000000037,6714
26.5180000000037,6590
26.5180000000037,7314
26.5180000000037,7232
26.5180000000037,7736
26.5180000000037,6872
26.5650000000023,5958
26.5650000000023,5958
26.5650000000023,6918
26.5650000000023,7228
26.5650000000023,8006
26.5650000000023,8120
26.5650000000023,8478
26.5650000000023,8622
26.5650000000023,8860
26.5650000000023,8722
26.6129999999976,8222
26.6129999999976,7422
26.6129999999976,6894
26.6129999999976,6302
26.6129999999976,6068
26.6129999999976,6574
26.6129999999976,7386
26.6129999999976,7236
26.6129999999976,7708
26.6600000000035,7150
26.6600000000035,6738
26.6600000000035,5888
26.6600000000035,6102
26.6600000000035,7108
26.6600000000035,7772
26.6600000000035,8088
26.6600000000035,8422
26.6600000000035,8634
26.7079999999987,8850
26.7079999999987,8834
26.7079999999987,8642
26.7079999999987,7992
26.7079999999987,7408
26.7079999999987,6222
26.7079999999987,6014
26.7079999999987,6684
26.7079999999987,6694
26.7549999999974,7298
26.7549999999974,7442
26.7549999999974,7452
26.7549999999974,7010
26.7549999999974,6082
26.7549999999974,6144
26.7549999999974,6828
26.7549999999974,7202
26.7549999999974,7972
26.7549999999974,8130
26.8029999999999,8516
26.8029999999999,8634
26.8029999999999,8880
26.8029999999999,8722
26.8029999999999,8182
26.8029999999999,7540
26.8029999999999,7062
26.8029999999999,6134
26.8029999999999,5646
26.8029999999999,6616
26.8499999999985,7320
26.8499999999985,7252
26.8499999999985,7698
26.8499999999985,7056
26.8499999999985,6626
26.8499999999985,6078
26.8499999999985,5758
26.8499999999985,7084
26.8499999999985,7602
26.898000000001,7988
26.898000000001,8362
26.898000000001,8602
26.898000000001,8834
26.898000000001,8798
26.898000000001,8624
26.898000000001,7812
26.898000000001,7252
26.898000000001,5888
26.9449999999997,5986
26.9449999999997,6708
26.9449999999997,6766
26.9449999999997,7278
26.9449999999997,7520
26.9449999999997,7416
26.9449999999997,6976
26.9449999999997,5712
26.9449999999997,5852
26.9919999999984,7206
26.9919999999984,7202
26.9919999999984,7996
26.9919999999984,8166
26.9919999999984,8536
26.9919999999984,8638
26.9919999999984,8860
26.9919999999984,8696
26.9919999999984,8140
26.9919999999984,7274
27.0390000000043,6674
27.0390000000043,6286
27.0390000000043,6422
27.0390000000043,6586
27.0390000000043,7324
27.0390000000043,7238
27.0390000000043,7710
27.0390000000043,6974
27.0390000000043,6548
27.0869999999995,6122
27.0869999999995,6580
27.0869999999995,7144
27.0869999999995,7880
27.0869999999995,8124
27.0869999999995,8392
27.0869999999995,8602
27.0869999999995,8848
27.0869999999995,8778
27.0869999999995,8172
27.1339999999982,7708
27.1339999999982,7170
27.1339999999982,5778
27.1339999999982,5656
27.1339999999982,6694
27.1339999999982,7216
27.1339999999982,7284
27.1339999999982,7626
27.1339999999982,7426
27.1820000000007,6904
27.1820000000007,5632
27.1820000000007,5796
27.1820000000007,7046
27.1820000000007,7288
27.1820000000007,8196
27.1820000000007,8294
27.1820000000007,8568
27.1820000000007,8618
27.1820000000007,8828
27.2289999999994,8634
27.2289999999994,8034
27.2289999999994,7452
27.2289999999994,6330
27.2289999999994,6138
27.2289999999994,6626
27.2289999999994,6632
27.2289999999994,7324
27.2289999999994,7284
27.275999999998,7776
27.275999999998,6810
27.275999999998,6276
27.275999999998,6232
27.275999999998,6748
27.275999999998,7176
27.275999999998,7970
27.275999999998,8120
27.275999999998,8488
27.323000000004,8614
27.323000000004,8854
27.323000000004,8722
27.323000000004,8224
27.323000000004,7436
27.323000000004,6898
27.323000000004,6288
27.323000000004,6076
27.323000000004,6610
27.323000000004,7438
27.3700000000026,7246
27.3700000000026,7726
27.3700000000026,6960
27.3700000000026,6524
27.3700000000026,5742
27.3700000000026,5878
27.3700000000026,7104
27.3700000000026,7734
27.3700000000026,8064
27.4179999999978,8396
27.4179999999978,8608
27.4179999999978,8854
27.4179999999978,8782
27.4179999999978,8172
27.4179999999978,7710
27.4179999999978,7170
27.4179999999978,5774
27.4179999999978,5860
27.4179999999978,6832
27.4650000000038,7042
27.4650000000038,7272
27.4650000000038,7628
27.4650000000038,7442
27.4650000000038,6914
27.4650000000038,5668
27.4650000000038,5816
27.4650000000038,6980
27.4650000000038,7226
27.512999999999,8026
27.512999999999,8206
27.512999999999,8530
27.512999999999,8602
27.512999999999,8812
27.512999999999,8632
27.512999999999,7998
27.512999999999,7408
27.512999999999,6246
27.5599999999977,6292
27.5599999999977,6452
27.5599999999977,6576
27.5599999999977,7310
27.5599999999977,7242
27.5599999999977,7750
27.5599999999977,6740
27.5599999999977,6072
27.5599999999977,6104
27.6080000000002,6838
27.6080000000002,7150
27.6080000000002,7908
27.6080000000002,8110
27.6080000000002,8454
27.6080000000002,8606
27.6080000000002,8860
27.6080000000002,8706
27.6080000000002,8172
27.6080000000002,7308
27.6549999999988,6776
27.6549999999988,6302
27.6549999999988,6364
27.6549999999988,6574
27.6549999999988,7340
27.6549999999988,7252
27.6549999999988,7704
27.6549999999988,7036
27.6549999999988,6622
27.6549999999988,6088
27.7019999999975,6476
27.7019999999975,7174
27.7019999999975,7854
27.7019999999975,8130
27.7019999999975,8448
27.7019999999975,8624
27.7019999999975,8714
27.7019999999975,8844
27.7019999999975,8664
27.7490000000034,8032
27.7490000000034,7442
27.7490000000034,6288
27.7490000000034,6058
27.7490000000034,6642
27.7490000000034,6600
27.7490000000034,7304
27.7490000000034,7366
27.7490000000034,7536
27.7490000000034,6724
27.7969999999987,6168
27.7969999999987,6206
27.7969999999987,6796
27.7969999999987,7210
27.7969999999987,7980
27.7969999999987,8142
27.7969999999987,8500
27.7969999999987,8618
27.8439999999973,8874
27.8439999999973,8730
27.8439999999973,8228
27.8439999999973,7454
27.8439999999973,6910
27.8439999999973,6288
27.8439999999973,5940
27.8439999999973,6600
27.8439999999973,7370
27.8439999999973,7232
27.8919999999998,7716
27.8919999999998,6986
27.8919999999998,6796
27.8919999999998,5614
27.8919999999998,5822
27.8919999999998,7114
27.8919999999998,7672
27.8919999999998,8052
27.8919999999998,8412
27.9380000000019,8648
27.9380000000019,8704
27.9380000000019,8874
27.9380000000019,8668
27.9380000000019,8094
27.9380000000019,7360
27.9380000000019,6828
27.9380000000019,6318
27.9380000000019,6304
27.9380000000019,6616
27.9859999999971,7364
27.9859999999971,7254
27.9859999999971,7760
27.9859999999971,6944
27.9859999999971,6508
27.9859999999971,6138
27.9859999999971,5958
27.9859999999971,7130
27.9859999999971,7730
28.0330000000031,8080
28.0330000000031,8422
28.0330000000031,8654
28.0330000000031,8700
28.0330000000031,8894
28.0330000000031,8700
28.0330000000031,8150
28.0330000000031,7320
28.0330000000031,6666
28.0330000000031,6302
28.0800000000017,6442
28.0800000000017,6622
28.0800000000017,7400
28.0800000000017,7258
28.0800000000017,7730
28.0800000000017,7038
28.0800000000017,6622
28.0800000000017,6104
28.0800000000017,6504
28.1270000000004,7164
28.1270000000004,7874
28.1270000000004,8002
28.1270000000004,8388
28.1270000000004,8622
28.1270000000004,8704
28.1270000000004,8850
28.1270000000004,8660
28.1270000000004,8062
28.1739999999991,7474
28.1739999999991,6370
28.1739999999991,6168
28.1739999999991,6602
28.1739999999991,6632
28.1739999999991,7282
28.1739999999991,7246
28.1739999999991,7772
28.1739999999991,6862
28.2209999999977,6366
28.2209999999977,6186
28.2209999999977,6704
28.2209999999977,7182
28.2209999999977,7956
28.2209999999977,8120
28.2209999999977,8484
28.2209999999977,8622
28.2209999999977,8864
28.2209999999977,8782
28.2690000000002,8192
28.2690000000002,7724
28.2690000000002,7176
28.2690000000002,5794
28.2690000000002,5666
28.2690000000002,6694
28.2690000000002,7196
28.2690000000002,7252
28.2690000000002,7628
28.3159999999989,7400
28.3159999999989,6882
28.3159999999989,5606
28.3159999999989,5768
28.3159999999989,7012
28.3159999999989,7292
28.3159999999989,8180
28.3159999999989,8300
28.3159999999989,8562
28.3159999999989,8664
28.3629999999976,8844
28.3629999999976,8650
28.3629999999976,8094
28.3629999999976,7446
28.3629999999976,6502
28.3629999999976,6312
28.3629999999976,6528
28.3629999999976,6600
28.3629999999976,7314
28.4110000000001,7236
28.4110000000001,7734
28.4110000000001,6866
28.4110000000001,6400
28.4110000000001,6148
28.4110000000001,6688
28.4110000000001,7150
28.4110000000001,7926
28.4110000000001,8088
28.4579999999987,8448
28.4579999999987,8568
28.4579999999987,8788
28.4579999999987,8602
28.4579999999987,7998
28.4579999999987,7262
28.4579999999987,6646
28.4579999999987,6294
28.4579999999987,6430
28.4579999999987,6590
28.5060000000012,7304
28.5060000000012,7236
28.5060000000012,7756
28.5060000000012,6718
28.5060000000012,6112
28.5060000000012,6140
28.5060000000012,6600
28.5060000000012,7146
28.5060000000012,7894
28.5529999999999,8114
28.5529999999999,8460
28.5529999999999,8638
28.5529999999999,8900
28.5529999999999,8766
28.5529999999999,8244
28.5529999999999,7648
28.5529999999999,7154
28.5529999999999,5748
28.5529999999999,5786
28.5999999999985,6720
28.5999999999985,7104
28.5999999999985,7218
28.5999999999985,7704
28.5999999999985,7334
28.5999999999985,6828
28.5999999999985,5534
28.5999999999985,5722
28.5999999999985,7074
28.6469999999972,7274
28.6469999999972,8110
28.6469999999972,8248
28.6469999999972,8576
28.6469999999972,8654
28.6469999999972,8860
28.6469999999972,8696
28.6469999999972,8146
28.6469999999972,7278
28.6949999999997,6698
28.6949999999997,6302
28.6949999999997,6416
28.6949999999997,6586
28.6949999999997,7366
28.6949999999997,7246
28.6949999999997,7716
28.6949999999997,7006
28.6949999999997,6596
28.6949999999997,6102
28.7419999999984,6524
28.7419999999984,7154
28.7419999999984,7868
28.7419999999984,8134
28.7419999999984,8452
28.7419999999984,8608
28.7419999999984,8772
28.7419999999984,8828
28.7419999999984,8622
28.7890000000043,7936
28.7890000000043,7364
28.7890000000043,6092
28.7890000000043,5904
28.7890000000043,6800
28.7890000000043,6970
28.7890000000043,7314
28.7890000000043,7258
28.7890000000043,7736
28.7890000000043,6956
28.836000000003,5940
28.836000000003,5970
28.836000000003,6950
28.836000000003,7236
28.836000000003,8026
28.836000000003,8180
28.836000000003,8540
28.836000000003,8648
28.836000000003,8916
28.8839999999982,8786
28.8839999999982,8234
28.8839999999982,7690
28.8839999999982,7164
28.8839999999982,5768
28.8839999999982,5646
28.8839999999982,6714
28.8839999999982,7226
28.8839999999982,7258
28.8839999999982,7754
28.9310000000041,7284
28.9310000000041,6920
28.9310000000041,5656
28.9310000000041,5814
28.9310000000041,7100
28.9310000000041,7310
28.9310000000041,8170
28.9310000000041,8288
28.9310000000041,8598
28.9780000000028,8664
28.9780000000028,8874
28.9780000000028,8706
28.9780000000028,8146
28.9780000000028,7490
28.9780000000028,6950
28.9780000000028,6258
28.9780000000028,5786
28.9780000000028,6602
29.0250000000015,7360
29.0250000000015,7246
29.0250000000015,7714
29.0250000000015,7026
29.0250000000015,6620
29.0250000000015,6092
29.0250000000015,5778
29.0250000000015,7098
29.0250000000015,7628
29.073000000004,7988
29.073000000004,8372
29.073000000004,8598
29.073000000004,8736
29.073000000004,8786
29.073000000004,8618
29.073000000004,7806
29.073000000004,7238
29.073000000004,5872
29.073000000004,5996
29.1200000000026,6724
29.1200000000026,6780
29.1200000000026,7292
29.1200000000026,7500
29.1200000000026,7422
29.1200000000026,6996
29.1200000000026,5748
29.1200000000026,5826
29.1200000000026,7170
29.1670000000013,7210
29.1670000000013,7998
29.1670000000013,8146
29.1670000000013,8510
29.1670000000013,8634
29.1670000000013,8886
29.1670000000013,8730
29.1670000000013,8188
29.1670000000013,7364
29.1670000000013,6832
29.2150000000038,6308
29.2150000000038,6292
29.2150000000038,6648
29.2150000000038,7300
29.2150000000038,7258
29.2150000000038,7710
29.2150000000038,7104
29.2150000000038,6694
29.2150000000038,5996
29.2620000000024,6262
29.2620000000024,7128
29.2620000000024,7806
29.2620000000024,8088
29.2620000000024,8408
29.2620000000024,8572
29.2620000000024,8778
29.2620000000024,8792
29.2620000000024,8612
29.3090000000011,7806
29.3090000000011,7246
29.3090000000011,5872
29.3090000000011,5718
29.3090000000011,6672
29.3090000000011,7140
29.3090000000011,7232
29.3090000000011,7524
29.3090000000011,7426
29.3090000000011,6982
29.3559999999998,5728
29.3559999999998,5820
29.3559999999998,7186
29.3559999999998,7272
29.3559999999998,8110
29.3559999999998,8252
29.3559999999998,8550
29.3559999999998,8622
29.3559999999998,8860
29.4040000000023,8684
29.4040000000023,8120
29.4040000000023,7268
29.4040000000023,6682
29.4040000000023,6282
29.4040000000023,6420
29.4040000000023,6590
29.4040000000023,7284
29.4040000000023,7242
29.4040000000023,7766
29.4500000000044,7006
29.4500000000044,6590
29.4500000000044,6098
29.4500000000044,6518
29.4500000000044,7146
29.4500000000044,7874
29.4500000000044,8116
29.4500000000044,8452
29.4500000000044,8644
29.4979999999996,8864
29.4979999999996,8804
29.4979999999996,8628
29.4979999999996,7962
29.4979999999996,7380
29.4979999999996,6138
29.4979999999996,5964
29.4979999999996,6754
29.4979999999996,6858
29.4979999999996,7288
29.5449999999983,7530
29.5449999999983,7432
29.5449999999983,7010
29.5449999999983,6092
29.5449999999983,6148
29.5449999999983,6856
29.5449999999983,7218
29.5449999999983,7998
29.5449999999983,8146
29.5920000000042,8516
29.5920000000042,8650
29.5920000000042,8886
29.5920000000042,8762
29.5920000000042,8270
29.5920000000042,7580
29.5920000000042,7222
29.5920000000042,5856
29.5920000000042,5712
29.6390000000029,6694
29.6390000000029,7170
29.6390000000029,7262
29.6390000000029,7756
29.6390000000029,7390
29.6390000000029,6894
29.6390000000029,5596
29.6390000000029,5784
29.6390000000029,7100
29.6869999999981,7248
29.6869999999981,8064
29.6869999999981,8218
29.6869999999981,8546
29.6869999999981,8628
29.6869999999981,8844
29.6869999999981,8644
29.6869999999981,8084
29.6869999999981,7408
29.6869999999981,6520
29.734000000004,6292
29.734000000004,6232
29.734000000004,6606
29.734000000004,7448
29.734000000004,7246
29.734000000004,7756
29.734000000004,6980
29.734000000004,6556
29.734000000004,6130
29.7810000000027,6606
29.7810000000027,7130
29.7810000000027,7878
29.7810000000027,8022
29.7810000000027,8370
29.7810000000027,8588
29.7810000000027,8848
29.7810000000027,8760
29.7810000000027,8188
29.7810000000027,7662
29.8280000000013,7150
29.8280000000013,5750
29.8280000000013,5660
29.8280000000013,6712
29.8280000000013,7114
29.8280000000013,7310
29.8280000000013,7654
29.8280000000013,7454
29.8280000000013,6956
29.875,5686
29.875,5826
29.875,7150
29.875,7298
29.875,8140
29.875,8260
29.875,8578
29.875,8654
29.875,8894
29.9219999999987,8726
29.9219999999987,8218
29.9219999999987,7426
29.9219999999987,6898
29.9219999999987,6302
29.9219999999987,6112
29.9219999999987,6602
29.9219999999987,7366
29.9219999999987,7242
29.9700000000012,7736
29.9700000000012,7226
29.9700000000012,6806
29.9700000000012,5640
29.9700000000012,5820
29.9700000000012,7104
29.9700000000012,7690
29.9700000000012,8038
29.9700000000012,8386
29.9700000000012,8612
30.0169999999998,8786
30.0169999999998,8818
30.0169999999998,8644
30.0169999999998,8034
30.0169999999998,7446
30.0169999999998,6338
30.0169999999998,6112
30.0169999999998,6606
30.0169999999998,6606
30.0639999999985,7308
30.0639999999985,7288
30.0639999999985,7644
30.0639999999985,6992
30.0639999999985,5856
30.0639999999985,6242
30.0639999999985,6766
30.0639999999985,7186
30.0639999999985,7970
30.0639999999985,8124
30.112000000001,8496
30.112000000001,8634
30.112000000001,8884
30.112000000001,8736
30.112000000001,8238
30.112000000001,7474
30.112000000001,6920
30.112000000001,5764
30.112000000001,5652
30.1589999999997,6688
30.1589999999997,7222
30.1589999999997,7226
30.1589999999997,7704
30.1589999999997,7182
30.1589999999997,6770
30.1589999999997,5724
30.1589999999997,5898
30.1589999999997,7048
30.2070000000022,7372
30.2070000000022,7924
30.2070000000022,8314
30.2070000000022,8560
30.2070000000022,8736
30.2070000000022,8776
30.2070000000022,8504
30.2070000000022,7770
30.2070000000022,7196
30.2070000000022,5842
30.2530000000042,5698
30.2530000000042,6760
30.2530000000042,6920
30.2530000000042,7254
30.2530000000042,7586
30.2530000000042,7416
30.2530000000042,6898
30.2530000000042,5626
30.2530000000042,5806
30.3009999999995,7048
30.3009999999995,7272
30.3009999999995,8180
30.3009999999995,8198
30.3009999999995,8540
30.3009999999995,8628
30.3009999999995,8854
30.3009999999995,8670
30.3009999999995,8116
30.3009999999995,7288
30.3479999999981,6652
30.3479999999981,6278
30.3479999999981,6446
30.3479999999981,6602
30.3479999999981,7408
30.3479999999981,7242
30.3479999999981,7730
30.3479999999981,7012
30.3479999999981,6584
30.3950000000041,6108
30.3950000000041,6554
30.3950000000041,7144
30.3950000000041,7864
30.3950000000041,8116
30.3950000000041,8438
30.3950000000041,8622
30.3950000000041,8778
30.3950000000041,8812
30.3950000000041,8618
30.4420000000027,7888
30.4420000000027,7314
30.4420000000027,5994
30.4420000000027,5826
30.4420000000027,6802
30.4420000000027,7092
30.4420000000027,7284
30.4420000000027,7658
30.489999999998,7714
30.489999999998,6992
30.489999999998,5898
30.489999999998,5908
30.489999999998,6982
30.489999999998,7232
30.489999999998,8028
30.489999999998,8188
30.489999999998,8530
30.489999999998,8624
30.5370000000039,8850
30.5370000000039,8716
30.5370000000039,8218
30.5370000000039,7442
30.5370000000039,6910
30.5370000000039,6288
30.5370000000039,6052
30.5370000000039,6594
30.5370000000039,7418
30.5840000000026,7274
30.5840000000026,7766
30.5840000000026,7098
30.5840000000026,6848
30.5840000000026,5560
30.5840000000026,5770
30.5840000000026,7098
30.5840000000026,7518
30.5840000000026,7914
30.5840000000026,8360
30.6319999999978,8614
30.6319999999978,8660
30.6319999999978,8884
30.6319999999978,8680
30.6319999999978,8136
30.6319999999978,7462
30.6319999999978,6918
30.6319999999978,6268
30.6319999999978,5960
30.6800000000003,6630
30.6800000000003,7408
30.6800000000003,7314
30.6800000000003,7762
30.6800000000003,7180
30.6800000000003,6750
30.6800000000003,5866
30.6800000000003,5744
30.6800000000003,7082
30.6800000000003,7372
30.726999999999,8032
30.726999999999,8324
30.726999999999,8592
30.726999999999,8642
30.726999999999,8860
30.726999999999,8664
30.726999999999,8106
30.726999999999,7416
30.726999999999,6548
30.7739999999976,6302
30.7739999999976,6232
30.7739999999976,6612
30.7739999999976,7448
30.7739999999976,7268
30.7739999999976,7756
30.7739999999976,7022
30.7739999999976,6600
30.7739999999976,6118
30.8210000000036,6508
30.8210000000036,7098
30.8210000000036,7638
30.8210000000036,8018
30.8210000000036,8362
30.8210000000036,8582
30.8210000000036,8684
30.8210000000036,8788
30.8210000000036,8532
30.8210000000036,7782
30.8669999999984,7210
30.8669999999984,5846
30.8669999999984,5686
30.8669999999984,6750
30.8669999999984,6908
30.8669999999984,7288
30.8669999999984,7560
30.8669999999984,7436
30.8669999999984,6970
30.9140000000043,5718
30.9140000000043,5816
30.9140000000043,7192
30.9140000000043,7274
30.9140000000043,8106
30.9140000000043,8156
30.9140000000043,8510
30.9140000000043,8612
30.9140000000043,8832
30.9619999999995,8644
30.9619999999995,8084
30.9619999999995,7382
30.9619999999995,6540
30.9619999999995,6298
30.9619999999995,6512
30.9619999999995,6642
30.9619999999995,7462
30.9619999999995,7268
30.9619999999995,7750
31.010000000002,7026
31.010000000002,6606
31.010000000002,6114
31.010000000002,6524
31.010000000002,7154
31.010000000002,7858
31.010000000002,8120
31.010000000002,8422
31.010000000002,8592
31.0570000000007,8700
31.0570000000007,8818
31.0570000000007,8612
31.0570000000007,7920
31.0570000000007,7336
31.0570000000007,6052
31.0570000000007,5908
31.0570000000007,6828
31.0570000000007,7000
31.1039999999994,7314
31.1039999999994,7284
31.1039999999994,7780
31.1039999999994,6738
31.1039999999994,6160
31.1039999999994,6222
31.1039999999994,6806
31.1039999999994,7164
31.1039999999994,7966
31.1039999999994,8106
31.150999999998,8474
31.150999999998,8588
31.150999999998,8834
31.150999999998,8696
31.150999999998,8180
31.150999999998,7356
31.150999999998,6822
31.150999999998,6288
31.150999999998,6312
31.1990000000005,6584
31.1990000000005,7396
31.1990000000005,7238
31.1990000000005,7750
31.1990000000005,6930
31.1990000000005,6776
31.1990000000005,5784
31.1990000000005,5954
31.1990000000005,7094
31.1990000000005,7716
31.2459999999992,8062
31.2459999999992,8370
31.2459999999992,8576
31.2459999999992,8844
31.2459999999992,8726
31.2459999999992,8242
31.2459999999992,7514
31.2459999999992,7020
31.2459999999992,5796
31.2940000000017,5642
31.2940000000017,6684
31.2940000000017,7180
31.2940000000017,7238
31.2940000000017,7740
31.2940000000017,7288
31.2940000000017,6820
31.2940000000017,5538
31.2940000000017,5750
31.2940000000017,7062
31.3410000000003,7272
31.3410000000003,8150
31.3410000000003,8260
31.3410000000003,8552
31.3410000000003,8608
31.3410000000003,8824
31.3410000000003,8644
31.3410000000003,8026
31.387999999999,7436
31.387999999999,6308
31.387999999999,6094
31.387999999999,6616
31.387999999999,6616
31.387999999999,7320
31.387999999999,7272
31.387999999999,7782
31.387999999999,6902
31.387999999999,6440
31.4349999999977,6148
31.4349999999977,6682
31.4349999999977,7170
31.4349999999977,7914
31.4349999999977,8110
31.4349999999977,8406
31.4349999999977,8628
31.4349999999977,8766
31.4349999999977,8834
31.4349999999977,8638
31.4830000000002,7986
31.4830000000002,7396
31.4830000000002,6210
31.4830000000002,6010
31.4830000000002,6684
31.4830000000002,6688
31.4830000000002,7272
31.4830000000002,7272
31.4830000000002,7790
31.5299999999988,6822
31.5299999999988,6304
31.5299999999988,6204
31.5299999999988,6740
31.5299999999988,7176
31.5299999999988,7952
31.5299999999988,8114
31.5299999999988,8478
31.5299999999988,8642
31.5299999999988,8874
31.5780000000013,8796
31.5780000000013,8526
31.5780000000013,7776
31.5780000000013,7206
31.5780000000013,5856
31.5780000000013,5722
31.5780000000013,6694
31.5780000000013,7174
31.5780000000013,7268
31.625,7736
31.625,7436
31.625,7000
31.625,5754
31.625,5830
31.625,7156
31.625,7246
31.625,8078
31.625,8208
31.6719999999987,8536
31.6719999999987,8612
31.6719999999987,8840
31.6719999999987,8706
31.6719999999987,8182
31.6719999999987,7360
31.6719999999987,6832
31.6719999999987,6298
31.6719999999987,6298
31.6719999999987,6612
31.7200000000012,7458
31.7200000000012,7242
31.7200000000012,7750
31.7200000000012,6920
31.7200000000012,6478
31.7200000000012,5830
31.7200000000012,6000
31.7200000000012,7100
31.7200000000012,7730
31.7669999999998,8058
31.7669999999998,8386
31.7669999999998,8596
31.7669999999998,8832
31.7669999999998,8772
31.7669999999998,8192
31.7669999999998,7714
31.7669999999998,7164
31.7669999999998,6022
31.8139999999985,5888
31.8139999999985,6826
31.8139999999985,7026
31.8139999999985,7274
31.8139999999985,7618
31.8139999999985,7422
31.8139999999985,6924
31.8139999999985,5662
31.8139999999985,5810
31.8139999999985,6966
31.8609999999971,7218
31.8609999999971,8016
31.8609999999971,8186
31.8609999999971,8530
31.8609999999971,8634
31.8609999999971,8844
31.8609999999971,8684
31.8609999999971,8134
31.8609999999971,7262
31.8609999999971,6684
31.9080000000031,6282
31.9080000000031,5872
31.9080000000031,6596
31.9080000000031,7386
31.9080000000031,7232
31.9080000000031,7716
31.9080000000031,6992
31.9080000000031,6574
31.9550000000017,6114
31.9550000000017,6530
31.9550000000017,7146
31.9550000000017,7862
31.9550000000017,7998
31.9550000000017,8370
31.9550000000017,8606
31.9550000000017,8756
31.9550000000017,8838
31.9550000000017,8648
32.0030000000042,7980
32.0030000000042,7382
32.0030000000042,6176
32.0030000000042,6000
32.0030000000042,6714
32.0030000000042,6740
32.0030000000042,7282
32.0030000000042,7228
32.0030000000042,7750
32.0500000000029,6734
32.0500000000029,6072
32.0500000000029,6102
32.0500000000029,6848
32.0500000000029,7206
32.0500000000029,7988
32.0500000000029,8136
32.0500000000029,8500
32.0500000000029,8614
32.0500000000029,8860
32.0979999999981,8726
32.0979999999981,8234
32.0979999999981,7490
32.0979999999981,6974
32.0979999999981,6194
32.0979999999981,5728
32.0979999999981,6630
32.0979999999981,7346
32.0979999999981,7258
32.1450000000041,7744
32.1450000000041,7288
32.1450000000041,6816
32.1450000000041,5542
32.1450000000041,5778
32.1450000000041,7074
32.1450000000041,7520
32.1450000000041,7934
32.1450000000041,8320
32.1450000000041,8560
32.1929999999993,8798
32.1929999999993,8768
32.1929999999993,8588
32.1929999999993,7924
32.1929999999993,7346
32.1929999999993,6108
32.1929999999993,5950
32.1929999999993,6744
32.1929999999993,6884
32.2390000000014,7242
32.2390000000014,7544
32.2390000000014,7406
32.2390000000014,6928
32.2390000000014,5928
32.2390000000014,5934
32.2390000000014,6928
32.2390000000014,7210
32.2390000000014,7998
32.2870000000039,8150
32.2870000000039,8510
32.2870000000039,8624
32.2870000000039,8878
32.2870000000039,8706
32.2870000000039,8180
32.2870000000039,7372
32.2870000000039,6846
32.2870000000039,5892
32.3340000000026,5652
32.3340000000026,6642
32.3340000000026,7268
32.3340000000026,7246
32.3340000000026,7704
32.3340000000026,7134
32.3340000000026,6734
32.3340000000026,5888
32.3340000000026,6112
32.3340000000026,7104
32.3810000000012,7386
32.3810000000012,7910
32.3810000000012,8310
32.3810000000012,8560
32.3810000000012,8696
32.3810000000012,8792
32.3810000000012,8596
32.3810000000012,7898
32.3810000000012,7328
32.4279999999999,6042
32.4279999999999,5886
32.4279999999999,6800
32.4279999999999,6596
32.4279999999999,7282
32.4279999999999,7252
32.4279999999999,7724
32.4279999999999,6940
32.4279999999999,5938
32.4279999999999,5960
32.4760000000024,6934
32.4760000000024,7206
32.4760000000024,8006
32.4760000000024,8146
32.4760000000024,8464
32.4760000000024,8642
32.4760000000024,8896
32.4760000000024,8782
32.4760000000024,8188
32.523000000001,7734
32.523000000001,7176
32.523000000001,5814
32.523000000001,5672
32.523000000001,6692
32.523000000001,7164
32.523000000001,7258
32.523000000001,7572
32.523000000001,7428
32.5699999999997,6960
32.5699999999997,5714
32.5699999999997,5842
32.5699999999997,7200
32.5699999999997,7242
32.5699999999997,8074
32.5699999999997,8222
32.5699999999997,8542
32.5699999999997,8614
32.5699999999997,8878
32.6169999999984,8720
32.6169999999984,8198
32.6169999999984,7406
32.6169999999984,6874
32.6169999999984,6266
32.6169999999984,6134
32.6169999999984,6576
32.6169999999984,7406
32.6169999999984,7228
32.6640000000043,7720
32.6640000000043,7210
32.6640000000043,6800
32.6640000000043,5636
32.6640000000043,5796
32.6640000000043,7088
32.6640000000043,7664
32.6640000000043,8008
32.6640000000043,8350
32.6640000000043,8560
32.7119999999995,8838
32.7119999999995,8722
32.7119999999995,8232
32.7119999999995,7766
32.7119999999995,7210
32.7119999999995,5846
32.7119999999995,5718
32.7119999999995,6682
32.7119999999995,7136
32.7589999999982,7242
32.7589999999982,7720
32.7589999999982,7344
32.7589999999982,6848
32.7589999999982,5558
32.7589999999982,5832
32.7589999999982,7150
32.7589999999982,7236
32.7589999999982,8070
32.7589999999982,8216
32.8060000000041,8520
32.8060000000041,8576
32.8060000000041,8798
32.8060000000041,8602
32.8060000000041,7952
32.8060000000041,7366
32.8060000000041,6176
32.8060000000041,6286
32.8530000000028,6472
32.8530000000028,6626
32.8530000000028,7304
32.8530000000028,7246
32.8530000000028,7746
32.8530000000028,6720
32.8530000000028,6150
32.8530000000028,6206
32.8530000000028,6796
32.8530000000028,7124
32.900999999998,7844
32.900999999998,8074
32.900999999998,8418
32.900999999998,8602
32.900999999998,8870
32.900999999998,8750
32.900999999998,8222
32.900999999998,7628
32.900999999998,7130
32.9470000000001,5722
32.9470000000001,5666
32.9470000000001,6688
32.9470000000001,7108
32.9470000000001,7272
32.9470000000001,7674
32.9470000000001,7426
32.9470000000001,6934
32.9470000000001,5682
32.9470000000001,5840
32.9950000000026,7136
32.9950000000026,7254
32.9950000000026,8126
32.9950000000026,8242
32.9950000000026,8490
32.9950000000026,8582
32.9950000000026,8808
32.9950000000026,8608
32.9950000000026,8028
33.0420000000013,7438
33.0420000000013,6380
33.0420000000013,6210
33.0420000000013,6564
33.0420000000013,6638
33.0420000000013,7304
33.0420000000013,7246
33.0420000000013,7762
33.0420000000013,6934
33.0420000000013,6498
33.0889999999999,6128
33.0889999999999,6600
33.0889999999999,7128
33.0889999999999,7858
33.0889999999999,8064
33.0889999999999,8428
33.0889999999999,8586
33.0889999999999,8850
33.0889999999999,8730
33.1359999999986,8242
33.1359999999986,7592
33.1359999999986,7134
33.1359999999986,5780
33.1359999999986,5656
33.1359999999986,6672
33.1359999999986,7268
33.1359999999986,7268
33.1359999999986,7740
33.1829999999973,7246
33.1829999999973,6816
33.1829999999973,5630
33.1829999999973,5806
33.1829999999973,7022
33.1829999999973,7262
33.1829999999973,8156
33.1829999999973,8278
33.1829999999973,8550
33.2300000000032,8614
33.2300000000032,8824
33.2300000000032,8634
33.2300000000032,8034
33.2300000000032,7278
33.2300000000032,6740
33.2300000000032,6286
33.2300000000032,6384
33.2300000000032,6576
33.2300000000032,7314
33.2779999999984,7216
33.2779999999984,7746
33.2779999999984,6806
33.2779999999984,6292
33.2779999999984,6056
33.2779999999984,6430
33.2779999999984,7146
33.2779999999984,7832
33.2779999999984,8074
33.3250000000044,8424
33.3250000000044,8634
33.3250000000044,8760
33.3250000000044,8834
33.3250000000044,8634
33.3250000000044,7980
33.3250000000044,7386
33.3250000000044,6230
33.3250000000044,6278
33.3250000000044,6436
33.372000000003,6594
33.372000000003,7254
33.372000000003,7222
33.372000000003,7744
33.372000000003,6712
33.372000000003,6134
33.372000000003,6204
33.372000000003,6800
33.372000000003,7144
33.4190000000017,7862
33.4190000000017,8084
33.4190000000017,8442
33.4190000000017,8628
33.4190000000017,8896
33.4190000000017,8802
33.4190000000017,8608
33.4190000000017,7822
33.4190000000017,7254
33.4660000000003,5924
33.4660000000003,5770
33.4660000000003,6656
33.4660000000003,6642
33.4660000000003,7258
33.4660000000003,7400
33.4660000000003,7452
33.4660000000003,6992
33.4660000000003,5768
33.5140000000029,5846
33.5140000000029,7124
33.5140000000029,7228
33.5140000000029,7956
33.5140000000029,8116
33.5140000000029,8478
33.5140000000029,8614
33.5140000000029,8858
33.5140000000029,8714
33.5140000000029,8198
33.5610000000015,7400
33.5610000000015,6872
33.5610000000015,6286
33.5610000000015,6144
33.5610000000015,6594
33.5610000000015,7386
33.5610000000015,7252
33.5610000000015,7700
33.5610000000015,7144
33.5610000000015,6756
33.6080000000002,5832
33.6080000000002,6056
33.6080000000002,7092
33.6080000000002,7726
33.6080000000002,8044
33.6080000000002,8386
33.6080000000002,8592
33.6080000000002,8858
33.6080000000002,8804
33.6549999999988,8606
33.6549999999988,7936
33.6549999999988,7360
33.6549999999988,6114
33.6549999999988,5964
33.6549999999988,6750
33.6549999999988,6858
33.6549999999988,7274
33.6549999999988,7524
33.7030000000013,7418
33.7030000000013,6786
33.7030000000013,6036
33.7030000000013,6068
33.7030000000013,6874
33.7030000000013,7202
33.7030000000013,7996
33.7030000000013,8150
33.7030000000013,8500
33.75,8638
33.75,8878
33.75,8750
33.75,8172
33.75,7710
33.75,7164
33.75,5794
33.75,5660
33.75,6694
33.75,7192
33.7980000000025,7274
33.7980000000025,7736
33.7980000000025,7278
33.7980000000025,6812
33.7980000000025,5672
33.7980000000025,5822
33.7980000000025,7160
33.7980000000025,7272
33.7980000000025,8124
33.8439999999973,8254
33.8439999999973,8556
33.8439999999973,8650
33.8439999999973,8874
33.8439999999973,8736
33.8439999999973,8216
33.8439999999973,7426
33.8439999999973,6892
33.8439999999973,5748
33.8439999999973,5666
33.8919999999998,6694
33.8919999999998,7264
33.8919999999998,7300
33.8919999999998,7762
33.8919999999998,7288
33.8919999999998,6828
33.8919999999998,5548
33.8919999999998,5770
33.8919999999998,7160
33.9389999999985,7274
33.9389999999985,8124
33.9389999999985,8252
33.9389999999985,8552
33.9389999999985,8644
33.9389999999985,8858
33.9389999999985,8694
33.9389999999985,8150
33.9389999999985,7282
33.9389999999985,6754
33.987000000001,6288
33.987000000001,5686
33.987000000001,6662
33.987000000001,7328
33.987000000001,7292
33.987000000001,7716
33.987000000001,7154
33.987000000001,6744
33.987000000001,5876
34.0339999999997,6098
34.0339999999997,7098
34.0339999999997,7720
34.0339999999997,8034
34.0339999999997,8310
34.0339999999997,8566
34.0339999999997,8644
34.0339999999997,8824
34.0339999999997,8628
34.0820000000022,7982
34.0820000000022,7376
34.0820000000022,6232
34.0820000000022,6016
34.0820000000022,6642
34.0820000000022,6642
34.0820000000022,7288
34.0820000000022,7232
34.0820000000022,7756
34.0820000000022,6764
34.1290000000008,6226
34.1290000000008,6210
34.1290000000008,6774
34.1290000000008,7180
34.1290000000008,7930
34.1290000000008,8116
34.1290000000008,8478
34.1290000000008,8648
34.1290000000008,8854
34.1759999999995,8822
34.1759999999995,8622
34.1759999999995,7950
34.1759999999995,7356
34.1759999999995,6114
34.1759999999995,5964
34.1759999999995,6738
34.1759999999995,6866
34.1759999999995,7284
34.1759999999995,7514
34.224000000002,7756
34.224000000002,6724
34.224000000002,6134
34.224000000002,6176
34.224000000002,6816
34.224000000002,7190
34.224000000002,7960
34.224000000002,8130
34.224000000002,8478
34.2710000000006,8622
34.2710000000006,8858
34.2710000000006,8756
34.2710000000006,8202
34.2710000000006,7658
34.2710000000006,7130
34.2710000000006,5744
34.2710000000006,5656
34.2710000000006,6708
34.3179999999993,7228
34.3179999999993,7298
34.3179999999993,7780
34.3179999999993,7356
34.3179999999993,6866
34.3179999999993,5768
34.3179999999993,5868
34.3179999999993,7180
34.3179999999993,7252
34.364999999998,8074
34.364999999998,8238
34.364999999998,8562
34.364999999998,8686
34.364999999998,8916
34.364999999998,8792
34.364999999998,8224
34.364999999998,7688
34.364999999998,7310
34.364999999998,5994
34.4130000000005,5842
34.4130000000005,6856
34.4130000000005,7064
34.4130000000005,7294
34.4130000000005,7606
34.4130000000005,7458
34.4130000000005,7028
34.4130000000005,5814
34.4130000000005,5896
34.4130000000005,6820
34.4599999999991,7166
34.4599999999991,7952
34.4599999999991,8116
34.4599999999991,8460
34.4599999999991,8608
34.4599999999991,8864
34.4599999999991,8710
34.4599999999991,8188
34.4599999999991,7392
34.5069999999978,6856
34.5069999999978,6276
34.5069999999978,5656
34.5069999999978,6678
34.5069999999978,7272
34.5069999999978,7282
34.5069999999978,7750
34.5069999999978,7238
34.5069999999978,6810
34.5540000000037,5578
34.5540000000037,5786
34.5540000000037,7084
34.5540000000037,7612
34.5540000000037,8182
34.5540000000037,8280
34.5540000000037,8532
34.5540000000037,8622
34.5540000000037,8798
34.601999999999,8598
34.601999999999,7920
34.601999999999,7350
34.601999999999,6078
34.601999999999,5928
34.601999999999,6776
34.601999999999,6934
34.601999999999,7320
34.601999999999,7254
34.601999999999,7750
34.6489999999976,6740
34.6489999999976,6112
34.6489999999976,6170
34.6489999999976,6832
34.6489999999976,7170
34.6489999999976,7962
34.6489999999976,8120
34.6489999999976,8414
34.6489999999976,8588
34.6970000000001,8834
34.6970000000001,8714
34.6970000000001,8202
34.6970000000001,7428
34.6970000000001,6892
34.6970000000001,6262
34.6970000000001,6040
34.6970000000001,6636
34.6970000000001,7416
34.6970000000001,7258
34.7439999999988,7744
34.7439999999988,7262
34.7439999999988,6820
34.7439999999988,5544
34.7439999999988,5768
34.7439999999988,7064
34.7439999999988,7570
34.7439999999988,7970
34.7439999999988,8336
34.7909999999974,8560
34.7909999999974,8834
34.7909999999974,8762
34.7909999999974,8176
34.7909999999974,7890
34.7909999999974,7314
34.7909999999974,6006
34.7909999999974,5882
34.7909999999974,6832
34.7909999999974,7036
34.8380000000034,7294
34.8380000000034,7596
34.8380000000034,7438
34.8380000000034,6974
34.8380000000034,6014
34.8380000000034,6016
34.8380000000034,6882
34.8380000000034,7206
34.8380000000034,7996
34.8859999999986,8156
34.8859999999986,8488
34.8859999999986,8624
34.8859999999986,8860
34.8859999999986,8706
34.8859999999986,8166
34.8859999999986,7340
34.8859999999986,6796
34.8859999999986,6052
34.9329999999973,5646
34.9329999999973,6662
34.9329999999973,7304
34.9329999999973,7298
34.9329999999973,7746
34.9329999999973,7212
34.9329999999973,6802
34.9329999999973,5678
34.9329999999973,5842
34.9329999999973,7026
34.9800000000032,7268
34.9800000000032,8126
34.9800000000032,8300
34.9800000000032,8550
34.9800000000032,8634
34.9800000000032,8822
34.9800000000032,8618
34.9800000000032,7970
34.9800000000032,7370
35.0270000000019,6174
35.0270000000019,5968
35.0270000000019,6482
35.0270000000019,6636
35.0270000000019,7294
35.0270000000019,7268
35.0270000000019,7780
35.0270000000019,6792
35.0270000000019,6258
35.0270000000019,6216
35.0750000000044,6740
35.0750000000044,7160
35.0750000000044,7940
35.0750000000044,8068
35.0750000000044,8412
35.0750000000044,8608
35.0750000000044,8878
35.0750000000044,8786
35.0750000000044,8362
35.122000000003,7740
35.122000000003,7180
35.122000000003,5820
35.122000000003,5696
35.122000000003,6692
35.122000000003,7170
35.122000000003,7272
35.122000000003,7580
35.122000000003,7422
35.1690000000017,6986
35.1690000000017,5738
35.1690000000017,5850
35.1690000000017,7180
35.1690000000017,7248
35.1690000000017,8078
35.1690000000017,8222
35.1690000000017,8470
35.1690000000017,8588
35.2160000000003,8814
35.2160000000003,8632
35.2160000000003,8078
35.2160000000003,7360
35.2160000000003,6538
35.2160000000003,6292
35.2160000000003,6482
35.2160000000003,6620
35.2160000000003,7298
35.2160000000003,7242
35.262999999999,7736
35.262999999999,6964
35.262999999999,6534
35.262999999999,6104
35.262999999999,6584
35.262999999999,7120
35.262999999999,7854
35.262999999999,8070
35.262999999999,8414
35.3110000000015,8596
35.3110000000015,8868
35.3110000000015,8742
35.3110000000015,8412
35.3110000000015,7750
35.3110000000015,7190
35.3110000000015,5840
35.3110000000015,5742
35.3110000000015,6694
35.3110000000015,7166
35.3580000000002,7284
35.3580000000002,7736
35.3580000000002,7334
35.3580000000002,6838
35.3580000000002,5732
35.3580000000002,5842
35.3580000000002,7192
35.3580000000002,7238
35.3580000000002,8068
35.4049999999988,8208
35.4049999999988,8510
35.4049999999988,8586
35.4049999999988,8814
35.4049999999988,8628
35.4049999999988,8026
35.4049999999988,7428
35.4049999999988,6348
35.4049999999988,6298
35.4519999999975,6394
35.4519999999975,6610
35.4519999999975,7212
35.4519999999975,7232
35.4519999999975,7750
35.4519999999975,6828
35.4519999999975,6340
35.4519999999975,6160
35.4519999999975,6384
35.5,7104
35.5,7782
35.5,8032
35.5,8372
35.5,8562
35.5,8828
35.5,8704
35.5,8198
35.5,7426
35.5,6902
35.5469999999987,6258
35.5469999999987,6000
35.5469999999987,6662
35.5469999999987,7242
35.5469999999987,7262
35.5469999999987,7708
35.5469999999987,7176
35.5469999999987,6776
35.5469999999987,5714
35.5950000000012,5886
35.5950000000012,7048
35.5950000000012,7674
35.5950000000012,7996
35.5950000000012,8264
35.5950000000012,8506
35.5950000000012,8812
35.5950000000012,8720
35.5950000000012,8216
35.5950000000012,7602
35.6419999999998,7118
35.6419999999998,5722
35.6419999999998,5650
35.6419999999998,6666
35.6419999999998,7232
35.6419999999998,7254
35.6419999999998,7674
35.6419999999998,7366
35.6419999999998,6862
35.6419999999998,5590
35.6900000000023,5774
35.6900000000023,6996
35.6900000000023,7228
35.6900000000023,8146
35.6900000000023,8268
35.6900000000023,8536
35.6900000000023,8608
35.6900000000023,8814
35.6900000000023,8674
35.7359999999971,8140
35.7359999999971,7274
35.7359999999971,6718
35.7359999999971,6282
35.7359999999971,6386
35.7359999999971,6586
35.7359999999971,7278
35.7359999999971,7212
35.7359999999971,7740
35.7839999999997,6806
35.7839999999997,6626
35.7839999999997,6036
35.7839999999997,6394
35.7839999999997,7098
35.7839999999997,7790
35.7839999999997,8034
35.7839999999997,8376
35.7839999999997,8576
35.8309999999983,8844
35.8309999999983,8722
35.8309999999983,8242
35.8309999999983,7550
35.8309999999983,7196
35.8309999999983,5866
35.8309999999983,5728
35.8309999999983,6666
35.8309999999983,7124
35.8309999999983,7246
35.8780000000042,7704
35.8780000000042,7308
35.8780000000042,6810
35.8780000000042,5542
35.8780000000042,5734
35.8780000000042,7186
35.8780000000042,7212
35.8780000000042,8068
35.8780000000042,8206
35.9250000000029,8480
35.9250000000029,8612
35.9250000000029,8772
35.9250000000029,8576
35.9250000000029,7868
35.9250000000029,7292
35.9250000000029,6014
35.9250000000029,5868
35.9250000000029,6816
35.9250000000029,6602
35.9720000000016,7278
35.9720000000016,7238
35.9720000000016,7690
35.9720000000016,6964
35.9720000000016,5882
35.9720000000016,5912
35.9720000000016,6980
35.9720000000016,7200
35.9720000000016,7998
36.0200000000041,8084
36.0200000000041,8434
36.0200000000041,8582
36.0200000000041,8834
36.0200000000041,8686
36.0200000000041,8160
36.0200000000041,7340
36.0200000000041,6802
36.0200000000041,6288
36.0670000000027,6288
36.0670000000027,6566
36.0670000000027,7308
36.0670000000027,7186
36.0670000000027,7680
36.0670000000027,7074
36.0670000000027,6642
36.0670000000027,6016
36.0670000000027,6354
36.1140000000014,7074
36.1140000000014,7766
36.1140000000014,8016
36.1140000000014,8366
36.1140000000014,8546
36.1140000000014,8822
36.1140000000014,8706
36.1140000000014,8224
36.1140000000014,7554
36.1140000000014,7124
36.1610000000001,5862
36.1610000000001,5656
36.1610000000001,6652
36.1610000000001,7258
36.1610000000001,7248
36.1610000000001,7716
36.1610000000001,7190
36.1610000000001,6866
36.1610000000001,5588
36.2090000000026,5758
36.2090000000026,7016
36.2090000000026,7264
36.2090000000026,8016
36.2090000000026,8284
36.2090000000026,8540
36.2090000000026,8660
36.2090000000026,8818
36.2090000000026,8628
36.2090000000026,8126
36.2560000000012,7262
36.2560000000012,6682
36.2560000000012,6286
36.2560000000012,6410
36.2560000000012,6600
36.2560000000012,7294
36.2560000000012,7232
36.2560000000012,7760
36.2560000000012,6838
36.3040000000037,6358
36.3040000000037,6170
36.3040000000037,6324
36.3040000000037,7104
36.3040000000037,7756
36.3040000000037,8032
36.3040000000037,8388
36.3040000000037,8598
36.3040000000037,8860
36.3510000000024,8804
36.3510000000024,8608
36.3510000000024,7894
36.3510000000024,7324
36.3510000000024,6050
36.3510000000024,6236
36.3510000000024,6556
36.3510000000024,6596
36.3510000000024,7274
36.3510000000024,7252
36.398000000001,7710
36.398000000001,6930
36.398000000001,5944
36.398000000001,5964
36.398000000001,6924
36.398000000001,7140
36.398000000001,7904
36.398000000001,8080
36.398000000001,8428
36.4449999999997,8576
36.4449999999997,8832
36.4449999999997,8680
36.4449999999997,8136
36.4449999999997,7292
36.4449999999997,6754
36.4449999999997,6286
36.4449999999997,6366
36.4449999999997,6620
36.4449999999997,7298
36.4930000000022,7232
36.4930000000022,7684
36.4930000000022,7038
36.4930000000022,6610
36.4930000000022,6042
36.4930000000022,6416
36.4930000000022,7092
36.4930000000022,7806
36.4930000000022,7950
36.5400000000009,8320
36.5400000000009,8550
36.5400000000009,8828
36.5400000000009,8756
36.5400000000009,8180
36.5400000000009,7684
36.5400000000009,7150
36.5400000000009,5784
36.5400000000009,5666
36.5400000000009,6678
36.5869999999995,7176
36.5869999999995,7246
36.5869999999995,7600
36.5869999999995,7380
36.5869999999995,6882
36.5869999999995,5610
36.5869999999995,5780
36.5869999999995,7032
36.5869999999995,7252
36.635000000002,8156
36.635000000002,8264
36.635000000002,8496
36.635000000002,8614
36.635000000002,8828
36.635000000002,8668
36.635000000002,8126
36.635000000002,7258
36.635000000002,6698
36.6820000000007,6288
36.6820000000007,6396
36.6820000000007,6602
36.6820000000007,7304
36.6820000000007,7210
36.6820000000007,7700
36.6820000000007,7032
36.6820000000007,6612
36.6820000000007,6046
36.6820000000007,6442
36.7289999999994,7104
36.7289999999994,7816
36.7289999999994,8052
36.7289999999994,8392
36.7289999999994,8588
36.7289999999994,8848
36.7289999999994,8772
36.7289999999994,8576
36.7289999999994,7782
36.7770000000019,7218
36.7770000000019,5878
36.7770000000019,5724
36.7770000000019,6702
36.7770000000019,7140
36.7770000000019,7278
36.7770000000019,7690
36.7770000000019,7412
36.7770000000019,7000
36.7770000000019,5904
36.8240000000005,5954
36.8240000000005,6986
36.8240000000005,7218
36.8240000000005,8006
36.8240000000005,8170
36.8240000000005,8504
36.8240000000005,8624
36.8240000000005,8870
36.8240000000005,8710
36.872000000003,8192
36.872000000003,7590
36.872000000003,7128
36.872000000003,5826
36.872000000003,5666
36.872000000003,6672
36.872000000003,7268
36.872000000003,7278
36.872000000003,7744
36.9190000000017,7248
36.9190000000017,6816
36.9190000000017,5558
36.9190000000017,5790
36.9190000000017,7036
36.9190000000017,7282
36.9190000000017,8162
36.9190000000017,8278
36.9190000000017,8568
36.9670000000042,8660
36.9670000000042,8878
36.9670000000042,8726
36.9670000000042,8206
36.9670000000042,7412
36.9670000000042,6872
36.9670000000042,5784
36.9670000000042,5666
36.9670000000042,6684
36.9670000000042,7264
37.0140000000029,7288
37.0140000000029,7770
37.0140000000029,7300
37.0140000000029,6838
37.0140000000029,5550
37.0140000000029,5748
37.0140000000029,7068
37.0140000000029,7282
37.0140000000029,8116
37.0140000000029,8258
37.0610000000015,8572
37.0610000000015,8670
37.0610000000015,8886
37.0610000000015,8752
37.0610000000015,8254
37.0610000000015,7520
37.0610000000015,7036
37.0610000000015,6128
37.0610000000015,5666
37.1080000000002,6652
37.1080000000002,7186
37.1080000000002,7274
37.1080000000002,7744
37.1080000000002,7376
37.1080000000002,6874
37.1080000000002,5596
37.1080000000002,5784
37.1080000000002,7000
37.1080000000002,7252
37.1549999999988,8152
37.1549999999988,8284
37.1549999999988,8546
37.1549999999988,8598
37.1549999999988,8828
37.1549999999988,8650
37.1549999999988,8098
37.1549999999988,7268
37.2030000000013,6612
37.2030000000013,6288
37.2030000000013,6420
37.2030000000013,6620
37.2030000000013,7246
37.2030000000013,7222
37.2030000000013,7710
37.2030000000013,7002
37.2030000000013,6600
37.2030000000013,6058
37.2490000000034,6488
37.2490000000034,7108
37.2490000000034,7834
37.2490000000034,8058
37.2490000000034,8414
37.2490000000034,8602
37.2490000000034,8746
37.2490000000034,8814
37.2490000000034,8624
37.2969999999987,7972
37.2969999999987,7360
37.2969999999987,6194
37.2969999999987,5996
37.2969999999987,6672
37.2969999999987,6642
37.2969999999987,7288
37.2969999999987,7376
37.2969999999987,7582
37.2969999999987,6764
37.3439999999973,6226
37.3439999999973,6204
37.3439999999973,6738
37.3439999999973,7174
37.3439999999973,7930
37.3439999999973,8116
37.3439999999973,8480
37.3439999999973,8644
37.3439999999973,8886
37.3910000000033,8782
37.3910000000033,8598
37.3910000000033,7900
37.3910000000033,7324
37.3910000000033,6058
37.3910000000033,5892
37.3910000000033,6806
37.3910000000033,6986
37.3910000000033,7288
37.3910000000033,7560
37.4380000000019,7422
37.4380000000019,7006
37.4380000000019,6092
37.4380000000019,6138
37.4380000000019,6826
37.4380000000019,7192
37.4380000000019,7952
37.4380000000019,8130
37.4380000000019,8490
37.4859999999971,8642
37.4859999999971,8870
37.4859999999971,8768
37.4859999999971,8268
37.4859999999971,7618
37.4859999999971,7242
37.4859999999971,5912
37.4859999999971,5750
37.4859999999971,6754
37.5330000000031,7140
37.5330000000031,7298
37.5330000000031,7654
37.5330000000031,7452
37.5330000000031,6970
37.5330000000031,5712
37.5330000000031,5850
37.5330000000031,6894
37.5330000000031,7200
37.5809999999983,7962
37.5809999999983,8124
37.5809999999983,8478
37.5809999999983,8612
37.5809999999983,8850
37.5809999999983,8704
37.5809999999983,8180
37.5809999999983,7360
37.5809999999983,6812
37.5809999999983,6276
37.6280000000042,6282
37.6280000000042,6674
37.6280000000042,7294
37.6280000000042,7292
37.6280000000042,7766
37.6280000000042,7274
37.6280000000042,6828
37.6280000000042,5550
37.6280000000042,5770
37.6759999999995,7056
37.6759999999995,7560
37.6759999999995,7960
37.6759999999995,8320
37.6759999999995,8516
37.6759999999995,8622
37.6759999999995,8788
37.6759999999995,8586
37.6759999999995,7884
37.6759999999995,7300
37.7229999999981,6026
37.7229999999981,5866
37.7229999999981,6822
37.7229999999981,7010
37.7229999999981,7294
37.7229999999981,7282
37.7229999999981,7756
37.7229999999981,6730
37.7229999999981,6134
37.7700000000041,6204
37.7700000000041,6822
37.7700000000041,7166
37.7700000000041,7904
37.7700000000041,8090
37.7700000000041,8468
37.7700000000041,8612
37.7700000000041,8858
37.7700000000041,8746
37.8170000000027,8216
37.8170000000027,7628
37.8170000000027,7124
37.8170000000027,5724
37.8170000000027,5662
37.8170000000027,6688
37.8170000000027,7228
37.8170000000027,7264
37.8170000000027,7730
37.8170000000027,7254
37.8640000000014,6806
37.8640000000014,5620
37.8640000000014,5800
37.8640000000014,7020
37.8640000000014,7238
37.8640000000014,8160
37.8640000000014,8254
37.8640000000014,8516
37.8640000000014,8720
37.9110000000001,8772
37.9110000000001,8586
37.9110000000001,7838
37.9110000000001,7264
37.9110000000001,6258
37.9110000000001,6020
37.9110000000001,6612
37.9110000000001,6594
37.9110000000001,7272
37.9110000000001,7300
37.9579999999987,7648
37.9579999999987,6992
37.9579999999987,5868
37.9579999999987,5908
37.9579999999987,6720
37.9579999999987,7144
37.9579999999987,7890
37.9579999999987,8074
37.9579999999987,8432
38.0049999999974,8582
38.0049999999974,8786
38.0049999999974,8628
38.0049999999974,8070
38.0049999999974,7328
38.0049999999974,6550
38.0049999999974,6268
38.0049999999974,6160
38.0049999999974,6600
38.0049999999974,7428
38.0529999999999,7262
38.0529999999999,7760
38.0529999999999,7074
38.0529999999999,6674
38.0529999999999,6056
38.0529999999999,6360
38.0529999999999,7114
38.0529999999999,7452
38.0999999999985,7880
38.0999999999985,8326
38.0999999999985,8598
38.0999999999985,8658
38.0999999999985,8874
38.0999999999985,8714
38.0999999999985,8186
38.0999999999985,7360
38.0999999999985,6816
38.0999999999985,6292
38.1469999999972,6308
38.1469999999972,6606
38.1469999999972,7294
38.1469999999972,7298
38.1469999999972,7762
38.1469999999972,7264
38.1469999999972,6828
38.1469999999972,5574
38.1469999999972,5780
38.1949999999997,7064
38.1949999999997,7556
38.1949999999997,7960
38.1949999999997,8340
38.1949999999997,8578
38.1949999999997,8602
38.1949999999997,8818
38.1949999999997,8632
38.1949999999997,8032
38.1949999999997,7428
38.2419999999984,6366
38.2419999999984,6170
38.2419999999984,6574
38.2419999999984,6636
38.2419999999984,7310
38.2419999999984,7274
38.2419999999984,7746
38.2419999999984,6930
38.2419999999984,6478
38.2890000000043,6138
38.2890000000043,6606
38.2890000000043,7136
38.2890000000043,7878
38.2890000000043,8088
38.2890000000043,8432
38.2890000000043,8608
38.2890000000043,8864
38.2890000000043,8750
38.2890000000043,8248
38.336000000003,7808
38.336000000003,7232
38.336000000003,5912
38.336000000003,5748
38.336000000003,6738
38.336000000003,7110
38.336000000003,7264
38.336000000003,7688
38.3830000000016,7386
38.3830000000016,6884
38.3830000000016,5610
38.3830000000016,5908
38.3830000000016,7032
38.3830000000016,7210
38.3830000000016,8008
38.3830000000016,8172
38.3830000000016,8488
38.3830000000016,8568
38.4300000000003,8792
38.4300000000003,8614
38.4300000000003,7966
38.4300000000003,7360
38.4300000000003,6584
38.4300000000003,6282
38.4300000000003,6452
38.4300000000003,6600
38.4300000000003,7274
38.4780000000028,7206
38.4780000000028,7726
38.4780000000028,6698
38.4780000000028,6088
38.4780000000028,6114
38.4780000000028,6594
38.4780000000028,7118
38.4780000000028,7852
38.4780000000028,8052
38.4780000000028,8392
38.5250000000015,8540
38.5250000000015,8768
38.5250000000015,8596
38.5250000000015,8012
38.5250000000015,7418
38.5250000000015,6338
38.5250000000015,6128
38.5250000000015,6390
38.5250000000015,6606
38.5250000000015,7334
38.5720000000001,7218
38.5720000000001,7750
38.5720000000001,6846
38.5720000000001,6360
38.5720000000001,6158
38.5720000000001,6694
38.5720000000001,7150
38.5720000000001,7888
38.5720000000001,8028
38.6200000000026,8376
38.6200000000026,8562
38.6200000000026,8804
38.6200000000026,8700
38.6200000000026,8198
38.6200000000026,7438
38.6200000000026,6894
38.6200000000026,6258
38.6200000000026,5976
38.6670000000013,6606
38.6670000000013,7386
38.6670000000013,7238
38.6670000000013,7740
38.6670000000013,7264
38.6670000000013,6806
38.6670000000013,5548
38.6670000000013,5758
38.6670000000013,7056
38.7139999999999,7556
38.7139999999999,7962
38.7139999999999,8326
38.7139999999999,8552
38.7139999999999,8832
38.7139999999999,8740
38.7139999999999,8588
38.7139999999999,7834
38.7139999999999,7258
38.7139999999999,5950
38.7620000000024,5770
38.7620000000024,6802
38.7620000000024,7078
38.7620000000024,7262
38.7620000000024,7664
38.7620000000024,7392
38.7620000000024,6888
38.7620000000024,5850
38.7620000000024,5914
38.8090000000011,7010
38.8090000000011,7202
38.8090000000011,8008
38.8090000000011,8180
38.8090000000011,8488
38.8090000000011,8578
38.8090000000011,8786
38.8090000000011,8608
38.8090000000011,7986
38.8090000000011,7248
38.8559999999998,6672
38.8559999999998,6292
38.8559999999998,6412
38.8559999999998,6584
38.8559999999998,7232
38.8559999999998,7206
38.8559999999998,7746
38.8559999999998,6750
38.8559999999998,6210
38.9029999999984,6062
38.9029999999984,6508
38.9029999999984,7104
38.9029999999984,7822
38.9029999999984,8044
38.9029999999984,8396
38.9029999999984,8572
38.9029999999984,8802
38.9029999999984,8704
38.9500000000044,8202
38.9500000000044,7442
38.9500000000044,6888
38.9500000000044,6262
38.9500000000044,5672
38.9500000000044,6672
38.9500000000044,7216
38.9500000000044,7248
38.9500000000044,7720
38.9979999999996,7222
38.9979999999996,6796
38.9979999999996,5564
38.9979999999996,5780
38.9979999999996,7072
38.9979999999996,7592
38.9979999999996,8160
38.9979999999996,8264
38.9979999999996,8532
38.9979999999996,8678
39.0449999999983,8802
39.0449999999983,8612
39.0449999999983,7962
39.0449999999983,7340
39.0449999999983,6176
39.0449999999983,6006
39.0449999999983,6684
39.0449999999983,6584
39.0449999999983,7252
39.0449999999983,7200
39.0930000000008,7710
39.0930000000008,6740
39.0930000000008,6058
39.0930000000008,6088
39.0930000000008,6852
39.0930000000008,7160
39.0930000000008,7916
39.0930000000008,8090
39.0930000000008,8386
39.1399999999994,8540
39.1399999999994,8766
39.1399999999994,8598
39.1399999999994,8018
39.1399999999994,7422
39.1399999999994,6384
39.1399999999994,6232
39.1399999999994,6544
39.1399999999994,6596
39.1399999999994,7262
39.1869999999981,7180
39.1869999999981,7726
39.1869999999981,6796
39.1869999999981,6282
39.1869999999981,6180
39.1869999999981,6708
39.1869999999981,7118
39.1869999999981,7874
39.1869999999981,8068
39.234000000004,8422
39.234000000004,8562
39.234000000004,8776
39.234000000004,8650
39.234000000004,8106
39.234000000004,7238
39.234000000004,6674
39.234000000004,6288
39.234000000004,6400
39.2819999999992,6576
39.2819999999992,7218
39.2819999999992,7182
39.2819999999992,7716
39.2819999999992,6682
39.2819999999992,6076
39.2819999999992,6088
39.2819999999992,6590
39.2819999999992,7120
39.3289999999979,7854
39.3289999999979,8070
39.3289999999979,8424
39.3289999999979,8606
39.3289999999979,8848
39.3289999999979,8752
39.3289999999979,8268
