25.5069999999978,8788
25.5069999999978,9340
25.5069999999978,9222
25.5069999999978,9828
25.5069999999978,9050
25.5069999999978,7418
25.5069999999978,7684
25.5069999999978,9024
25.5069999999978,9956
25.5550000000003,10188
25.5550000000003,10316
25.5550000000003,10676
25.5550000000003,9618
25.5550000000003,8976
25.5550000000003,8314
25.5550000000003,8596
25.5550000000003,8890
25.5550000000003,9270
25.601999999999,9752
25.601999999999,8618
25.601999999999,7798
25.601999999999,7672
25.601999999999,9032
25.601999999999,9736
25.601999999999,10142
25.601999999999,10286
25.601999999999,10692
25.6489999999976,9804
25.6489999999976,9250
25.6489999999976,8264
25.6489999999976,8126
25.6489999999976,8592
25.6489999999976,9332
25.6489999999976,9756
25.6489999999976,8886
25.6489999999976,8180
25.6489999999976,7884
25.6960000000036,8926
25.6960000000036,9240
25.6960000000036,10128
25.6960000000036,10272
25.6960000000036,10728
25.6960000000036,9988
25.6960000000036,9362
25.6960000000036,7606
25.6960000000036,7680
25.7439999999988,8634
25.7439999999988,9376
25.7439999999988,9574
25.7439999999988,9142
25.7439999999988,8576
25.7439999999988,8084
25.7439999999988,8904
25.7439999999988,9152
25.7439999999988,10028
25.7439999999988,10244
25.7909999999974,10708
25.7909999999974,10076
25.7909999999974,9454
25.7909999999974,7724
25.7909999999974,7524
25.7909999999974,8668
25.7909999999974,9414
25.7909999999974,9158
25.8380000000034,9286
25.8380000000034,8798
25.8380000000034,8038
25.8380000000034,8700
25.8380000000034,9192
25.8380000000034,10082
25.8380000000034,10272
25.8380000000034,10728
25.8380000000034,10204
25.8380000000034,9602
25.885000000002,8008
25.885000000002,7698
25.885000000002,8730
25.885000000002,9474
25.885000000002,9156
25.885000000002,9420
25.885000000002,8858
25.885000000002,7680
25.885000000002,8110
25.9320000000007,9126
25.9320000000007,10028
25.9320000000007,10240
25.9320000000007,10692
25.9320000000007,10236
25.9320000000007,9624
25.9320000000007,8130
25.9320000000007,7760
25.9320000000007,8746
25.9320000000007,9440
25.9800000000032,9156
25.9800000000032,9460
25.9800000000032,8890
25.9800000000032,7336
25.9800000000032,8094
25.9800000000032,9120
25.9800000000032,10266
25.9800000000032,10228
25.9800000000032,10692
26.025999999998,10214
26.025999999998,9592
26.025999999998,8198
26.025999999998,7802
26.025999999998,8768
26.025999999998,9424
26.025999999998,9178
26.025999999998,9466
26.025999999998,8940
26.0740000000005,7272
26.0740000000005,8300
26.0740000000005,9116
26.0740000000005,10240
26.0740000000005,10246
26.0740000000005,10594
26.0740000000005,10316
26.0740000000005,9306
26.0740000000005,8568
26.1209999999992,8054
26.1209999999992,8796
26.1209999999992,9312
26.1209999999992,9212
26.1209999999992,9810
26.1209999999992,9040
26.1209999999992,7400
26.1209999999992,7508
26.1209999999992,9038
26.1209999999992,10086
26.1690000000017,10198
26.1690000000017,10646
26.1690000000017,10192
26.1690000000017,9428
26.1690000000017,8336
26.1690000000017,8372
26.1690000000017,8668
26.1690000000017,9192
26.1690000000017,9238
26.1690000000017,9736
26.2160000000003,8904
26.2160000000003,7580
26.2160000000003,7586
26.2160000000003,9058
26.2160000000003,10028
26.2160000000003,10204
26.2160000000003,10398
26.2160000000003,10670
26.2160000000003,9434
26.262999999999,8742
26.262999999999,8234
26.262999999999,8752
26.262999999999,9266
26.262999999999,9310
26.262999999999,9766
26.262999999999,8818
26.262999999999,8048
26.3090000000011,7818
26.3090000000011,8978
26.3090000000011,9850
26.3090000000011,10172
26.3090000000011,10302
26.3090000000011,10682
26.3090000000011,9710
26.3090000000011,9090
26.3090000000011,8314
26.3090000000011,8418
26.3570000000036,8614
26.3570000000036,9372
26.3570000000036,9674
26.3570000000036,9080
26.3570000000036,8490
26.3570000000036,8032
26.3570000000036,9012
26.3570000000036,9500
26.3570000000036,10138
26.3570000000036,10282
26.4040000000023,10708
26.4040000000023,9902
26.4040000000023,9290
26.4040000000023,7944
26.4040000000023,8136
26.4040000000023,8654
26.4040000000023,9378
26.4040000000023,9248
26.4040000000023,9254
26.4510000000009,8760
26.4510000000009,8048
26.4510000000009,8714
26.4510000000009,9182
26.4510000000009,10102
26.4510000000009,10266
26.4510000000009,10718
26.4510000000009,10014
26.4510000000009,9388
26.4979999999996,7636
26.4979999999996,7592
26.4979999999996,8648
26.4979999999996,9362
26.4979999999996,9176
26.4979999999996,9440
26.4979999999996,8886
26.4979999999996,7586
26.4979999999996,8152
26.5460000000021,9158
26.5460000000021,10280
26.5460000000021,10276
26.5460000000021,10738
26.5460000000021,10220
26.5460000000021,9608
26.5460000000021,8012
26.5460000000021,7700
26.5460000000021,8742
26.5460000000021,9486
26.5930000000008,9166
26.5930000000008,9762
26.5930000000008,9004
26.5930000000008,7356
26.5930000000008,7504
26.5930000000008,9048
26.5930000000008,10116
26.5930000000008,10200
26.5930000000008,10672
26.6410000000033,10228
26.6410000000033,9598
26.6410000000033,8156
26.6410000000033,7786
26.6410000000033,8752
26.6410000000033,9428
26.6410000000033,9152
26.6410000000033,9458
26.6410000000033,8896
26.6410000000033,7390
26.6880000000019,7490
26.6880000000019,9048
26.6880000000019,10086
26.6880000000019,10188
26.6880000000019,10630
26.6880000000019,10200
26.6880000000019,9548
26.6880000000019,8196
26.6880000000019,7808
26.7350000000006,8752
26.7350000000006,9412
26.7350000000006,9172
26.7350000000006,9464
26.7350000000006,8932
26.7350000000006,7282
26.7350000000006,7544
26.7350000000006,9028
26.7350000000006,10050
26.7819999999992,10184
26.7819999999992,10574
26.7819999999992,10118
26.7819999999992,9302
26.7819999999992,8382
26.7819999999992,7952
26.7819999999992,8736
26.7819999999992,9366
26.7819999999992,9188
26.8289999999979,9630
26.8289999999979,8982
26.8289999999979,7334
26.8289999999979,7572
26.8289999999979,9002
26.8289999999979,9994
26.8289999999979,10168
26.8289999999979,10490
26.8289999999979,10588
26.8289999999979,9322
26.8770000000004,8592
26.8770000000004,8038
26.8770000000004,8778
26.8770000000004,9274
26.8770000000004,9168
26.8770000000004,9768
26.8770000000004,8988
26.8770000000004,7336
26.8770000000004,7510
26.9239999999991,9022
26.9239999999991,9978
26.9239999999991,10168
26.9239999999991,10426
26.9239999999991,10666
26.9239999999991,9440
26.9239999999991,8740
26.9239999999991,8212
26.9239999999991,8752
26.9709999999977,9218
26.9709999999977,9202
26.9709999999977,9732
26.9709999999977,9012
26.9709999999977,7428
26.9709999999977,7520
26.9709999999977,8998
26.9709999999977,9926
26.9709999999977,10172
27.0180000000037,10290
27.0180000000037,10666
27.0180000000037,9604
27.0180000000037,8966
27.0180000000037,8300
27.0180000000037,8566
27.0180000000037,8982
27.0180000000037,9266
27.0180000000037,9748
27.0180000000037,8588
27.0650000000023,7746
27.0650000000023,7642
27.0650000000023,9004
27.0650000000023,9962
27.0650000000023,10162
27.0650000000023,10250
27.0650000000023,10660
27.0650000000023,9696
27.0650000000023,9068
27.112000000001,8300
27.112000000001,8418
27.112000000001,8624
27.112000000001,9264
27.112000000001,9722
27.112000000001,8644
27.112000000001,7832
27.112000000001,7674
27.112000000001,8986
27.112000000001,9932
27.1600000000035,10146
27.1600000000035,10322
27.1600000000035,10656
27.1600000000035,9378
27.1600000000035,8668
27.1600000000035,8294
27.1600000000035,8468
27.1600000000035,8722
27.1600000000035,9260
27.2070000000022,9726
27.2070000000022,8614
27.2070000000022,7796
27.2070000000022,7662
27.2070000000022,8994
27.2070000000022,9938
27.2070000000022,10148
27.2070000000022,10362
27.2070000000022,9892
27.2540000000008,9398
27.2540000000008,8686
27.2540000000008,8296
27.2540000000008,8448
27.2540000000008,8644
27.2540000000008,9260
27.2540000000008,9712
27.2540000000008,8618
27.2540000000008,7798
27.2540000000008,7644
27.3009999999995,8962
27.3009999999995,9938
27.3009999999995,10148
27.3009999999995,10400
27.3009999999995,10626
27.3009999999995,9398
27.3009999999995,8684
27.3009999999995,8130
27.3009999999995,8792
27.349000000002,9266
27.349000000002,9258
27.349000000002,9720
27.349000000002,8614
27.349000000002,7790
27.349000000002,7632
27.349000000002,8982
27.349000000002,9948
27.349000000002,10154
27.349000000002,10326
27.3960000000006,10662
27.3960000000006,9402
27.3960000000006,8690
27.3960000000006,8156
27.3960000000006,8802
27.3960000000006,9264
27.3960000000006,9222
27.3960000000006,9742
27.4429999999993,8714
27.4429999999993,7908
27.4429999999993,7720
27.4429999999993,8976
27.4429999999993,9920
27.4429999999993,10162
27.4429999999993,10272
27.4429999999993,10644
27.4429999999993,9542
27.4429999999993,8884
27.489999999998,8296
27.489999999998,8608
27.489999999998,9132
27.489999999998,9240
27.489999999998,9732
27.489999999998,8850
27.489999999998,8116
27.489999999998,7818
27.489999999998,8896
27.5380000000005,9820
27.5380000000005,10126
27.5380000000005,10246
27.5380000000005,10640
27.5380000000005,9556
27.5380000000005,8906
27.5380000000005,8458
27.5380000000005,8588
27.5380000000005,9106
27.5380000000005,9254
27.5849999999991,9746
27.5849999999991,8658
27.5849999999991,8192
27.5849999999991,7862
27.5849999999991,8910
27.5849999999991,9794
27.5849999999991,10148
27.5849999999991,10270
27.5849999999991,10656
27.6319999999978,9674
27.6319999999978,9040
27.6319999999978,8304
27.6319999999978,8448
27.6319999999978,8670
27.6319999999978,9306
27.6319999999978,9766
27.6319999999978,8778
27.6319999999978,8494
27.6800000000003,8028
27.6800000000003,8978
27.6800000000003,9430
27.6800000000003,10128
27.6800000000003,10272
27.6800000000003,10696
27.6800000000003,9850
27.6800000000003,9260
27.6800000000003,8162
27.726999999999,8090
27.726999999999,8608
27.726999999999,9348
27.726999999999,9676
27.726999999999,8940
27.726999999999,8268
27.726999999999,8062
27.726999999999,8740
27.726999999999,9202
27.726999999999,10100
27.7739999999976,10260
27.7739999999976,10712
27.7739999999976,9968
27.7739999999976,9346
27.7739999999976,7626
27.7739999999976,7756
27.7739999999976,8608
27.7739999999976,9366
27.7739999999976,9502
27.8210000000036,9084
27.8210000000036,8488
27.8210000000036,7926
27.8210000000036,8490
27.8210000000036,9162
27.8210000000036,9974
27.8210000000036,10254
27.8210000000036,10716
27.8210000000036,10056
27.8680000000022,9430
27.8680000000022,7684
27.8680000000022,7520
27.8680000000022,8668
27.8680000000022,9326
27.8680000000022,9244
27.8680000000022,9266
27.8680000000022,8768
27.8680000000022,8052
27.9150000000009,8294
27.9150000000009,9132
27.9150000000009,10234
27.9150000000009,10250
27.9150000000009,10718
27.9150000000009,10210
27.9150000000009,9592
27.9150000000009,8016
27.9150000000009,7680
27.9150000000009,8726
27.9630000000034,9480
27.9630000000034,9158
27.9630000000034,9434
27.9630000000034,8874
27.9630000000034,7550
27.9630000000034,8234
27.9630000000034,9064
27.9630000000034,10126
27.9630000000034,10214
27.9630000000034,10676
28.010000000002,10224
28.010000000002,9548
28.010000000002,8222
28.010000000002,7842
28.010000000002,8772
28.010000000002,9404
28.010000000002,9168
28.010000000002,9448
28.010000000002,8926
28.0579999999973,7268
28.0579999999973,8294
28.0579999999973,9044
28.0579999999973,10066
28.0579999999973,10200
28.0579999999973,10574
28.0579999999973,10194
28.0579999999973,9264
28.0579999999973,8444
28.1050000000032,7982
28.1050000000032,8726
28.1050000000032,9358
28.1050000000032,9204
28.1050000000032,9766
28.1050000000032,9022
28.1050000000032,7364
28.1050000000032,7510
28.1050000000032,9050
28.1529999999984,9964
28.1529999999984,10154
28.1529999999984,10436
28.1529999999984,10508
28.1529999999984,9302
28.1529999999984,8568
28.1529999999984,8058
28.1529999999984,8782
28.1529999999984,9306
28.1529999999984,9198
28.1999999999971,9802
28.1999999999971,9022
28.1999999999971,7376
28.1999999999971,7500
28.1999999999971,9054
28.1999999999971,10102
28.1999999999971,10194
28.1999999999971,10346
28.1999999999971,10590
28.1999999999971,9448
28.247000000003,8756
28.247000000003,8284
28.247000000003,8730
28.247000000003,9230
28.247000000003,9214
28.247000000003,9726
28.247000000003,8992
28.247000000003,7482
28.247000000003,7536
28.2949999999983,9032
28.2949999999983,10046
28.2949999999983,10192
28.2949999999983,10584
28.2949999999983,10184
28.2949999999983,9274
28.2949999999983,8460
28.2949999999983,8346
28.2949999999983,8624
28.3419999999969,9116
28.3419999999969,9264
28.3419999999969,9762
28.3419999999969,8648
28.3419999999969,7704
28.3419999999969,7632
28.3419999999969,9014
28.3419999999969,9978
28.3419999999969,10182
28.3890000000029,10388
28.3890000000029,10690
28.3890000000029,9490
28.3890000000029,8804
28.3890000000029,8320
28.3890000000029,8268
28.3890000000029,8568
28.3890000000029,9306
28.3890000000029,9748
28.3890000000029,8798
28.4360000000015,8042
28.4360000000015,7802
28.4360000000015,8958
28.4360000000015,9854
28.4360000000015,10148
28.4360000000015,10270
28.4360000000015,10654
28.4360000000015,9592
28.4360000000015,8950
28.4830000000002,8352
28.4830000000002,8598
28.4830000000002,8606
28.4830000000002,9342
28.4830000000002,9722
28.4830000000002,8942
28.4830000000002,8260
28.4830000000002,7910
28.4830000000002,8942
28.5299999999988,9728
28.5299999999988,10146
28.5299999999988,10260
28.5299999999988,10660
28.5299999999988,9680
28.5299999999988,9058
28.5299999999988,8306
28.5299999999988,8454
28.5299999999988,8612
28.5780000000013,9366
28.5780000000013,9670
28.5780000000013,9040
28.5780000000013,8414
28.5780000000013,7952
28.5780000000013,9050
28.5780000000013,9582
28.5780000000013,10122
28.5780000000013,10256
28.5780000000013,10672
28.6240000000034,9762
28.6240000000034,9192
28.6240000000034,8288
28.6240000000034,8260
28.6240000000034,8566
28.6240000000034,9372
28.6240000000034,9532
28.6240000000034,9112
28.6240000000034,8532
28.6719999999987,8058
28.6719999999987,8958
28.6719999999987,9402
28.6719999999987,10146
28.6719999999987,10292
28.6719999999987,10732
28.6719999999987,9942
28.6719999999987,9330
28.6719999999987,7754
28.6719999999987,7956
28.7189999999973,8614
28.7189999999973,9376
28.7189999999973,9172
28.7189999999973,9340
28.7189999999973,8854
28.7189999999973,7976
28.7189999999973,8566
28.7189999999973,9182
28.7189999999973,10000
28.7669999999998,10254
28.7669999999998,10708
28.7669999999998,10040
28.7669999999998,9412
28.7669999999998,7684
28.7669999999998,7520
28.7669999999998,8668
28.7669999999998,9412
28.7669999999998,9296
28.8139999999985,9260
28.8139999999985,8910
28.8139999999985,7350
28.8139999999985,8228
28.8139999999985,9152
28.8139999999985,10292
28.8139999999985,10266
28.8139999999985,10738
28.8139999999985,10244
28.8139999999985,9628
28.862000000001,8098
28.862000000001,7762
28.862000000001,8760
28.862000000001,9444
28.862000000001,9166
28.862000000001,9454
28.862000000001,8894
28.862000000001,7336
28.862000000001,7490
28.9089999999997,9044
28.9089999999997,10100
28.9089999999997,10188
28.9089999999997,10650
28.9089999999997,10218
28.9089999999997,9582
28.9089999999997,8172
28.9089999999997,7798
28.9089999999997,8760
28.9089999999997,9424
28.9570000000022,9166
28.9570000000022,9460
28.9570000000022,8914
28.9570000000022,7262
28.9570000000022,7510
28.9570000000022,9048
28.9570000000022,10086
28.9570000000022,10200
29.0040000000008,10620
29.0040000000008,10158
29.0040000000008,9388
29.0040000000008,8340
29.0040000000008,7930
29.0040000000008,8778
29.0040000000008,9384
29.0040000000008,9192
29.0040000000008,9558
29.0040000000008,8982
29.0509999999995,7328
29.0509999999995,7786
29.0509999999995,9032
29.0509999999995,10008
29.0509999999995,10172
29.0509999999995,10518
29.0509999999995,10702
29.0509999999995,9290
29.0509999999995,8542
29.0979999999981,8054
29.0979999999981,8792
29.0979999999981,9322
29.0979999999981,9198
29.0979999999981,9808
29.0979999999981,9018
29.0979999999981,7372
29.0979999999981,7504
29.0979999999981,9012
29.0979999999981,9968
29.1450000000041,10168
29.1450000000041,10384
29.1450000000041,10646
29.1450000000041,9440
29.1450000000041,8736
29.1450000000041,8196
29.1450000000041,8768
29.1450000000041,9250
29.1450000000041,9204
29.1920000000027,9758
29.1920000000027,9022
29.1920000000027,7446
29.1920000000027,7518
29.1920000000027,9032
29.1920000000027,9920
29.1920000000027,10152
29.1920000000027,10266
29.1920000000027,10636
29.2390000000014,9476
29.2390000000014,8792
29.2390000000014,8336
29.2390000000014,8674
29.2390000000014,9194
29.2390000000014,9202
29.2390000000014,9720
29.2390000000014,8994
29.2390000000014,7464
29.2870000000039,7514
29.2870000000039,9012
29.2870000000039,10040
29.2870000000039,10178
29.2870000000039,10584
29.2870000000039,10126
29.2870000000039,9346
29.2870000000039,8362
29.2870000000039,8396
29.2870000000039,8644
29.3340000000026,9194
29.3340000000026,9234
29.3340000000026,9736
29.3340000000026,8844
29.3340000000026,7590
29.3340000000026,7570
29.3340000000026,9018
29.3340000000026,10014
29.3340000000026,10172
29.3819999999978,10522
29.3819999999978,10436
29.3819999999978,9300
29.3819999999978,8560
29.3819999999978,8048
29.3819999999978,8772
29.3819999999978,9306
29.3819999999978,9244
29.3819999999978,9742
29.4290000000037,8612
29.4290000000037,7698
29.4290000000037,7596
29.4290000000037,9002
29.4290000000037,9978
29.4290000000037,10168
29.4290000000037,10420
29.4290000000037,10588
29.4290000000037,9342
29.4760000000024,8618
29.4760000000024,7998
29.4760000000024,8804
29.4760000000024,9306
29.4760000000024,9218
29.4760000000024,9766
29.4760000000024,8664
29.4760000000024,7852
29.4760000000024,7690
29.4760000000024,9002
29.523000000001,9942
29.523000000001,10174
29.523000000001,10308
29.523000000001,10666
29.523000000001,9598
29.523000000001,8952
29.523000000001,8294
29.523000000001,8592
29.523000000001,9004
29.523000000001,9294
29.5710000000036,9716
29.5710000000036,9002
29.5710000000036,8362
29.5710000000036,7934
29.5710000000036,9054
29.5710000000036,9674
29.5710000000036,10158
29.5710000000036,10292
29.5710000000036,10706
29.6180000000022,9880
29.6180000000022,9276
29.6180000000022,8124
29.6180000000022,8212
29.6180000000022,8624
29.6180000000022,9368
29.6180000000022,9690
29.6180000000022,9306
29.6180000000022,8824
29.6659999999974,8016
29.6659999999974,8632
29.6659999999974,9168
29.6659999999974,10066
29.6659999999974,10254
29.6659999999974,10708
29.6659999999974,10010
29.6659999999974,9384
29.6659999999974,7618
29.7130000000034,7540
29.7130000000034,8650
29.7130000000034,9320
29.7130000000034,9264
29.7130000000034,9208
29.7130000000034,8886
29.7130000000034,7540
29.7130000000034,8336
29.7130000000034,9132
29.7130000000034,10214
29.760000000002,10250
29.760000000002,10726
29.760000000002,10158
29.760000000002,9526
29.760000000002,7838
29.760000000002,7586
29.760000000002,8716
29.760000000002,9582
29.760000000002,9178
29.8070000000007,9402
29.8070000000007,8884
29.8070000000007,7858
29.8070000000007,7818
29.8070000000007,9080
29.8070000000007,10158
29.8070000000007,10214
29.8070000000007,10698
29.8070000000007,10224
29.8070000000007,9608
29.8550000000032,8088
29.8550000000032,7726
29.8550000000032,8752
29.8550000000032,9476
29.8550000000032,9198
29.8550000000032,9496
29.8550000000032,8940
29.8550000000032,7284
29.9020000000019,7526
29.9020000000019,9050
29.9020000000019,10080
29.9020000000019,10194
29.9020000000019,10598
29.9020000000019,10110
29.9020000000019,9346
29.9020000000019,8362
29.9020000000019,7936
29.9020000000019,8766
29.9499999999971,9392
29.9499999999971,9222
29.9499999999971,9756
29.9499999999971,9032
29.9499999999971,7370
29.9499999999971,7518
29.9499999999971,9008
29.9499999999971,9978
29.9499999999971,10168
29.9499999999971,10462
29.997000000003,10680
29.997000000003,9428
29.997000000003,8720
29.997000000003,8202
29.997000000003,8778
29.997000000003,9280
29.997000000003,9244
29.997000000003,9758
29.997000000003,8994
30.0440000000017,7524
30.0440000000017,7536
30.0440000000017,8972
30.0440000000017,9874
30.0440000000017,10154
30.0440000000017,10264
30.0440000000017,10654
30.0440000000017,9588
30.0440000000017,8946
30.0919999999969,8326
30.0919999999969,8572
30.0919999999969,9014
30.0919999999969,9248
30.0919999999969,9748
30.0919999999969,8606
30.0919999999969,7690
30.0919999999969,7608
30.0919999999969,9008
30.1390000000029,9758
30.1390000000029,10138
30.1390000000029,10270
30.1390000000029,10662
30.1390000000029,9692
30.1390000000029,9074
30.1390000000029,8296
30.1390000000029,8454
30.1390000000029,8612
30.1390000000029,9306
30.1869999999981,9772
30.1869999999981,8796
30.1869999999981,8018
30.1869999999981,7792
30.1869999999981,8972
30.1869999999981,9856
30.1869999999981,10164
30.1869999999981,10264
30.1869999999981,10702
30.1869999999981,9886
30.234000000004,9276
30.234000000004,8022
30.234000000004,8156
30.234000000004,8612
30.234000000004,9358
30.234000000004,9676
30.234000000004,9002
30.234000000004,8370
30.234000000004,7924
30.2810000000027,9022
30.2810000000027,9640
30.2810000000027,10126
30.2810000000027,10256
30.2810000000027,10662
30.2810000000027,9736
30.2810000000027,9340
30.2810000000027,7622
30.2810000000027,7716
30.3289999999979,8618
30.3289999999979,9368
30.3289999999979,9556
30.3289999999979,9112
30.3289999999979,8550
30.3289999999979,8062
30.3289999999979,8932
30.3289999999979,9322
30.3289999999979,10116
30.3760000000038,10236
30.3760000000038,10672
30.3760000000038,9814
30.3760000000038,9244
30.3760000000038,7664
30.3760000000038,7514
30.3760000000038,8648
30.3760000000038,9302
30.3760000000038,9458
30.3760000000038,9222
30.4230000000025,8696
30.4230000000025,8090
30.4230000000025,8788
30.4230000000025,9208
30.4230000000025,10110
30.4230000000025,10250
30.4230000000025,10708
30.4230000000025,9964
30.4230000000025,9346
30.4709999999977,7642
30.4709999999977,7602
30.4709999999977,8704
30.4709999999977,9510
30.4709999999977,9140
30.4709999999977,9376
30.4709999999977,8864
30.4709999999977,7908
30.4709999999977,8438
30.4709999999977,9148
30.5180000000037,9964
30.5180000000037,10218
30.5180000000037,10696
30.5180000000037,10014
30.5180000000037,9384
30.5180000000037,7960
30.5180000000037,7662
30.5180000000037,8736
30.5659999999989,9502
30.5659999999989,9166
30.5659999999989,9444
30.5659999999989,8884
30.5659999999989,7520
30.5659999999989,8254
30.5659999999989,9146
30.5659999999989,10264
30.5659999999989,10246
30.5659999999989,10722
30.6129999999976,10162
30.6129999999976,9546
30.6129999999976,7888
30.6129999999976,7924
30.6129999999976,8772
30.6129999999976,9384
30.6129999999976,9178
30.6129999999976,9556
30.6129999999976,8976
30.6129999999976,7318
30.6600000000035,7772
30.6600000000035,9060
30.6600000000035,10126
30.6600000000035,10184
30.6600000000035,10662
30.6600000000035,10184
30.6600000000035,9568
30.6600000000035,7956
30.6600000000035,7652
30.7070000000022,8720
30.7070000000022,9352
30.7070000000022,9192
30.7070000000022,9728
30.7070000000022,9004
30.7070000000022,7340
30.7070000000022,7530
30.7070000000022,9050
30.7070000000022,10126
30.7549999999974,10208
30.7549999999974,10676
30.7549999999974,10230
30.7549999999974,9588
30.7549999999974,8172
30.7549999999974,7806
30.7549999999974,8814
30.7549999999974,9266
30.7549999999974,9188
30.8020000000033,9784
30.8020000000033,9022
30.8020000000033,7382
30.8020000000033,7488
30.8020000000033,9034
30.8020000000033,10076
30.8020000000033,10178
30.8020000000033,10636
30.8020000000033,10210
30.8020000000033,9556
30.849000000002,8202
30.849000000002,7826
30.849000000002,8752
30.849000000002,9398
30.849000000002,9198
30.849000000002,9768
30.849000000002,9022
30.849000000002,7416
30.849000000002,7510
30.8969999999972,9038
30.8969999999972,10060
30.8969999999972,10188
30.8969999999972,10626
30.8969999999972,10110
30.8969999999972,9316
30.8969999999972,8402
30.8969999999972,7976
30.8969999999972,8730
30.8969999999972,9342
30.9440000000031,9156
30.9440000000031,9566
30.9440000000031,8834
30.9440000000031,7554
30.9440000000031,7572
30.9440000000031,9032
30.9440000000031,10000
30.9440000000031,10172
30.9440000000031,10542
30.9910000000018,10650
30.9910000000018,9348
30.9910000000018,8632
30.9910000000018,8104
30.9910000000018,8818
30.9910000000018,9250
30.9910000000018,9188
30.9910000000018,9774
30.9910000000018,9004
31.038999999997,7392
31.038999999997,7510
31.038999999997,8988
31.038999999997,9916
31.038999999997,10152
31.038999999997,10368
31.038999999997,10634
31.038999999997,9530
31.038999999997,8880
31.038999999997,8360
31.086000000003,8596
31.086000000003,9090
31.086000000003,9222
31.086000000003,9716
31.086000000003,8706
31.086000000003,7618
31.086000000003,7596
31.086000000003,8906
31.086000000003,9746
31.1330000000016,10122
31.1330000000016,10250
31.1330000000016,10660
31.1330000000016,9690
31.1330000000016,9084
31.1330000000016,8294
31.1330000000016,8326
31.1330000000016,8556
31.1330000000016,9280
31.1810000000041,9736
31.1810000000041,8756
31.1810000000041,7988
31.1810000000041,7770
31.1810000000041,8958
31.1810000000041,9828
31.1810000000041,10126
31.1810000000041,10230
31.1810000000041,10656
31.2280000000028,9824
31.2280000000028,9240
31.2280000000028,8142
31.2280000000028,8062
31.2280000000028,8582
31.2280000000028,9326
31.2280000000028,9686
31.2280000000028,8952
31.2280000000028,8296
31.2280000000028,7914
31.275999999998,8986
31.275999999998,9664
31.275999999998,10110
31.275999999998,10234
31.275999999998,10640
31.275999999998,9702
31.275999999998,9322
31.275999999998,7602
31.275999999998,7658
31.275999999998,8618
31.323000000004,9346
31.323000000004,9556
31.323000000004,9126
31.323000000004,8568
31.323000000004,8084
31.323000000004,8858
31.323000000004,9258
31.323000000004,10092
31.323000000004,10240
31.3709999999992,10682
31.3709999999992,9910
31.3709999999992,9480
31.3709999999992,7796
31.3709999999992,7566
31.3709999999992,8678
31.3709999999992,9494
31.3709999999992,9120
31.3709999999992,9330
31.4179999999978,8832
31.4179999999978,7914
31.4179999999978,8478
31.4179999999978,9126
31.4179999999978,9942
31.4179999999978,10200
31.4179999999978,10682
31.4179999999978,10192
31.4179999999978,9588
31.4660000000003,8074
31.4660000000003,7726
31.4660000000003,8726
31.4660000000003,9412
31.4660000000003,9130
31.4660000000003,9440
31.4660000000003,8870
31.4660000000003,7282
31.4660000000003,8274
31.4660000000003,9076
31.512999999999,10246
31.512999999999,10194
31.512999999999,10624
31.512999999999,10172
31.512999999999,9376
31.512999999999,8326
31.512999999999,7900
31.512999999999,8742
31.512999999999,9340
31.5599999999977,9146
31.5599999999977,9536
31.5599999999977,8950
31.5599999999977,7298
31.5599999999977,7700
31.5599999999977,9070
31.5599999999977,10116
31.5599999999977,10198
31.5599999999977,10660
31.5599999999977,10654
31.6080000000002,9474
31.6080000000002,8802
31.6080000000002,8386
31.6080000000002,8644
31.6080000000002,9126
31.6080000000002,9202
31.6080000000002,9710
31.6080000000002,8788
31.6560000000027,7566
31.6560000000027,7556
31.6560000000027,8998
31.6560000000027,9974
31.6560000000027,10152
31.6560000000027,10490
31.6560000000027,10654
31.6560000000027,9356
31.6560000000027,8650
31.6560000000027,8304
31.7030000000013,8408
31.7030000000013,8624
31.7030000000013,9260
31.7030000000013,9726
31.7030000000013,8690
31.7030000000013,7900
31.7030000000013,7700
31.7030000000013,8952
31.7030000000013,9866
31.7030000000013,10116
31.75,10316
31.75,10590
31.75,9476
31.75,8828
31.75,8370
31.75,8612
31.75,9158
31.75,9310
31.75,9732
31.7969999999987,8900
31.7969999999987,8208
31.7969999999987,7888
31.7969999999987,8952
31.7969999999987,9706
31.7969999999987,10118
31.7969999999987,10254
31.7969999999987,10654
31.7969999999987,9752
31.8439999999973,9198
31.8439999999973,8270
31.8439999999973,8058
31.8439999999973,8576
31.8439999999973,9330
31.8439999999973,9500
31.8439999999973,9166
31.8439999999973,8634
31.8439999999973,8104
31.8910000000033,8798
31.8910000000033,9202
31.8910000000033,10090
31.8910000000033,10228
31.8910000000033,10676
31.8910000000033,9942
31.8910000000033,9322
31.8910000000033,7648
31.8910000000033,7792
31.8910000000033,8606
31.9380000000019,9506
31.9380000000019,9126
31.9380000000019,9376
31.9380000000019,8848
31.9380000000019,7838
31.9380000000019,8412
31.9380000000019,9148
31.9380000000019,10096
31.9380000000019,10240
31.9850000000006,10718
31.9850000000006,10152
31.9850000000006,9546
31.9850000000006,7910
31.9850000000006,7628
31.9850000000006,8700
31.9850000000006,9494
31.9850000000006,9120
31.9850000000006,9408
31.9850000000006,8968
32.0319999999992,7310
32.0319999999992,7576
32.0319999999992,9038
32.0319999999992,10100
32.0319999999992,10172
32.0319999999992,10640
32.0319999999992,10200
32.0319999999992,9562
32.0319999999992,8170
32.0800000000017,7802
32.0800000000017,8742
32.0800000000017,9388
32.0800000000017,9148
32.0800000000017,9444
32.0800000000017,8916
32.0800000000017,7452
32.0800000000017,7520
32.0800000000017,9012
32.1270000000004,10014
32.1270000000004,10162
32.1270000000004,10558
32.1270000000004,10364
32.1270000000004,9280
32.1270000000004,8556
32.1270000000004,8044
32.1270000000004,8778
32.1270000000004,9264
32.1739999999991,9162
32.1739999999991,9772
32.1739999999991,9002
32.1739999999991,7372
32.1739999999991,7648
32.1739999999991,8986
32.1739999999991,9900
32.1739999999991,10118
32.1739999999991,10398
32.1739999999991,10588
32.2209999999977,9424
32.2209999999977,8752
32.2209999999977,8280
32.2209999999977,8668
32.2209999999977,9192
32.2209999999977,9202
32.2209999999977,9712
32.2209999999977,8844
32.2209999999977,7556
32.2700000000041,7560
32.2700000000041,8920
32.2700000000041,9762
32.2700000000041,10102
32.2700000000041,10208
32.2700000000041,10608
32.2700000000041,9602
32.2700000000041,8962
32.2700000000041,8300
32.3170000000027,8464
32.3170000000027,8720
32.3170000000027,9244
32.3170000000027,9706
32.3170000000027,8648
32.3170000000027,7858
32.3170000000027,7694
32.3170000000027,8958
32.3170000000027,9860
32.3170000000027,10096
32.3640000000014,10200
32.3640000000014,10626
32.3640000000014,9736
32.3640000000014,9178
32.3640000000014,8248
32.3640000000014,8008
32.3640000000014,8598
32.3640000000014,9330
32.3640000000014,9748
32.4110000000001,8942
32.4110000000001,8288
32.4110000000001,7934
32.4110000000001,9008
32.4110000000001,9650
32.4110000000001,10112
32.4110000000001,10254
32.4110000000001,10672
32.4110000000001,9820
32.4110000000001,9402
32.4590000000026,7688
32.4590000000026,7508
32.4590000000026,8638
32.4590000000026,9266
32.4590000000026,9342
32.4590000000026,9274
32.4590000000026,8796
32.4590000000026,8008
32.4590000000026,8622
32.5060000000012,9146
32.5060000000012,9992
32.5060000000012,10230
32.5060000000012,10702
32.5060000000012,10064
32.5060000000012,9438
32.5060000000012,7740
32.5060000000012,7782
32.5060000000012,8742
32.5540000000037,9376
32.5540000000037,9122
32.5540000000037,9434
32.5540000000037,8880
32.5540000000037,7248
32.5540000000037,8320
32.5540000000037,9070
32.5540000000037,10210
32.5540000000037,10184
32.6010000000024,10656
32.6010000000024,10136
32.6010000000024,9526
32.6010000000024,7900
32.6010000000024,7946
32.6010000000024,8716
32.6010000000024,9322
32.6010000000024,9152
32.6010000000024,9634
32.6010000000024,8968
32.648000000001,7320
32.648000000001,7560
32.648000000001,9058
32.648000000001,10092
32.648000000001,10172
32.648000000001,10634
32.648000000001,10182
32.648000000001,9394
32.648000000001,8324
32.6960000000036,7924
32.6960000000036,8654
32.6960000000036,9172
32.6960000000036,9224
32.6960000000036,9722
32.6960000000036,8684
32.6960000000036,7652
32.6960000000036,7618
32.6960000000036,9028
32.6960000000036,9956
32.7430000000022,10168
32.7430000000022,10352
32.7430000000022,10656
32.7430000000022,9598
32.7430000000022,8958
32.7430000000022,8296
32.7430000000022,8140
32.7430000000022,8608
32.7430000000022,9358
32.7900000000009,9684
32.7900000000009,9060
32.7900000000009,8480
32.7900000000009,8052
32.7900000000009,8958
32.7900000000009,9356
32.7900000000009,10110
32.7900000000009,10250
32.7900000000009,10686
32.8369999999995,9936
32.8369999999995,9326
32.8369999999995,7652
32.8369999999995,7762
32.8369999999995,8686
32.8369999999995,9420
32.8369999999995,9130
32.8369999999995,9384
32.8369999999995,8848
32.8369999999995,7740
32.885000000002,8324
32.885000000002,9122
32.885000000002,10066
32.885000000002,10218
32.885000000002,10692
32.885000000002,10106
32.885000000002,9480
32.885000000002,7808
32.885000000002,7570
32.9310000000041,8756
32.9310000000041,9384
32.9310000000041,9194
32.9310000000041,9574
32.9310000000041,8986
32.9310000000041,7344
32.9310000000041,7596
32.9310000000041,9040
32.9310000000041,10090
32.9789999999994,10174
32.9789999999994,10640
32.9789999999994,10204
32.9789999999994,9450
32.9789999999994,8290
32.9789999999994,7904
32.9789999999994,8746
32.9789999999994,9346
32.9789999999994,9218
33.025999999998,9706
33.025999999998,8788
33.025999999998,7572
33.025999999998,7554
33.025999999998,8998
33.025999999998,9978
33.025999999998,10158
33.025999999998,10492
33.025999999998,10644
33.025999999998,9430
33.0740000000005,8742
33.0740000000005,8284
33.0740000000005,8694
33.0740000000005,9218
33.0740000000005,9222
33.0740000000005,9746
33.0740000000005,8832
33.0740000000005,8110
33.0740000000005,7818
33.1209999999992,8906
33.1209999999992,9774
33.1209999999992,10122
33.1209999999992,10254
33.1209999999992,10640
33.1209999999992,9702
33.1209999999992,9130
33.1209999999992,8274
33.1209999999992,7992
33.1209999999992,8592
33.1679999999978,9312
33.1679999999978,9552
33.1679999999978,9208
33.1679999999978,8680
33.1679999999978,8074
33.1679999999978,8742
33.1679999999978,9172
33.1679999999978,10070
33.1679999999978,10234
33.2150000000038,10686
33.2150000000038,10014
33.2150000000038,9394
33.2150000000038,7664
33.2150000000038,7510
33.2150000000038,8634
33.2150000000038,9366
33.2150000000038,9280
33.2150000000038,9274
33.262999999999,8900
33.262999999999,7254
33.262999999999,8288
33.262999999999,9064
33.262999999999,10182
33.262999999999,10198
33.262999999999,10670
33.262999999999,10198
33.262999999999,9572
33.262999999999,8120
33.3099999999977,7780
33.3099999999977,8746
33.3099999999977,9388
33.3099999999977,9152
33.3099999999977,9434
33.3099999999977,8922
33.3099999999977,7482
33.3099999999977,7526
33.3099999999977,9008
33.3580000000002,9998
33.3580000000002,10172
33.3580000000002,10518
33.3580000000002,10742
33.3580000000002,9490
33.3580000000002,8824
33.3580000000002,8346
33.3580000000002,8608
33.3580000000002,9146
33.4049999999988,9254
33.4049999999988,9738
33.4049999999988,8612
33.4049999999988,7802
33.4049999999988,7944
33.4049999999988,9050
33.4049999999988,9584
33.4049999999988,10100
33.4049999999988,10244
33.4519999999975,10656
33.4519999999975,9844
33.4519999999975,9244
33.4519999999975,8044
33.4519999999975,8150
33.4519999999975,8588
33.4519999999975,9340
33.4519999999975,9656
33.4519999999975,9024
33.4519999999975,8428
33.4990000000034,7944
33.4990000000034,8552
33.4990000000034,9142
33.4990000000034,9948
33.4990000000034,10218
33.4990000000034,10686
33.4990000000034,10050
33.4990000000034,9434
33.4990000000034,7736
33.5460000000021,7546
33.5460000000021,8642
33.5460000000021,9392
33.5460000000021,9182
33.5460000000021,9290
33.5460000000021,8904
33.5460000000021,7258
33.5460000000021,8242
33.5460000000021,9050
33.5460000000021,10164
33.5939999999973,10158
33.5939999999973,10630
33.5939999999973,10116
33.5939999999973,9510
33.5939999999973,7894
33.5939999999973,7628
33.5939999999973,8690
33.5939999999973,9394
33.5939999999973,9110
33.6410000000033,9382
33.6410000000033,8828
33.6410000000033,7300
33.6410000000033,7642
33.6410000000033,9048
33.6410000000033,10102
33.6410000000033,10188
33.6410000000033,10640
33.6410000000033,10142
33.6880000000019,9312
33.6880000000019,8392
33.6880000000019,7972
33.6880000000019,8706
33.6880000000019,9300
33.6880000000019,9142
33.6880000000019,9634
33.6880000000019,8946
33.6880000000019,7308
33.7350000000006,7576
33.7350000000006,8986
33.7350000000006,9948
33.7350000000006,10136
33.7350000000006,10440
33.7350000000006,10646
33.7350000000006,9448
33.7350000000006,8766
33.7350000000006,8310
33.7350000000006,8670
33.7830000000031,9172
33.7830000000031,9222
33.7830000000031,9716
33.7830000000031,8696
33.7830000000031,7632
33.7830000000031,7590
33.7830000000031,8988
33.7830000000031,9720
33.7830000000031,10122
33.8289999999979,10264
33.8289999999979,10682
33.8289999999979,9772
33.8289999999979,9218
33.8289999999979,8280
33.8289999999979,8016
33.8289999999979,8586
33.8289999999979,9310
33.8289999999979,9732
33.8770000000004,8854
33.8770000000004,8134
33.8770000000004,7852
33.8770000000004,8910
33.8770000000004,9746
33.8770000000004,10102
33.8770000000004,10244
33.8770000000004,10690
33.8770000000004,9922
33.9230000000025,9300
33.9230000000025,7808
33.9230000000025,8026
33.9230000000025,8614
33.9230000000025,9358
33.9230000000025,9660
33.9230000000025,9060
33.9230000000025,8468
33.9230000000025,8012
33.9230000000025,8992
33.9709999999977,9480
33.9709999999977,10106
33.9709999999977,10228
33.9709999999977,10696
33.9709999999977,10020
33.9709999999977,9394
33.9709999999977,7644
33.9709999999977,7508
33.9709999999977,8632
34.0180000000037,9340
34.0180000000037,9500
34.0180000000037,9188
34.0180000000037,8648
34.0180000000037,8104
34.0180000000037,8804
34.0180000000037,9204
34.0180000000037,10096
34.0180000000037,10224
34.0180000000037,10662
34.0650000000023,9850
34.0650000000023,9428
34.0650000000023,7708
34.0650000000023,7524
34.0650000000023,8650
34.0650000000023,9310
34.0650000000023,9366
34.0650000000023,9222
34.0650000000023,8706
34.112000000001,8068
34.112000000001,8750
34.112000000001,9186
34.112000000001,10080
34.112000000001,10224
34.112000000001,10682
34.112000000001,10092
34.112000000001,9466
34.112000000001,7746
34.1600000000035,7546
34.1600000000035,8686
34.1600000000035,9536
34.1600000000035,9212
34.1600000000035,9312
34.1600000000035,8822
34.1600000000035,7992
34.1600000000035,8612
34.1600000000035,9166
34.1600000000035,10070
34.2070000000022,10224
34.2070000000022,10696
34.2070000000022,9972
34.2070000000022,9336
34.2070000000022,7848
34.2070000000022,7600
34.2070000000022,8716
34.2070000000022,9430
34.2070000000022,9162
34.2549999999974,9414
34.2549999999974,8870
34.2549999999974,7816
34.2549999999974,8386
34.2549999999974,9156
34.2549999999974,10080
34.2549999999974,10250
34.2549999999974,10732
34.2549999999974,10236
34.2549999999974,9594
34.3020000000033,8152
34.3020000000033,7776
34.3020000000033,8768
34.3020000000033,9454
34.3020000000033,9204
34.3020000000033,9500
34.3020000000033,8956
34.3020000000033,7298
34.3020000000033,8202
34.349000000002,9086
34.349000000002,10210
34.349000000002,10218
34.349000000002,10702
34.349000000002,10178
34.349000000002,9274
34.349000000002,8414
34.349000000002,7972
34.349000000002,8742
34.3960000000006,9378
34.3960000000006,9218
34.3960000000006,9774
34.3960000000006,9032
34.3960000000006,7376
34.3960000000006,7504
34.3960000000006,9058
34.3960000000006,10110
34.3960000000006,10194
34.4429999999993,10660
34.4429999999993,10220
34.4429999999993,9566
34.4429999999993,8674
34.4429999999993,8150
34.4429999999993,8840
34.4429999999993,9300
34.4429999999993,9248
34.4429999999993,9792
34.4429999999993,9002
34.4910000000018,7550
34.4910000000018,7576
34.4910000000018,9054
34.4910000000018,10030
34.4910000000018,10184
34.4910000000018,10574
34.4910000000018,10450
34.4910000000018,9302
34.4910000000018,8560
34.5380000000005,8068
34.5380000000005,8524
34.5380000000005,8916
34.5380000000005,9302
34.5380000000005,9772
34.5380000000005,8716
34.5380000000005,7914
34.5380000000005,7740
34.5380000000005,9018
34.586000000003,9926
34.586000000003,10178
34.586000000003,10312
34.586000000003,10680
34.586000000003,9656
34.586000000003,9014
34.586000000003,8326
34.586000000003,8478
34.586000000003,8642
34.586000000003,9388
34.6330000000016,9712
34.6330000000016,9076
34.6330000000016,8488
34.6330000000016,8016
34.6330000000016,9024
34.6330000000016,9516
34.6330000000016,10146
34.6330000000016,10290
34.6330000000016,10718
34.6810000000041,9912
34.6810000000041,9296
34.6810000000041,7940
34.6810000000041,8166
34.6810000000041,8704
34.6810000000041,9604
34.6810000000041,9224
34.6810000000041,9404
34.6810000000041,8894
34.6810000000041,7900
34.7280000000028,8442
34.7280000000028,9186
34.7280000000028,10100
34.7280000000028,10280
34.7280000000028,10758
34.7280000000028,10164
34.7280000000028,9546
34.7280000000028,7874
34.7280000000028,7612
34.775999999998,8732
34.775999999998,9562
34.775999999998,9224
34.775999999998,9638
34.775999999998,9018
34.775999999998,7360
34.775999999998,7572
34.775999999998,9068
34.775999999998,10132
34.8220000000001,10200
34.8220000000001,10690
34.8220000000001,10228
34.8220000000001,9594
34.8220000000001,8106
34.8220000000001,7746
34.8220000000001,8756
34.8220000000001,9470
34.8220000000001,9234
34.8700000000026,9824
34.8700000000026,9048
34.8700000000026,7452
34.8700000000026,7524
34.8700000000026,9054
34.8700000000026,10080
34.8700000000026,10194
34.8700000000026,10620
34.8700000000026,10076
34.8700000000026,9312
34.9170000000013,8406
34.9170000000013,7970
34.9170000000013,8752
34.9170000000013,9368
34.9170000000013,9186
34.9170000000013,9638
34.9170000000013,8994
34.9170000000013,7636
34.9170000000013,7582
34.9650000000038,9018
34.9650000000038,9992
34.9650000000038,10172
34.9650000000038,10568
34.9650000000038,10506
34.9650000000038,9310
34.9650000000038,8582
34.9650000000038,8058
34.9650000000038,8778
35.0120000000024,9306
35.0120000000024,9182
35.0120000000024,9804
35.0120000000024,9002
35.0120000000024,7354
35.0120000000024,7498
35.0120000000024,8994
35.0120000000024,9964
35.0120000000024,10148
35.0120000000024,10554
35.0590000000011,10460
35.0590000000011,9296
35.0590000000011,8550
35.0590000000011,8052
35.0590000000011,8772
35.0590000000011,9316
35.0590000000011,9198
35.0590000000011,9818
35.0590000000011,9012
35.1059999999998,7380
35.1059999999998,7500
35.1059999999998,9014
35.1059999999998,9958
35.1059999999998,10168
35.1059999999998,10578
35.1059999999998,10672
35.1059999999998,9430
35.1059999999998,8726
35.1059999999998,8206
35.1540000000023,8788
35.1540000000023,9276
35.1540000000023,9250
35.1540000000023,9768
35.1540000000023,8976
35.1540000000023,7556
35.1540000000023,7586
35.1540000000023,9054
35.1540000000023,9838
35.1999999999971,10162
35.1999999999971,10264
35.1999999999971,10670
35.1999999999971,9656
35.1999999999971,9022
35.1999999999971,8326
35.1999999999971,8464
35.1999999999971,8742
35.1999999999971,9300
35.2479999999996,9758
35.2479999999996,8704
35.2479999999996,7908
35.2479999999996,7734
35.2479999999996,9002
35.2479999999996,9920
35.2479999999996,10168
35.2479999999996,10348
35.2479999999996,10670
35.2949999999983,9592
35.2949999999983,8956
35.2949999999983,8222
35.2949999999983,8088
35.2949999999983,8618
35.2949999999983,9348
35.2949999999983,9726
35.2949999999983,8936
35.2949999999983,8260
35.2949999999983,7916
35.3419999999969,8956
35.3419999999969,9728
35.3419999999969,10142
35.3419999999969,10264
35.3419999999969,10660
35.3419999999969,9692
35.3419999999969,9080
35.3419999999969,8310
35.3419999999969,8334
35.3899999999994,8628
35.3899999999994,9382
35.3899999999994,9666
35.3899999999994,9086
35.3899999999994,8496
35.3899999999994,8034
35.3899999999994,8998
35.3899999999994,9506
35.3899999999994,10122
35.3899999999994,10240
35.4369999999981,10662
35.4369999999981,9752
35.4369999999981,9194
35.4369999999981,8284
35.4369999999981,7704
35.4369999999981,8650
35.4369999999981,9402
35.4369999999981,9624
35.484000000004,9178
35.484000000004,8628
35.484000000004,8140
35.484000000004,8854
35.484000000004,9258
35.484000000004,10112
35.484000000004,10254
35.484000000004,10692
35.484000000004,9890
35.484000000004,9274
35.5310000000027,8028
35.5310000000027,7534
35.5310000000027,8686
35.5310000000027,9470
35.5310000000027,9240
35.5310000000027,9366
35.5310000000027,8890
35.5310000000027,7966
35.5310000000027,8526
35.5789999999979,9188
35.5789999999979,10004
35.5789999999979,10256
35.5789999999979,10734
35.5789999999979,10100
35.5789999999979,9480
35.5789999999979,7770
35.5789999999979,7560
35.5789999999979,8776
35.5789999999979,9454
35.6260000000038,9214
35.6260000000038,9484
35.6260000000038,8976
35.6260000000038,7334
35.6260000000038,8034
35.6260000000038,9100
35.6260000000038,10172
35.6260000000038,10218
35.6260000000038,10682
35.6730000000025,10200
35.6730000000025,9588
35.6730000000025,8052
35.6730000000025,7714
35.6730000000025,8782
35.6730000000025,9356
35.6730000000025,9248
35.6730000000025,9834
35.6730000000025,9048
35.7200000000012,7468
35.7200000000012,7540
35.7200000000012,9048
35.7200000000012,10050
35.7200000000012,10184
35.7200000000012,10640
35.7200000000012,10132
35.7200000000012,9274
35.7200000000012,8452
35.7200000000012,8006
35.7680000000037,8720
35.7680000000037,9356
35.7680000000037,9192
35.7680000000037,9746
35.7680000000037,8690
35.7680000000037,7684
35.7680000000037,7618
35.7680000000037,9028
35.7680000000037,9982
35.8150000000023,10172
35.8150000000023,10572
35.8150000000023,10672
35.8150000000023,9434
35.8150000000023,8732
35.8150000000023,8300
35.8150000000023,8778
35.8150000000023,9264
35.8150000000023,9230
35.8150000000023,9748
35.862000000001,8786
35.862000000001,8016
35.862000000001,7790
35.862000000001,8994
35.862000000001,9846
35.862000000001,10162
35.862000000001,10246
35.862000000001,10650
35.9089999999997,9624
35.9089999999997,8998
35.9089999999997,8242
35.9089999999997,8468
35.9089999999997,8828
35.9089999999997,9260
35.9089999999997,9732
35.9089999999997,8958
35.9089999999997,8310
35.9089999999997,7926
35.9559999999983,8988
35.9559999999983,9680
35.9559999999983,10118
35.9559999999983,10236
35.9559999999983,10646
35.9559999999983,9686
35.9559999999983,9070
35.9559999999983,8314
35.9559999999983,8290
36.002999999997,8644
36.002999999997,9266
36.002999999997,9720
36.002999999997,8648
36.002999999997,8386
36.002999999997,7946
36.002999999997,9054
36.002999999997,9634
36.002999999997,10132
36.002999999997,10260
36.0509999999995,10682
36.0509999999995,9808
36.0509999999995,9260
36.0509999999995,8260
36.0509999999995,7760
36.0509999999995,8582
36.0509999999995,9310
36.0509999999995,9736
36.0509999999995,8854
36.0979999999981,8618
36.0979999999981,8136
36.0979999999981,8840
36.0979999999981,9234
36.0979999999981,10102
36.0979999999981,10228
36.0979999999981,10662
36.0979999999981,9840
36.0979999999981,9240
36.1460000000006,8180
36.1460000000006,8012
36.1460000000006,8606
36.1460000000006,9346
36.1460000000006,9716
36.1460000000006,8952
36.1460000000006,8746
36.1460000000006,8068
36.1460000000006,8722
36.1929999999993,9188
36.1929999999993,10100
36.1929999999993,10246
36.1929999999993,10702
36.1929999999993,9968
36.1929999999993,9352
36.1929999999993,7626
36.1929999999993,7730
36.1929999999993,8624
36.1929999999993,9368
36.239999999998,9594
36.239999999998,9100
36.239999999998,8848
36.239999999998,7868
36.239999999998,8442
36.239999999998,9146
36.239999999998,9968
36.239999999998,10220
36.239999999998,10690
36.2880000000005,10004
36.2880000000005,9388
36.2880000000005,7644
36.2880000000005,7520
36.2880000000005,8644
36.2880000000005,9186
36.2880000000005,9510
36.2880000000005,9188
36.2880000000005,8650
36.2880000000005,7514
36.3349999999991,8218
36.3349999999991,9122
36.3349999999991,10116
36.3349999999991,10210
36.3349999999991,10698
36.3349999999991,10064
36.3349999999991,9440
36.3349999999991,7730
36.3349999999991,7524
36.3819999999978,8650
36.3819999999978,9302
36.3819999999978,9316
36.3819999999978,9224
36.3819999999978,8716
36.3819999999978,7330
36.3819999999978,8244
36.3819999999978,9096
36.3819999999978,10208
36.4290000000037,10200
36.4290000000037,10702
36.4290000000037,10100
36.4290000000037,9480
36.4290000000037,7772
36.4290000000037,7562
36.4290000000037,8660
36.4290000000037,9424
36.4290000000037,9214
36.4290000000037,9270
36.4760000000024,8786
36.4760000000024,8012
36.4760000000024,8330
36.4760000000024,9076
36.4760000000024,10240
36.4760000000024,10192
36.4760000000024,10696
36.4760000000024,10118
36.4760000000024,9506
36.523000000001,7818
36.523000000001,7586
36.523000000001,8690
36.523000000001,9486
36.523000000001,9152
36.523000000001,9348
36.523000000001,8848
36.523000000001,7940
36.523000000001,8524
36.523000000001,9064
36.5710000000036,10178
36.5710000000036,10198
36.5710000000036,10690
36.5710000000036,10174
36.5710000000036,9562
36.5710000000036,7956
36.5710000000036,7654
36.5710000000036,8736
36.6180000000022,9496
36.6180000000022,9166
36.6180000000022,9444
36.6180000000022,8878
36.6180000000022,7536
36.6180000000022,8242
36.6180000000022,9132
36.6180000000022,10118
36.6180000000022,10204
36.6180000000022,10682
36.6650000000009,10234
36.6650000000009,9558
36.6650000000009,8248
36.6650000000009,7868
36.6650000000009,8778
36.6650000000009,9402
36.6650000000009,9176
36.6650000000009,9444
36.6650000000009,8940
36.7119999999995,7282
36.7119999999995,8186
36.7119999999995,9074
36.7119999999995,10208
36.7119999999995,10194
36.7119999999995,10682
36.7119999999995,10126
36.7119999999995,9428
36.7119999999995,8288
36.7119999999995,7880
36.760000000002,8760
36.760000000002,9398
36.760000000002,9182
36.760000000002,9496
36.760000000002,8962
36.760000000002,7308
36.760000000002,7980
36.760000000002,9076
36.760000000002,10162
36.8070000000007,10210
36.8070000000007,10686
36.8070000000007,10184
36.8070000000007,9574
36.8070000000007,8480
36.8070000000007,8016
36.8070000000007,8714
36.8070000000007,9378
36.8070000000007,9234
36.8539999999994,9846
36.8539999999994,9048
36.8539999999994,7422
36.8539999999994,7500
36.8539999999994,9050
36.8539999999994,10074
36.8539999999994,10188
36.8539999999994,10644
36.8539999999994,10162
36.9000000000015,9368
36.9000000000015,8372
36.9000000000015,8372
36.9000000000015,8668
36.9000000000015,9212
36.9000000000015,9264
36.9000000000015,9752
36.9000000000015,8714
36.9000000000015,7658
36.9000000000015,7596
36.948000000004,9004
36.948000000004,9974
36.948000000004,10164
36.948000000004,10538
36.948000000004,10764
36.948000000004,9402
36.948000000004,8694
36.948000000004,8114
36.948000000004,8808
36.9950000000026,9280
36.9950000000026,9302
36.9950000000026,9762
36.9950000000026,8778
36.9950000000026,8018
36.9950000000026,7798
36.9950000000026,8966
36.9950000000026,9820
36.9950000000026,10146
37.0420000000013,10220
37.0420000000013,10634
37.0420000000013,9598
37.0420000000013,8982
37.0420000000013,8314
37.0420000000013,8496
37.0420000000013,8598
37.0420000000013,9348
37.0420000000013,9706
37.0900000000038,8982
37.0900000000038,8346
37.0900000000038,7936
37.0900000000038,8994
37.0900000000038,9674
37.0900000000038,10136
37.0900000000038,10266
37.0900000000038,10676
37.0900000000038,9808
37.0900000000038,9258
37.1370000000024,8280
37.1370000000024,7796
37.1370000000024,8572
37.1370000000024,9322
37.1370000000024,9526
37.1370000000024,9152
37.1370000000024,8602
37.1370000000024,8114
37.1370000000024,8844
37.1849999999977,9238
37.1849999999977,10110
37.1849999999977,10236
37.1849999999977,10666
37.1849999999977,9860
37.1849999999977,9250
37.1849999999977,8054
37.1849999999977,8146
37.1849999999977,8606
37.1849999999977,9358
37.2320000000036,9404
37.2320000000036,9312
37.2320000000036,8838
37.2320000000036,7988
37.2320000000036,8614
37.2320000000036,9178
37.2320000000036,10040
37.2320000000036,10264
37.2320000000036,10728
37.2799999999988,10064
37.2799999999988,9448
37.2799999999988,7740
37.2799999999988,7550
37.2799999999988,8664
37.2799999999988,9458
37.2799999999988,9346
37.2799999999988,9470
37.2799999999988,8904
37.3260000000009,7264
37.3260000000009,8360
37.3260000000009,9100
37.3260000000009,10246
37.3260000000009,10220
37.3260000000009,10712
37.3260000000009,10172
37.3260000000009,9582
37.3260000000009,7976
37.3260000000009,7680
37.3740000000034,8726
37.3740000000034,9480
37.3740000000034,9156
37.3740000000034,9440
37.3740000000034,8880
37.3740000000034,7344
