25.4709999999977,8510
25.4709999999977,8858
25.4709999999977,9008
25.4709999999977,9238
25.4709999999977,9188
25.4709999999977,8556
25.4709999999977,8216
25.4709999999977,7678
25.5190000000002,6348
25.5190000000002,6210
25.5190000000002,6986
25.5190000000002,7186
25.5190000000002,7586
25.5190000000002,7926
25.5190000000002,7724
25.5190000000002,7242
25.5190000000002,5932
25.5659999999989,6134
25.5659999999989,7380
25.5659999999989,7854
25.5659999999989,8284
25.5659999999989,8700
25.5659999999989,8936
25.5659999999989,9040
25.5659999999989,9224
25.5659999999989,9162
25.5659999999989,8670
25.6129999999976,8104
25.6129999999976,7576
25.6129999999976,6200
25.6129999999976,6088
25.6129999999976,7006
25.6129999999976,7556
25.6129999999976,7580
25.6129999999976,8058
25.6129999999976,7628
25.6600000000035,7186
25.6600000000035,5856
25.6600000000035,6114
25.6600000000035,7408
25.6600000000035,8044
25.6600000000035,8388
25.6600000000035,8720
25.6600000000035,8952
25.6600000000035,9204
25.7079999999987,9194
25.7079999999987,8972
25.7079999999987,8320
25.7079999999987,7798
25.7079999999987,6944
25.7079999999987,6708
25.7079999999987,6816
25.7079999999987,6884
25.7079999999987,7600
25.7549999999974,7566
25.7549999999974,7780
25.7549999999974,7344
25.7549999999974,6108
25.7549999999974,6226
25.7549999999974,7228
25.7549999999974,7526
25.7549999999974,8378
25.7549999999974,8550
25.7549999999974,8880
25.8029999999999,8986
25.8029999999999,9198
25.8029999999999,9100
25.8029999999999,8598
25.8029999999999,7914
25.8029999999999,7448
25.8029999999999,6210
25.8029999999999,6016
25.8029999999999,7010
25.8499999999985,7536
25.8499999999985,7570
25.8499999999985,8054
25.8499999999985,7458
25.8499999999985,7072
25.8499999999985,6206
25.8499999999985,6776
25.8499999999985,7446
25.8499999999985,8202
25.8499999999985,8444
25.8970000000045,8798
25.8970000000045,8972
25.8970000000045,8998
25.8970000000045,9214
25.8970000000045,9034
25.8970000000045,8478
25.8970000000045,7694
25.8970000000045,7042
25.8970000000045,6668
25.9440000000031,6718
25.9440000000031,6914
25.9440000000031,7616
25.9440000000031,7590
25.9440000000031,8048
25.9440000000031,7200
25.9440000000031,6708
25.9440000000031,6534
25.9440000000031,7074
25.9910000000018,7510
25.9910000000018,8326
25.9910000000018,8516
25.9910000000018,8860
25.9910000000018,9014
25.9910000000018,9238
25.9910000000018,9188
25.9910000000018,8922
25.9910000000018,8398
25.9910000000018,7862
26.0390000000043,6796
26.0390000000043,6482
26.0390000000043,6908
26.0390000000043,6908
26.0390000000043,7618
26.0390000000043,7700
26.0390000000043,7808
26.0390000000043,7354
26.0390000000043,6138
26.0849999999991,6420
26.0849999999991,7186
26.0849999999991,7518
26.0849999999991,8370
26.0849999999991,8552
26.0849999999991,8890
26.0849999999991,9024
26.0849999999991,9250
26.0849999999991,9176
26.0849999999991,8562
26.1330000000016,8216
26.1330000000016,7678
26.1330000000016,6354
26.1330000000016,6452
26.1330000000016,6980
26.1330000000016,7100
26.1330000000016,7642
26.1330000000016,7828
26.1330000000016,7828
26.1800000000003,7370
26.1800000000003,6140
26.1800000000003,6268
26.1800000000003,7426
26.1800000000003,7508
26.1800000000003,8346
26.1800000000003,8540
26.1800000000003,8880
26.1800000000003,9018
26.2280000000028,9258
26.2280000000028,9178
26.2280000000028,8578
26.2280000000028,8216
26.2280000000028,7680
26.2280000000028,6350
26.2280000000028,6216
26.2280000000028,7026
26.2280000000028,7098
26.2739999999976,7636
26.2739999999976,7848
26.2739999999976,7816
26.2739999999976,7356
26.2739999999976,6112
26.2739999999976,6232
26.2739999999976,7366
26.2739999999976,7586
26.2739999999976,8506
26.2739999999976,8628
26.3220000000001,8946
26.3220000000001,9034
26.3220000000001,9244
26.3220000000001,9198
26.3220000000001,9012
26.3220000000001,8296
26.3220000000001,7770
26.3220000000001,6520
26.3220000000001,6354
26.3689999999988,7088
26.3689999999988,7344
26.3689999999988,7596
26.3689999999988,7960
26.3689999999988,7782
26.3689999999988,7366
26.3689999999988,6174
26.3689999999988,6246
26.3689999999988,7438
26.3689999999988,7580
26.4170000000013,8464
26.4170000000013,8612
26.4170000000013,8926
26.4170000000013,9024
26.4170000000013,9192
26.4170000000013,9146
26.4170000000013,8658
26.4170000000013,8074
26.4170000000013,7714
26.4170000000013,6420
26.4639999999999,6282
26.4639999999999,7036
26.4639999999999,7418
26.4639999999999,7608
26.4639999999999,7998
26.4639999999999,7694
26.4639999999999,7222
26.4639999999999,5902
26.5120000000024,6130
26.5120000000024,7360
26.5120000000024,7570
26.5120000000024,8494
26.5120000000024,8622
26.5120000000024,8922
26.5120000000024,9022
26.5120000000024,9234
26.5120000000024,9112
26.5120000000024,8624
26.5590000000011,7972
26.5590000000011,7508
26.5590000000011,6102
26.5590000000011,6040
26.5590000000011,7036
26.5590000000011,7504
26.5590000000011,7590
26.5590000000011,8048
26.5590000000011,7554
26.6059999999998,7144
26.6059999999998,5814
26.6059999999998,6122
26.6059999999998,7402
26.6059999999998,8130
26.6059999999998,8406
26.6059999999998,8742
26.6059999999998,8930
26.6059999999998,8972
26.6059999999998,9168
26.6529999999984,9002
26.6529999999984,8428
26.6529999999984,7834
26.6529999999984,6928
26.6529999999984,6684
26.6529999999984,6822
26.6529999999984,6888
26.6529999999984,7592
26.6529999999984,7554
26.7010000000009,7770
26.7010000000009,7026
26.7010000000009,6484
26.7010000000009,6390
26.7010000000009,7180
26.7010000000009,7504
26.7010000000009,8360
26.7010000000009,8542
26.7010000000009,8864
26.7010000000009,8968
26.7479999999996,9202
26.7479999999996,9068
26.7479999999996,8572
26.7479999999996,8064
26.7479999999996,7550
26.7479999999996,6170
26.7479999999996,6052
26.7479999999996,6986
26.7479999999996,7566
26.7949999999983,7572
26.7949999999983,8052
26.7949999999983,7426
26.7949999999983,7006
26.7949999999983,6304
26.7949999999983,6114
26.7949999999983,7400
26.7949999999983,8038
26.7949999999983,8382
26.8420000000042,8730
26.8420000000042,8978
26.8420000000042,9034
26.8420000000042,9234
26.8420000000042,9064
26.8420000000042,8542
26.8420000000042,7780
26.8420000000042,7248
26.8420000000042,6606
26.8899999999994,6484
26.8899999999994,6918
26.8899999999994,7616
26.8899999999994,7580
26.8899999999994,8052
26.8899999999994,7360
26.8899999999994,6930
26.8899999999994,6406
26.8899999999994,6718
26.8899999999994,7454
26.9380000000019,8232
26.9380000000019,8448
26.9380000000019,8798
26.9380000000019,8982
26.9380000000019,9064
26.9380000000019,9176
26.9380000000019,8992
26.9380000000019,8406
26.9380000000019,7854
26.9380000000019,6848
26.9850000000006,6560
26.9850000000006,6856
26.9850000000006,6894
26.9850000000006,7602
26.9850000000006,7596
26.9850000000006,7790
26.9850000000006,7078
26.9850000000006,6560
26.9850000000006,6440
27.0319999999992,7156
27.0319999999992,7504
27.0319999999992,8340
27.0319999999992,8526
27.0319999999992,8864
27.0319999999992,8992
27.0319999999992,9214
27.0319999999992,9126
27.0319999999992,8634
27.0800000000017,8242
27.0800000000017,7714
27.0800000000017,6430
27.0800000000017,6292
27.0800000000017,7042
27.0800000000017,7402
27.0800000000017,7586
27.0800000000017,7988
27.0800000000017,7672
27.1270000000004,7210
27.1270000000004,5878
27.1270000000004,6200
27.1270000000004,7344
27.1270000000004,7560
27.1270000000004,8478
27.1270000000004,8622
27.1270000000004,8936
27.1270000000004,9024
27.1270000000004,9222
27.1739999999991,9146
27.1739999999991,8658
27.1739999999991,8098
27.1739999999991,7572
27.1739999999991,6200
27.1739999999991,6094
27.1739999999991,7042
27.1739999999991,7382
27.1739999999991,7580
27.2209999999977,7972
27.2209999999977,7642
27.2209999999977,7190
27.2209999999977,5846
27.2209999999977,6098
27.2209999999977,7382
27.2209999999977,8008
27.2209999999977,8370
27.2209999999977,8710
27.2209999999977,8946
27.2680000000037,9038
27.2680000000037,9204
27.2680000000037,9148
27.2680000000037,8658
27.2680000000037,8120
27.2680000000037,7592
27.2680000000037,6222
27.2680000000037,6118
27.2680000000037,7006
27.3159999999989,7508
27.3159999999989,7562
27.3159999999989,8028
27.3159999999989,7654
27.3159999999989,7190
27.3159999999989,5850
27.3159999999989,6098
27.3159999999989,7376
27.3159999999989,7996
27.3629999999976,8356
27.3629999999976,8710
27.3629999999976,8968
27.3629999999976,9034
27.3629999999976,9244
27.3629999999976,9086
27.3629999999976,8586
27.3629999999976,8068
27.3629999999976,7560
27.4100000000035,6180
27.4100000000035,6072
27.4100000000035,6990
27.4100000000035,7556
27.4100000000035,7566
27.4100000000035,8048
27.4100000000035,7432
27.4100000000035,7046
27.4100000000035,6266
27.4100000000035,6750
27.4570000000022,7386
27.4570000000022,8016
27.4570000000022,8366
27.4570000000022,8706
27.4570000000022,8952
27.4570000000022,8992
27.4570000000022,9208
27.4570000000022,9034
27.4570000000022,8488
27.5049999999974,7642
27.5049999999974,7082
27.5049999999974,6648
27.5049999999974,6646
27.5049999999974,6938
27.5049999999974,7700
27.5049999999974,7590
27.5049999999974,8044
27.5049999999974,7246
27.5049999999974,6784
27.5509999999995,6488
27.5509999999995,6956
27.5509999999995,7478
27.5509999999995,8280
27.5509999999995,8478
27.5509999999995,8762
27.5509999999995,8958
27.5509999999995,9194
27.5509999999995,9178
27.599000000002,8972
27.599000000002,8288
27.599000000002,7762
27.599000000002,6524
27.599000000002,6358
27.599000000002,7082
27.599000000002,7328
27.599000000002,7590
27.599000000002,7580
27.6460000000006,7780
27.6460000000006,7364
27.6460000000006,6180
27.6460000000006,6248
27.6460000000006,7438
27.6460000000006,7546
27.6460000000006,8428
27.6460000000006,8586
27.6460000000006,8886
27.6460000000006,8982
27.6929999999993,9204
27.6929999999993,9048
27.6929999999993,8524
27.6929999999993,7952
27.6929999999993,7500
27.6929999999993,6092
27.6929999999993,6032
27.6929999999993,6970
27.6929999999993,7642
27.739999999998,7602
27.739999999998,8080
27.739999999998,7408
27.739999999998,6992
27.739999999998,6374
27.739999999998,6130
27.739999999998,7416
27.739999999998,8054
27.739999999998,8388
27.739999999998,8736
27.7880000000005,8992
27.7880000000005,9058
27.7880000000005,9270
27.7880000000005,9120
27.7880000000005,8632
27.7880000000005,7980
27.7880000000005,7520
27.7880000000005,6118
27.7880000000005,6056
27.8349999999991,7036
27.8349999999991,7494
27.8349999999991,7596
27.8349999999991,8054
27.8349999999991,7590
27.8349999999991,7174
27.8349999999991,5842
27.8349999999991,6124
27.8349999999991,7400
27.8819999999978,8074
27.8819999999978,8378
27.8819999999978,8648
27.8819999999978,8926
27.8819999999978,8988
27.8819999999978,9198
27.8819999999978,9022
27.8819999999978,8468
27.8819999999978,7694
27.9290000000037,7032
27.9290000000037,6668
27.9290000000037,6714
27.9290000000037,6914
27.9290000000037,7612
27.9290000000037,7606
27.9290000000037,7992
27.9290000000037,7248
27.9290000000037,6766
27.9290000000037,6512
27.9760000000024,6992
27.9760000000024,7472
27.9760000000024,8284
27.9760000000024,8480
27.9760000000024,8824
27.9760000000024,8982
27.9760000000024,9224
27.9760000000024,9152
27.9760000000024,8618
28.023000000001,8304
28.023000000001,7780
28.023000000001,6566
28.023000000001,6380
28.023000000001,7074
28.023000000001,7320
28.023000000001,7616
28.023000000001,7962
28.023000000001,7762
28.023000000001,7278
28.0710000000036,5994
28.0710000000036,6180
28.0710000000036,7360
28.0710000000036,7544
28.0710000000036,8412
28.0710000000036,8582
28.0710000000036,8920
28.0710000000036,9050
28.0710000000036,9258
28.1180000000022,9224
28.1180000000022,9038
28.1180000000022,8330
28.1180000000022,7806
28.1180000000022,6594
28.1180000000022,6410
28.1180000000022,6842
28.1180000000022,6918
28.1180000000022,7626
28.1650000000009,7590
28.1650000000009,7776
28.1650000000009,7360
28.1650000000009,6186
28.1650000000009,6282
28.1650000000009,7446
28.1650000000009,7556
28.1650000000009,8470
28.1650000000009,8598
28.2130000000034,8850
28.2130000000034,8972
28.2130000000034,9212
28.2130000000034,9070
28.2130000000034,8560
28.2130000000034,7802
28.2130000000034,7274
28.2130000000034,6600
28.2130000000034,6452
28.2130000000034,6956
28.260000000002,7744
28.260000000002,7626
28.260000000002,8088
28.260000000002,7462
28.260000000002,7064
28.260000000002,6314
28.260000000002,6770
28.260000000002,7452
28.260000000002,8222
28.260000000002,8454
28.3079999999973,8796
28.3079999999973,8972
28.3079999999973,9218
28.3079999999973,9168
28.3079999999973,8560
28.3079999999973,8336
28.3079999999973,7806
28.3079999999973,6620
28.3079999999973,6422
28.3550000000032,7048
28.3550000000032,7300
28.3550000000032,7638
28.3550000000032,7962
28.3550000000032,7792
28.3550000000032,7318
28.3550000000032,6020
28.3550000000032,6194
28.3550000000032,7336
28.4029999999984,7536
28.4029999999984,8412
28.4029999999984,8576
28.4029999999984,8884
28.4029999999984,8988
28.4029999999984,9214
28.4029999999984,9054
28.4029999999984,8514
28.4029999999984,7658
28.4500000000044,7130
28.4500000000044,6658
28.4500000000044,6638
28.4500000000044,6982
28.4500000000044,7726
28.4500000000044,7636
28.4500000000044,8104
28.4500000000044,7356
28.4500000000044,6924
28.4500000000044,6456
28.497000000003,6662
28.497000000003,7488
28.497000000003,8284
28.497000000003,8484
28.497000000003,8760
28.497000000003,8966
28.497000000003,9186
28.497000000003,9194
28.497000000003,8998
28.5440000000017,8296
28.5440000000017,7762
28.5440000000017,6512
28.5440000000017,6344
28.5440000000017,7100
28.5440000000017,7386
28.5440000000017,7648
28.5440000000017,7632
28.5440000000017,7834
28.5440000000017,7396
28.5910000000003,6298
28.5910000000003,6340
28.5910000000003,7392
28.5910000000003,7550
28.5910000000003,8428
28.5910000000003,8592
28.5910000000003,8906
28.5910000000003,9002
28.5910000000003,9222
28.6390000000029,9074
28.6390000000029,8642
28.6390000000029,7988
28.6390000000029,7518
28.6390000000029,6108
28.6390000000029,6030
28.6390000000029,6990
28.6390000000029,7664
28.6390000000029,7632
28.6860000000015,8098
28.6860000000015,7446
28.6860000000015,7016
28.6860000000015,5876
28.6860000000015,6154
28.6860000000015,7422
28.6860000000015,8058
28.6860000000015,8402
28.6860000000015,8730
28.7330000000002,8962
28.7330000000002,9112
28.7330000000002,9214
28.7330000000002,9004
28.7330000000002,8402
28.7330000000002,7862
28.7330000000002,6790
28.7330000000002,6488
28.7330000000002,6638
28.7330000000002,6960
28.7799999999988,7612
28.7799999999988,7644
28.7799999999988,8106
28.7799999999988,7120
28.7799999999988,6606
28.7799999999988,6478
28.7799999999988,7174
28.7799999999988,7536
28.7799999999988,8360
28.7799999999988,8480
28.8280000000013,8832
28.8280000000013,9012
28.8280000000013,9228
28.8280000000013,9214
28.8280000000013,8988
28.8280000000013,8370
28.8280000000013,7834
28.8280000000013,6708
28.8280000000013,6476
28.875,6974
28.875,7056
28.875,7642
28.875,7648
28.875,8104
28.875,7088
28.875,6502
28.875,6416
28.875,7252
28.875,7556
28.9230000000025,8392
28.9230000000025,8568
28.9230000000025,8914
28.9230000000025,9050
28.9230000000025,9172
28.9230000000025,9228
28.9230000000025,9038
28.9230000000025,8478
28.9700000000012,7750
28.9700000000012,7026
28.9700000000012,6698
28.9700000000012,6764
28.9700000000012,6964
28.9700000000012,7658
28.9700000000012,7652
28.9700000000012,8100
28.9700000000012,7098
28.9700000000012,6878
29.0169999999998,6478
29.0169999999998,6826
29.0169999999998,7504
29.0169999999998,8294
29.0169999999998,8494
29.0169999999998,8838
29.0169999999998,9014
29.0169999999998,9222
29.0169999999998,9222
29.0639999999985,8988
29.0639999999985,8356
29.0639999999985,7828
29.0639999999985,7026
29.0639999999985,6698
29.0639999999985,6764
29.0639999999985,6974
29.0639999999985,7664
29.0639999999985,7672
29.0639999999985,8120
29.112000000001,7098
29.112000000001,6574
29.112000000001,6458
29.112000000001,7210
29.112000000001,7488
29.112000000001,8270
29.112000000001,8474
29.112000000001,8818
29.112000000001,8976
29.1580000000031,9222
29.1580000000031,9158
29.1580000000031,8530
29.1580000000031,8182
29.1580000000031,7638
29.1580000000031,6282
29.1580000000031,6176
29.1580000000031,7056
29.1580000000031,7320
29.1580000000031,7648
29.2059999999983,7962
29.2059999999983,7832
29.2059999999983,7372
29.2059999999983,6104
29.2059999999983,6246
29.2059999999983,7364
29.2059999999983,7596
29.2059999999983,8516
29.2059999999983,8628
29.2530000000042,8936
29.2530000000042,9018
29.2530000000042,9250
29.2530000000042,9166
29.2530000000042,8648
29.2530000000042,8140
29.2530000000042,7608
29.2530000000042,6246
29.2530000000042,6140
29.3009999999995,7056
29.3009999999995,7546
29.3009999999995,7628
29.3009999999995,8088
29.3009999999995,7608
29.3009999999995,7288
29.3009999999995,5986
29.3009999999995,6184
29.3009999999995,7364
29.3009999999995,7672
29.3479999999981,8284
29.3479999999981,8660
29.3479999999981,8940
29.3479999999981,9014
29.3479999999981,9224
29.3479999999981,9060
29.3479999999981,8526
29.3479999999981,7698
29.3479999999981,7464
29.3950000000041,6158
29.3950000000041,6032
29.3950000000041,6970
29.3950000000041,7672
29.3950000000041,7600
29.3950000000041,8070
29.3950000000041,7314
29.3950000000041,6878
29.3950000000041,6458
29.3950000000041,6786
29.4420000000027,7428
29.4420000000027,8170
29.4420000000027,8414
29.4420000000027,8750
29.4420000000027,8932
29.4420000000027,9186
29.4420000000027,9116
29.4420000000027,8632
29.4420000000027,8058
29.4890000000014,7550
29.4890000000014,6168
29.4890000000014,6068
29.4890000000014,7026
29.4890000000014,7464
29.4890000000014,7608
29.4890000000014,8028
29.4890000000014,7674
29.4890000000014,7226
29.5360000000001,5886
29.5360000000001,6140
29.5360000000001,7400
29.5360000000001,8008
29.5360000000001,8360
29.5360000000001,8690
29.5360000000001,8900
29.5360000000001,8956
29.5360000000001,9158
29.5840000000026,8978
29.5840000000026,8388
29.5840000000026,7852
29.5840000000026,6810
29.5840000000026,6518
29.5840000000026,6904
29.5840000000026,6902
29.5840000000026,7618
29.5840000000026,7700
29.5840000000026,7802
29.6310000000012,7074
29.6310000000012,6458
29.6310000000012,6406
29.6310000000012,7252
29.6310000000012,7504
29.6310000000012,8366
29.6310000000012,8536
29.6310000000012,8854
29.6310000000012,8958
29.6779999999999,9192
29.6779999999999,9022
29.6779999999999,8474
29.6779999999999,7844
29.6779999999999,7324
29.6779999999999,6468
29.6779999999999,6150
29.6779999999999,6934
29.6779999999999,7700
29.6779999999999,7576
29.7249999999985,8042
29.7249999999985,7180
29.7249999999985,6678
29.7249999999985,6514
29.7249999999985,6800
29.7249999999985,7442
29.7249999999985,8222
29.7249999999985,8434
29.7249999999985,8768
29.7720000000045,8920
29.7720000000045,9168
29.7720000000045,9048
29.7720000000045,8542
29.7720000000045,7798
29.7720000000045,7274
29.7720000000045,6580
29.7720000000045,6340
29.7720000000045,6904
29.8199999999997,7602
29.8199999999997,7566
29.8199999999997,8044
29.8199999999997,7344
29.8199999999997,6914
29.8199999999997,6436
29.8199999999997,6684
29.8199999999997,7464
29.8199999999997,8254
29.8669999999984,8470
29.8669999999984,8818
29.8669999999984,8982
29.8669999999984,9202
29.8669999999984,9198
29.8669999999984,8978
29.8669999999984,8356
29.8669999999984,7826
29.8669999999984,6708
29.8669999999984,6478
29.9150000000009,6966
29.9150000000009,7078
29.9150000000009,7602
29.9150000000009,7914
29.9150000000009,7766
29.9150000000009,7284
29.9150000000009,6312
29.9150000000009,6344
29.9150000000009,7354
29.9619999999995,7546
29.9619999999995,8418
29.9619999999995,8586
29.9619999999995,8914
29.9619999999995,9028
29.9619999999995,9250
29.9619999999995,9168
29.9619999999995,8648
29.9619999999995,8176
29.9619999999995,7802
30.0089999999982,6600
30.0089999999982,6416
30.0089999999982,7048
30.0089999999982,7314
30.0089999999982,7586
30.0089999999982,7946
30.0089999999982,7708
30.0089999999982,7236
30.0089999999982,5924
30.0560000000041,6144
30.0560000000041,7372
30.0560000000041,7556
30.0560000000041,8488
30.0560000000041,8602
30.0560000000041,8884
30.0560000000041,8950
30.0560000000041,9152
30.0560000000041,8978
30.1030000000028,8370
30.1030000000028,7834
30.1030000000028,6754
30.1030000000028,6482
30.1030000000028,6940
30.1030000000028,6938
30.1030000000028,7618
30.1030000000028,7618
30.1030000000028,8088
30.1500000000015,7078
30.1500000000015,6484
30.1500000000015,6422
30.1500000000015,7236
30.1500000000015,7518
30.1500000000015,8362
30.1500000000015,8536
30.1500000000015,8850
30.1500000000015,8962
30.1500000000015,9178
30.1970000000001,9074
30.1970000000001,8588
30.1970000000001,7890
30.1970000000001,7408
30.1970000000001,6262
30.1970000000001,6082
30.1970000000001,6974
30.1970000000001,7720
30.1970000000001,7616
30.2439999999988,8080
30.2439999999988,7340
30.2439999999988,7166
30.2439999999988,5908
30.2439999999988,6282
30.2439999999988,7436
30.2439999999988,8160
30.2439999999988,8424
30.2439999999988,8756
30.2439999999988,8972
30.2909999999974,9198
30.2909999999974,9202
30.2909999999974,8978
30.2909999999974,8360
30.2909999999974,7822
30.2909999999974,7046
30.2909999999974,6678
30.2909999999974,6744
30.2909999999974,6954
30.3389999999999,7644
30.3389999999999,7644
30.3389999999999,8098
30.3389999999999,7072
30.3389999999999,6512
30.3389999999999,6422
30.3389999999999,7228
30.3389999999999,7482
30.3389999999999,8278
30.3859999999986,8480
30.3859999999986,8818
30.3859999999986,8972
30.3859999999986,9214
30.3859999999986,9126
30.3859999999986,8648
30.3859999999986,8078
30.3859999999986,7562
30.3859999999986,6176
30.4329999999973,6078
30.4329999999973,7022
30.4329999999973,7452
30.4329999999973,7612
30.4329999999973,8016
30.4329999999973,7700
30.4329999999973,7238
30.4329999999973,5904
30.4329999999973,6148
30.4329999999973,7390
30.4800000000032,7992
30.4800000000032,8360
30.4800000000032,8690
30.4800000000032,8932
30.4800000000032,9060
30.4800000000032,9194
30.4800000000032,9008
30.4800000000032,8452
30.4800000000032,7770
30.4800000000032,6980
30.5279999999984,6646
30.5279999999984,6796
30.5279999999984,6928
30.5279999999984,7628
30.5279999999984,7596
30.5279999999984,7826
30.5279999999984,7160
30.5279999999984,6648
30.5279999999984,6494
30.5740000000005,7118
30.5740000000005,7510
30.5740000000005,8334
30.5740000000005,8530
30.5740000000005,8868
30.5740000000005,9008
30.5740000000005,9258
30.5740000000005,9168
30.5740000000005,8596
30.622000000003,8188
30.622000000003,7816
30.622000000003,6636
30.622000000003,6440
30.622000000003,7026
30.622000000003,7222
30.622000000003,7596
30.622000000003,7934
30.622000000003,7744
30.6690000000017,7268
30.6690000000017,5960
30.6690000000017,6154
30.6690000000017,7402
30.6690000000017,7550
30.6690000000017,8448
30.6690000000017,8586
30.6690000000017,8878
30.6690000000017,8952
30.6690000000017,9148
30.7170000000042,8966
30.7170000000042,8370
30.7170000000042,7834
30.7170000000042,6770
30.7170000000042,6492
30.7170000000042,6632
30.7170000000042,6918
30.7170000000042,7608
30.7170000000042,7600
30.7640000000029,8028
30.7640000000029,7130
30.7640000000029,6406
30.7640000000029,6386
30.7640000000029,7274
30.7640000000029,7534
30.7640000000029,8296
30.7640000000029,8504
30.7640000000029,8840
30.7640000000029,8986
30.8110000000015,9228
30.8110000000015,9152
30.8110000000015,8586
30.8110000000015,8142
30.8110000000015,7602
30.8110000000015,6256
30.8110000000015,6148
30.8110000000015,7022
30.8110000000015,7510
30.8580000000002,7586
30.8580000000002,7940
30.8580000000002,7694
30.8580000000002,7236
30.8580000000002,5902
30.8580000000002,6122
30.8580000000002,7386
30.8580000000002,7962
30.8580000000002,8336
30.9060000000027,8694
30.9060000000027,8946
30.9060000000027,8982
30.9060000000027,9188
30.9060000000027,9060
30.9060000000027,8560
30.9060000000027,7808
30.9060000000027,7274
30.9060000000027,6586
30.9530000000013,6440
30.9530000000013,6928
30.9530000000013,7684
30.9530000000013,7576
30.9530000000013,8048
30.9530000000013,7154
30.9530000000013,6638
30.9530000000013,6384
30.9530000000013,6702
30.9530000000013,7472
31.0010000000038,8254
31.0010000000038,8464
31.0010000000038,8804
31.0010000000038,8978
31.0010000000038,9168
31.0010000000038,9162
31.0010000000038,8900
31.0010000000038,8232
31.0010000000038,7700
31.0010000000038,6750
31.0480000000025,6494
31.0480000000025,6934
31.0480000000025,6930
31.0480000000025,7616
31.0480000000025,7776
31.0480000000025,7802
31.0480000000025,7350
31.0480000000025,6102
31.0480000000025,6240
31.0950000000012,7246
31.0950000000012,7510
31.0950000000012,8360
31.0950000000012,8540
31.0950000000012,8854
31.0950000000012,8962
31.0950000000012,9192
31.0950000000012,9032
31.0950000000012,8500
31.0950000000012,7672
31.1419999999998,7154
31.1419999999998,6642
31.1419999999998,6606
31.1419999999998,6966
31.1419999999998,7674
31.1419999999998,7602
31.1419999999998,8068
31.1419999999998,7334
31.1419999999998,6902
31.1889999999985,6456
31.1889999999985,6712
31.1889999999985,7488
31.1889999999985,8268
31.1889999999985,8478
31.1889999999985,8828
31.1889999999985,8998
31.1889999999985,9040
31.1889999999985,9254
31.237000000001,9090
31.237000000001,8596
31.237000000001,7868
31.237000000001,7350
31.237000000001,6370
31.237000000001,6134
31.237000000001,6950
31.237000000001,7698
31.237000000001,7596
31.2839999999997,8054
31.2839999999997,7490
31.2839999999997,7110
31.2839999999997,6114
31.2839999999997,6554
31.2839999999997,7442
31.2839999999997,8180
31.2839999999997,8422
31.2839999999997,8752
31.2839999999997,8942
31.3309999999983,9142
31.3309999999983,9142
31.3309999999983,8598
31.3309999999983,8186
31.3309999999983,7798
31.3309999999983,6642
31.3309999999983,6442
31.3309999999983,6996
31.3309999999983,7182
31.3790000000008,7612
31.3790000000008,7924
31.3790000000008,7776
31.3790000000008,7310
31.3790000000008,6022
31.3790000000008,6194
31.3790000000008,7324
31.3790000000008,7550
31.3790000000008,8398
31.3790000000008,8582
31.4259999999995,8906
31.4259999999995,9012
31.4259999999995,9248
31.4259999999995,9158
31.4259999999995,8664
31.4259999999995,8116
31.4259999999995,7590
31.4259999999995,6212
31.4259999999995,6118
31.4729999999981,7042
31.4729999999981,7402
31.4729999999981,7626
31.4729999999981,7972
31.4729999999981,7730
31.4729999999981,7268
31.4729999999981,5948
31.4729999999981,6158
31.4729999999981,7382
31.5200000000041,7884
31.5200000000041,8326
31.5200000000041,8694
31.5200000000041,8952
31.5200000000041,9014
31.5200000000041,9230
31.5200000000041,9076
31.5200000000041,8578
31.5200000000041,7838
31.5670000000027,7300
31.5670000000027,6540
31.5670000000027,6340
31.5670000000027,6944
31.5670000000027,7750
31.5670000000027,7590
31.5670000000027,8064
31.5670000000027,7396
31.5670000000027,6990
31.5670000000027,6376
31.614999999998,6750
31.614999999998,7472
31.614999999998,8252
31.614999999998,8468
31.614999999998,8812
31.614999999998,8962
31.614999999998,9208
31.614999999998,9120
31.614999999998,8638
31.614999999998,8048
31.6620000000039,7688
31.6620000000039,6376
31.6620000000039,6246
31.6620000000039,7012
31.6620000000039,7458
31.6620000000039,7590
31.6620000000039,8026
31.6620000000039,7636
31.6620000000039,7196
31.7099999999991,5886
31.7099999999991,6140
31.7099999999991,7324
31.7099999999991,7612
31.7099999999991,8278
31.7099999999991,8664
31.7099999999991,8940
31.7099999999991,9012
31.7099999999991,9224
31.7569999999978,9064
31.7569999999978,8550
31.7569999999978,7772
31.7569999999978,7246
31.7569999999978,6616
31.7569999999978,6576
31.7569999999978,6950
31.7569999999978,7652
31.7569999999978,7618
31.8040000000037,8084
31.8040000000037,7432
31.8040000000037,7022
31.8040000000037,6366
31.8040000000037,6822
31.8040000000037,7484
31.8040000000037,8248
31.8040000000037,8474
31.8040000000037,8828
31.8040000000037,9054
31.8510000000024,9104
31.8510000000024,9320
31.8510000000024,9238
31.8510000000024,9024
31.8510000000024,8372
31.8510000000024,7838
31.8510000000024,6698
31.8510000000024,6482
31.8510000000024,6976
31.8989999999976,7026
31.8989999999976,7626
31.8989999999976,7832
31.8989999999976,8074
31.8989999999976,7084
31.8989999999976,6472
31.8989999999976,6412
31.8989999999976,7238
31.8989999999976,7544
31.8989999999976,8376
31.9460000000036,8556
31.9460000000036,8886
31.9460000000036,9008
31.9460000000036,9230
31.9460000000036,9140
31.9460000000036,8986
31.9460000000036,8284
31.9460000000036,7760
31.9460000000036,6524
31.9939999999988,6350
31.9939999999988,7098
31.9939999999988,7328
31.9939999999988,7600
31.9939999999988,7936
31.9939999999988,7734
31.9939999999988,7272
31.9939999999988,5968
31.9939999999988,6322
32.0409999999974,7396
32.0409999999974,7524
32.0409999999974,8424
32.0409999999974,8560
32.0409999999974,8848
32.0409999999974,8900
32.0409999999974,9136
32.0409999999974,8926
32.0409999999974,8274
32.0409999999974,7750
32.0880000000034,6530
32.0880000000034,6350
32.0880000000034,6848
32.0880000000034,6908
32.0880000000034,7618
32.0880000000034,7590
32.0880000000034,7780
32.0880000000034,7354
32.0880000000034,6210
32.135000000002,6272
32.135000000002,7432
32.135000000002,7550
32.135000000002,8326
32.135000000002,8506
32.135000000002,8838
32.135000000002,8962
32.135000000002,9188
32.135000000002,9060
32.1820000000007,8568
32.1820000000007,7844
32.1820000000007,7310
32.1820000000007,6476
32.1820000000007,6222
32.1820000000007,6956
32.1820000000007,7766
32.1820000000007,7618
32.1820000000007,8084
32.1820000000007,7490
32.2289999999994,7100
32.2289999999994,6184
32.2289999999994,6632
32.2289999999994,7446
32.2289999999994,8196
32.2289999999994,8438
32.2289999999994,8768
32.2289999999994,8952
32.2289999999994,9176
32.2770000000019,9146
32.2770000000019,8526
32.2770000000019,8304
32.2770000000019,7786
32.2770000000019,6566
32.2770000000019,6376
32.2770000000019,7082
32.2770000000019,7356
32.2770000000019,7626
32.3240000000005,7960
32.3240000000005,7796
32.3240000000005,7330
32.3240000000005,6036
32.3240000000005,6374
32.3240000000005,7308
32.3240000000005,7556
32.3240000000005,8408
32.3240000000005,8576
32.3240000000005,8910
32.3709999999992,9034
32.3709999999992,9240
32.3709999999992,9198
32.3709999999992,8946
32.3709999999992,8270
32.3709999999992,7744
32.3709999999992,6476
32.3709999999992,6304
32.3709999999992,6894
32.4179999999978,6934
32.4179999999978,7644
32.4179999999978,7622
32.4179999999978,7806
32.4179999999978,7366
32.4179999999978,6266
32.4179999999978,6314
32.4179999999978,7396
32.4179999999978,7554
32.4179999999978,8326
32.4650000000038,8506
32.4650000000038,8840
32.4650000000038,8988
32.4650000000038,9228
32.4650000000038,9142
32.4650000000038,8654
32.4650000000038,8100
32.4650000000038,7576
32.4650000000038,6180
32.512999999999,6088
32.512999999999,7036
32.512999999999,7454
32.512999999999,7638
32.512999999999,7980
32.512999999999,7770
32.512999999999,7294
32.512999999999,5984
32.512999999999,6164
32.5599999999977,7360
32.5599999999977,7674
32.5599999999977,8288
32.5599999999977,8654
32.5599999999977,8926
32.5599999999977,8994
32.5599999999977,9204
32.5599999999977,9070
32.5599999999977,8572
32.6070000000036,7852
32.6070000000036,7324
32.6070000000036,6442
32.6070000000036,6212
32.6070000000036,6966
32.6070000000036,7754
32.6070000000036,7638
32.6070000000036,8100
32.6070000000036,7366
32.6070000000036,6934
32.6540000000023,6436
32.6540000000023,6168
32.6540000000023,7428
32.6540000000023,8106
32.6540000000023,8412
32.6540000000023,8746
32.6540000000023,8982
32.6540000000023,9032
32.6540000000023,9238
32.7019999999975,9060
32.7019999999975,8532
32.7019999999975,7754
32.7019999999975,7232
32.7019999999975,6616
32.7019999999975,6046
32.7019999999975,7002
32.7019999999975,7654
32.7019999999975,7644
32.7019999999975,8106
32.7479999999996,7530
32.7479999999996,7146
32.7479999999996,5984
32.7479999999996,6324
32.7479999999996,7442
32.7479999999996,8140
32.7479999999996,8412
32.7479999999996,8678
32.7479999999996,8952
32.7960000000021,9024
32.7960000000021,9234
32.7960000000021,9106
32.7960000000021,8614
32.7960000000021,7970
32.7960000000021,7504
32.7960000000021,6112
32.7960000000021,6040
32.7960000000021,6976
32.8430000000008,7622
32.8430000000008,7596
32.8430000000008,8070
32.8430000000008,7622
32.8430000000008,7186
32.8430000000008,5876
32.8430000000008,6138
32.8430000000008,7392
32.8430000000008,7998
32.8899999999994,8360
32.8899999999994,8686
32.8899999999994,8910
32.8899999999994,9100
32.8899999999994,9142
32.8899999999994,8956
32.8899999999994,8242
32.8899999999994,7832
32.8899999999994,6822
32.8899999999994,6528
32.9380000000019,6872
32.9380000000019,6888
32.9380000000019,7582
32.9380000000019,7622
32.9380000000019,7782
32.9380000000019,7324
32.9380000000019,6098
32.9380000000019,6206
32.9380000000019,7186
32.9380000000019,7490
32.9850000000006,8334
32.9850000000006,8504
32.9850000000006,8832
32.9850000000006,8940
32.9850000000006,9176
32.9850000000006,9024
32.9850000000006,8510
32.9850000000006,7736
32.9850000000006,7216
33.0330000000031,6600
33.0330000000031,6520
33.0330000000031,6950
33.0330000000031,7606
33.0330000000031,7560
33.0330000000031,8032
33.0330000000031,7318
33.0330000000031,6898
33.0330000000031,6402
33.0800000000017,6594
33.0800000000017,7448
33.0800000000017,8228
33.0800000000017,8438
33.0800000000017,8786
33.0800000000017,8942
33.0800000000017,9068
33.0800000000017,9168
33.0800000000017,8994
33.1280000000042,8432
33.1280000000042,7756
33.1280000000042,6970
33.1280000000042,6666
33.1280000000042,6750
33.1280000000042,6878
33.1280000000042,7582
33.1280000000042,7554
33.1280000000042,8012
33.1280000000042,7144
33.1739999999991,6648
33.1739999999991,6498
33.1739999999991,7064
33.1739999999991,7474
33.1739999999991,8294
33.1739999999991,8480
33.1739999999991,8808
33.1739999999991,8942
33.1739999999991,9166
33.2220000000016,9084
33.2220000000016,8678
33.2220000000016,8186
33.2220000000016,7654
33.2220000000016,6344
33.2220000000016,6216
33.2220000000016,6982
33.2220000000016,7436
33.2220000000016,7560
33.2220000000016,7982
33.2690000000002,7618
33.2690000000002,7174
33.2690000000002,5856
33.2690000000002,6148
33.2690000000002,7254
33.2690000000002,7530
33.2690000000002,8278
33.2690000000002,8592
33.2690000000002,8860
33.3170000000027,8914
33.3170000000027,9130
33.3170000000027,8932
33.3170000000027,8346
33.3170000000027,7802
33.3170000000027,6750
33.3170000000027,6456
33.3170000000027,6554
33.3170000000027,6892
33.3170000000027,7566
33.3640000000014,7562
33.3640000000014,8028
33.3640000000014,7020
33.3640000000014,6436
33.3640000000014,6370
33.3640000000014,7206
33.3640000000014,7490
33.3640000000014,8238
33.3640000000014,8434
33.4120000000039,8768
33.4120000000039,8914
33.4120000000039,9136
33.4120000000039,9050
33.4120000000039,8572
33.4120000000039,7920
33.4120000000039,7472
33.4120000000039,6068
33.4120000000039,6020
33.4590000000026,6956
33.4590000000026,7622
33.4590000000026,7596
33.4590000000026,8044
33.4590000000026,7616
33.4590000000026,7176
33.4590000000026,5868
33.4590000000026,6118
33.4590000000026,7380
33.4590000000026,7982
33.5060000000012,8352
33.5060000000012,8680
33.5060000000012,8926
33.5060000000012,8982
33.5060000000012,9188
33.5060000000012,9008
33.5060000000012,8480
33.5060000000012,7904
33.5060000000012,7472
33.5529999999999,6068
33.5529999999999,6020
33.5529999999999,6964
33.5529999999999,7636
33.5529999999999,7600
33.5529999999999,8070
33.5529999999999,7442
33.5529999999999,7046
33.5529999999999,6248
33.5529999999999,6118
33.6010000000024,7356
33.6010000000024,7952
33.6010000000024,8334
33.6010000000024,8670
33.6010000000024,8920
33.6010000000024,8966
33.6010000000024,9194
33.6010000000024,9012
33.648000000001,8494
33.648000000001,7684
33.648000000001,7164
33.648000000001,6620
33.648000000001,6014
33.648000000001,6970
33.648000000001,7644
33.648000000001,7616
33.648000000001,8084
33.648000000001,7452
33.6949999999997,7056
33.6949999999997,6206
33.6949999999997,6612
33.6949999999997,7436
33.6949999999997,8176
33.6949999999997,8314
33.6949999999997,8684
33.6949999999997,8958
33.6949999999997,9034
33.7419999999984,9218
33.7419999999984,9146
33.7419999999984,8614
33.7419999999984,8160
33.7419999999984,7618
33.7419999999984,6282
33.7419999999984,6168
33.7419999999984,7026
33.7419999999984,7482
33.7419999999984,7606
33.7890000000043,7864
33.7890000000043,7802
33.7890000000043,7334
33.7890000000043,6102
33.7890000000043,6226
33.7890000000043,7370
33.7890000000043,7554
33.7890000000043,8454
33.7890000000043,8588
33.8369999999995,8890
33.8369999999995,8978
33.8369999999995,9198
33.8369999999995,9116
33.8369999999995,8586
33.8369999999995,8110
33.8369999999995,7582
33.8369999999995,6226
33.8369999999995,6114
33.8369999999995,7010
33.8839999999982,7498
33.8839999999982,7590
33.8839999999982,8038
33.8839999999982,7596
33.8839999999982,7174
33.8839999999982,5996
33.8839999999982,6160
33.8839999999982,7298
33.8839999999982,7570
33.9310000000041,8356
33.9310000000041,8614
33.9310000000041,8906
33.9310000000041,8988
33.9310000000041,9204
33.9310000000041,9060
33.9310000000041,8576
33.9310000000041,7890
33.9310000000041,7560
33.9780000000028,6194
33.9780000000028,6102
33.9780000000028,7012
33.9780000000028,7520
33.9780000000028,7586
33.9780000000028,8044
33.9780000000028,7560
33.9780000000028,7146
33.9780000000028,5840
33.9780000000028,6118
34.025999999998,7320
34.025999999998,7632
34.025999999998,8212
34.025999999998,8624
34.025999999998,8894
34.025999999998,8966
34.025999999998,9168
34.025999999998,8982
34.025999999998,8448
34.073000000004,7618
34.073000000004,7048
34.073000000004,6638
34.073000000004,6122
34.073000000004,6920
34.073000000004,7664
34.073000000004,7554
34.073000000004,8018
34.073000000004,7226
34.073000000004,6756
34.1209999999992,6478
34.1209999999992,6904
34.1209999999992,7462
34.1209999999992,8258
34.1209999999992,8396
34.1209999999992,8730
34.1209999999992,8910
34.1209999999992,9148
34.1209999999992,9094
34.1670000000013,8546
34.1670000000013,8100
34.1670000000013,7566
34.1670000000013,6216
34.1670000000013,6104
34.1670000000013,6990
34.1670000000013,7490
34.1670000000013,7554
34.1670000000013,7888
34.2150000000038,7668
34.2150000000038,7196
34.2150000000038,5886
34.2150000000038,6092
34.2150000000038,7330
34.2150000000038,7880
34.2150000000038,8310
34.2150000000038,8654
34.2150000000038,8910
34.2620000000024,8968
34.2620000000024,9198
34.2620000000024,9032
34.2620000000024,8524
34.2620000000024,7782
34.2620000000024,7248
34.2620000000024,6540
34.2620000000024,6354
34.2620000000024,6920
34.2620000000024,7638
34.3090000000011,7570
34.3090000000011,8028
34.3090000000011,7212
34.3090000000011,6730
34.3090000000011,6240
34.3090000000011,6698
34.3090000000011,7412
34.3090000000011,8176
34.3090000000011,8402
34.3559999999998,8746
34.3559999999998,8926
34.3559999999998,9106
34.3559999999998,9120
34.3559999999998,8678
34.3559999999998,8186
34.3559999999998,7652
34.3559999999998,6340
34.3559999999998,6402
34.3559999999998,6934
34.4029999999984,6954
34.4029999999984,7596
34.4029999999984,7740
34.4029999999984,7792
34.4029999999984,7318
34.4029999999984,6134
34.4029999999984,6252
34.4029999999984,7418
34.4029999999984,7484
34.4500000000044,8304
34.4500000000044,8488
34.4500000000044,8822
34.4500000000044,8978
34.4500000000044,9176
34.4500000000044,9086
34.4500000000044,8606
34.4500000000044,7934
34.4500000000044,7498
34.4979999999996,6232
34.4979999999996,6032
34.4979999999996,6990
34.4979999999996,7550
34.4979999999996,7626
34.4979999999996,8084
34.4979999999996,7612
34.4979999999996,7190
34.4979999999996,5876
34.5449999999983,6140
34.5449999999983,7416
34.5449999999983,8062
34.5449999999983,8396
34.5449999999983,8726
34.5449999999983,8946
34.5449999999983,8976
34.5449999999983,9162
34.5449999999983,8978
34.5449999999983,8386
34.5920000000042,7838
34.5920000000042,6812
34.5920000000042,6508
34.5920000000042,6908
34.5920000000042,6898
34.5920000000042,7612
34.5920000000042,7678
34.5920000000042,7798
34.5920000000042,7042
34.6390000000029,6466
34.6390000000029,6386
34.6390000000029,7238
34.6390000000029,7544
34.6390000000029,8378
34.6390000000029,8550
34.6390000000029,8868
34.6390000000029,8968
34.6390000000029,9176
34.6390000000029,9034
34.6860000000015,8520
34.6860000000015,7950
34.6860000000015,7508
34.6860000000015,6130
34.6860000000015,6032
34.6860000000015,6956
34.6860000000015,7632
34.6860000000015,7576
34.6860000000015,8054
34.734000000004,7308
34.734000000004,6866
34.734000000004,6442
34.734000000004,6688
34.734000000004,7426
34.734000000004,8160
34.734000000004,8406
34.734000000004,8736
34.734000000004,8922
34.7810000000027,9176
34.7810000000027,9074
34.7810000000027,8586
34.7810000000027,7920
34.7810000000027,7484
34.7810000000027,6168
34.7810000000027,6032
34.7810000000027,6966
34.7810000000027,7540
34.8280000000013,7600
34.8280000000013,8058
34.8280000000013,7534
34.8280000000013,7150
34.8280000000013,5914
34.8280000000013,6292
34.8280000000013,7428
34.8280000000013,8152
34.8280000000013,8412
34.8280000000013,8742
34.875,8932
34.875,9194
34.875,9156
34.875,8978
34.875,8264
34.875,7740
34.875,6478
34.875,6328
34.875,7064
34.875,7354
34.9230000000025,7566
34.9230000000025,7956
34.9230000000025,7638
34.9230000000025,7182
34.9230000000025,6016
34.9230000000025,6168
34.9230000000025,7292
34.9230000000025,7562
34.9230000000025,8268
34.9700000000012,8634
34.9700000000012,8896
34.9700000000012,8942
34.9700000000012,9166
34.9700000000012,8940
34.9700000000012,8304
34.9700000000012,7782
34.9700000000012,6570
34.9700000000012,6642
35.0169999999998,6836
35.0169999999998,6894
35.0169999999998,7592
35.0169999999998,7570
35.0169999999998,7780
35.0169999999998,7324
35.0169999999998,6088
35.0169999999998,6216
35.0169999999998,7346
35.0639999999985,7536
35.0639999999985,8372
35.0639999999985,8550
35.0639999999985,8868
35.0639999999985,8968
35.0639999999985,9176
35.0639999999985,9034
35.0639999999985,8520
35.0639999999985,7734
35.0639999999985,7212
35.112000000001,6612
35.112000000001,6498
35.112000000001,6918
35.112000000001,7638
35.112000000001,7580
35.112000000001,8052
35.112000000001,7294
35.112000000001,6848
35.112000000001,6456
35.1589999999997,6720
35.1589999999997,7474
35.1589999999997,8274
35.1589999999997,8474
35.1589999999997,8808
35.1589999999997,8942
35.1589999999997,9168
35.1589999999997,9094
35.1589999999997,8618
35.1589999999997,7996
35.2059999999983,7514
35.2059999999983,6114
35.2059999999983,6052
35.2059999999983,6982
35.2059999999983,7612
35.2059999999983,7590
35.2059999999983,8064
35.2059999999983,7376
35.2059999999983,6950
35.2530000000042,6390
35.2530000000042,6128
35.2530000000042,7416
35.2530000000042,8110
35.2530000000042,8406
35.2530000000042,8740
35.2530000000042,8932
35.2530000000042,9156
35.2530000000042,9132
35.3009999999995,8520
35.3009999999995,8156
35.3009999999995,7618
35.3009999999995,6276
35.3009999999995,6168
35.3009999999995,7052
35.3009999999995,7262
35.3009999999995,7570
35.3009999999995,7904
35.3479999999981,7694
35.3479999999981,7216
35.3479999999981,5898
35.3479999999981,6128
35.3479999999981,7370
35.3479999999981,7920
35.3479999999981,8346
35.3479999999981,8612
35.3479999999981,8894
35.3479999999981,8962
35.3950000000041,9148
35.3950000000041,8956
35.3950000000041,8362
35.3950000000041,7818
35.3950000000041,6740
35.3950000000041,6468
35.3950000000041,6934
35.3950000000041,6954
35.3950000000041,7622
35.3950000000041,7762
35.4420000000027,8080
35.4420000000027,7052
35.4420000000027,6478
35.4420000000027,6412
35.4420000000027,7210
35.4420000000027,7510
35.4420000000027,8352
35.4420000000027,8524
35.4420000000027,8844
35.489999999998,8950
35.489999999998,9172
35.489999999998,9002
35.489999999998,8560
35.489999999998,7826
35.489999999998,7288
35.489999999998,6534
35.489999999998,6322
35.489999999998,6970
35.489999999998,7776
35.5370000000039,7632
35.5370000000039,8088
35.5370000000039,7320
35.5370000000039,6866
35.5370000000039,6478
35.5370000000039,6328
35.5370000000039,7442
35.5370000000039,8162
35.5370000000039,8424
35.5840000000026,8762
35.5840000000026,8968
35.5840000000026,9136
35.5840000000026,9198
35.5840000000026,8976
35.5840000000026,8370
35.5840000000026,7832
35.5840000000026,6728
35.5840000000026,6468
35.6319999999978,6642
35.6319999999978,6950
35.6319999999978,7626
35.6319999999978,7638
35.6319999999978,8104
35.6319999999978,7082
35.6319999999978,6556
35.6319999999978,6456
35.6319999999978,7176
35.6790000000037,7514
35.6790000000037,8258
35.6790000000037,8460
35.6790000000037,8796
35.6790000000037,8956
35.6790000000037,9192
35.6790000000037,9090
35.6790000000037,8612
35.6790000000037,7972
35.6790000000037,7508
35.7260000000024,6088
35.7260000000024,6032
35.7260000000024,6980
35.7260000000024,7638
35.7260000000024,7602
35.7260000000024,8052
35.7260000000024,7602
35.7260000000024,7176
35.7260000000024,5836
35.773000000001,6094
35.773000000001,7380
35.773000000001,8052
35.773000000001,8388
35.773000000001,8726
35.773000000001,8968
35.773000000001,8988
35.773000000001,9202
35.773000000001,9058
35.773000000001,8524
35.8210000000036,7708
35.8210000000036,7186
35.8210000000036,6642
35.8210000000036,6612
35.8210000000036,6944
35.8210000000036,7600
35.8210000000036,7606
35.8210000000036,8078
35.8210000000036,7094
35.8680000000022,6918
35.8680000000022,6440
35.8680000000022,6620
35.8680000000022,7488
35.8680000000022,8284
35.8680000000022,8480
35.8680000000022,8818
35.8680000000022,8968
35.8680000000022,9202
35.9150000000009,9106
35.9150000000009,8622
35.9150000000009,7998
35.9150000000009,7524
35.9150000000009,6292
35.9150000000009,6186
35.9150000000009,7048
35.9150000000009,7498
35.9150000000009,7608
35.9150000000009,8068
35.9619999999995,7632
35.9619999999995,7196
35.9619999999995,5868
35.9619999999995,6144
35.9619999999995,7422
35.9619999999995,7612
35.9619999999995,8314
35.9619999999995,8660
35.9619999999995,8936
36.010000000002,9004
36.010000000002,9204
36.010000000002,9012
36.010000000002,8452
36.010000000002,7802
36.010000000002,6974
36.010000000002,6682
36.010000000002,6812
36.010000000002,6956
36.010000000002,7754
36.0570000000007,7632
36.0570000000007,8080
36.0570000000007,7248
36.0570000000007,6760
36.0570000000007,6540
36.0570000000007,7020
36.0570000000007,7520
36.0570000000007,8330
36.0570000000007,8510
36.1039999999994,8854
36.1039999999994,8998
36.1039999999994,9244
36.1039999999994,9186
36.1039999999994,8978
36.1039999999994,8270
36.1039999999994,7740
36.1039999999994,6436
36.1039999999994,6298
36.150999999998,7064
36.150999999998,7446
36.150999999998,7638
36.150999999998,7986
36.150999999998,7762
36.150999999998,7278
36.150999999998,6226
36.150999999998,6294
36.150999999998,7442
36.1990000000005,7572
36.1990000000005,8464
36.1990000000005,8592
36.1990000000005,8890
36.1990000000005,8966
36.1990000000005,9172
36.1990000000005,8986
36.1990000000005,8406
36.1990000000005,7852
36.1990000000005,6838
36.2459999999992,6638
36.2459999999992,6616
36.2459999999992,6970
36.2459999999992,7618
36.2459999999992,7652
36.2459999999992,8104
36.2459999999992,7206
36.2459999999992,6692
36.2459999999992,6560
36.2929999999978,7094
36.2929999999978,7508
36.2929999999978,8234
36.2929999999978,8442
36.2929999999978,8772
36.2929999999978,8930
36.2929999999978,9148
36.2929999999978,9050
36.2929999999978,8560
36.2929999999978,7818
36.3400000000038,7284
36.3400000000038,6570
36.3400000000038,6390
36.3400000000038,6980
36.3400000000038,7644
36.3400000000038,7648
36.3400000000038,8104
36.3400000000038,7526
36.3400000000038,7146
36.3870000000024,6076
36.3870000000024,6476
36.3870000000024,7446
36.3870000000024,8188
36.3870000000024,8424
36.3870000000024,8762
36.3870000000024,8952
36.3870000000024,9198
36.3870000000024,9178
36.4349999999977,8986
36.4349999999977,8274
36.4349999999977,7744
36.4349999999977,6466
36.4349999999977,6330
36.4349999999977,7078
36.4349999999977,7418
36.4349999999977,7626
36.4349999999977,7970
36.4820000000036,7734
36.4820000000036,7370
36.4820000000036,6194
36.4820000000036,6282
36.4820000000036,7462
36.4820000000036,7570
36.4820000000036,8474
36.4820000000036,8588
36.4820000000036,8870
36.4820000000036,8932
36.5290000000023,9148
36.5290000000023,8962
36.5290000000023,8248
36.5290000000023,7720
36.5290000000023,6422
36.5290000000023,6504
36.5290000000023,6944
36.5290000000023,6930
36.5290000000023,7642
36.5760000000009,7700
36.5760000000009,7826
36.5760000000009,7372
36.5760000000009,6168
36.5760000000009,6286
36.5760000000009,7442
36.5760000000009,7536
36.5760000000009,8356
36.5760000000009,8540
36.5760000000009,8858
36.6240000000034,8968
36.6240000000034,9188
36.6240000000034,9032
36.6240000000034,8496
36.6240000000034,7662
36.6240000000034,7146
36.6240000000034,6662
36.6240000000034,6550
36.6240000000034,6960
36.6699999999983,7690
36.6699999999983,7590
36.6699999999983,8044
36.6699999999983,7252
36.6699999999983,6780
36.6699999999983,6508
36.6699999999983,6970
36.6699999999983,7504
36.6699999999983,8306
36.7180000000008,8496
36.7180000000008,8832
36.7180000000008,8952
36.7180000000008,9214
36.7180000000008,9126
36.7180000000008,8650
36.7180000000008,8078
36.7180000000008,7566
36.7180000000008,6176
36.7180000000008,6086
36.7649999999994,7020
36.7649999999994,7590
36.7649999999994,7602
36.7649999999994,8064
36.7649999999994,7458
36.7649999999994,7062
36.7649999999994,5876
36.7649999999994,6134
36.7649999999994,7402
36.8130000000019,8034
36.8130000000019,8388
36.8130000000019,8706
36.8130000000019,8922
36.8130000000019,9166
36.8130000000019,9120
36.8130000000019,8612
36.8130000000019,8106
36.8130000000019,7582
36.8130000000019,6190
36.8600000000006,6312
36.8600000000006,7064
36.8600000000006,7422
36.8600000000006,7602
36.8600000000006,7972
36.8600000000006,7708
36.8600000000006,7238
36.8600000000006,5914
36.8600000000006,6150
36.9080000000031,7392
36.9080000000031,7572
36.9080000000031,8500
36.9080000000031,8618
36.9080000000031,8884
36.9080000000031,8940
36.9080000000031,9158
36.9080000000031,8952
36.9080000000031,8284
36.9559999999983,7746
36.9559999999983,6498
36.9559999999983,6344
36.9559999999983,7094
36.9559999999983,7390
36.9559999999983,7612
36.9559999999983,7608
36.9559999999983,7796
36.9559999999983,7366
37.0030000000042,6194
37.0030000000042,6276
37.0030000000042,7442
37.0030000000042,7570
37.0030000000042,8474
37.0030000000042,8592
37.0030000000042,8886
37.0030000000042,8958
37.0030000000042,9182
37.0030000000042,8982
37.0500000000029,8378
37.0500000000029,7652
37.0500000000029,7078
37.0500000000029,6682
37.0500000000029,6666
37.0500000000029,6928
37.0500000000029,7632
37.0500000000029,7606
37.0500000000029,7952
37.0970000000016,7264
37.0970000000016,6318
37.0970000000016,6330
37.0970000000016,7088
37.0970000000016,7524
37.0970000000016,8340
37.0970000000016,8516
37.0970000000016,8840
37.0970000000016,8946
37.0970000000016,9178
37.1440000000002,8994
37.1440000000002,8424
37.1440000000002,7862
37.1440000000002,6904
37.1440000000002,6612
37.1440000000002,6586
37.1440000000002,6956
37.1440000000002,7618
37.1440000000002,7622
37.1440000000002,8088
37.1920000000027,7114
37.1920000000027,6580
37.1920000000027,6466
37.1920000000027,7202
37.1920000000027,7534
37.1920000000027,8362
37.1920000000027,8474
37.1920000000027,8814
37.2390000000014,8946
37.2390000000014,9188
37.2390000000014,9050
37.2390000000014,8520
37.2390000000014,7690
37.2390000000014,7166
37.2390000000014,6666
37.2390000000014,6638
37.2390000000014,6956
37.2390000000014,7616
37.2860000000001,7622
37.2860000000001,8084
37.2860000000001,7330
37.2860000000001,6874
37.2860000000001,6482
37.2860000000001,6784
37.2860000000001,7464
37.2860000000001,8274
37.2860000000001,8468
37.3340000000026,8782
37.3340000000026,8894
37.3340000000026,9140
37.3340000000026,8956
37.3340000000026,8386
37.3340000000026,7842
37.3340000000026,6784
37.3340000000026,6494
37.3340000000026,6946
37.3340000000026,6934
37.3810000000012,7638
37.3810000000012,7782
37.3810000000012,7808
37.3810000000012,7334
37.3810000000012,6072
37.3810000000012,6394
37.3810000000012,7288
37.3810000000012,7544
37.3810000000012,8398
37.4279999999999,8566
37.4279999999999,8878
37.4279999999999,8968
37.4279999999999,9178
37.4279999999999,8982
37.4279999999999,8388
37.4279999999999,7848
37.4279999999999,6756
37.4279999999999,6484
37.4279999999999,6666
37.4749999999985,6954
37.4749999999985,7654
37.4749999999985,7638
37.4749999999985,8080
37.4749999999985,7120
37.4749999999985,6440
37.4749999999985,6416
37.4749999999985,7282
37.4749999999985,7534
37.523000000001,8388
37.523000000001,8484
37.523000000001,8814
37.523000000001,8932
37.523000000001,9168
37.523000000001,8982
37.523000000001,8406
37.523000000001,7854
37.523000000001,6828
37.5699999999997,6512
37.5699999999997,6920
37.5699999999997,6944
37.5699999999997,7648
37.5699999999997,7632
37.5699999999997,8098
37.5699999999997,7068
37.5699999999997,6514
37.5699999999997,6422
37.6169999999984,7228
37.6169999999984,7524
37.6169999999984,8366
37.6169999999984,8536
37.6169999999984,8838
37.6169999999984,8916
37.6169999999984,9152
37.6169999999984,8966
37.6169999999984,8372
37.6169999999984,7828
37.6640000000043,6720
37.6640000000043,6484
37.6640000000043,6970
37.6640000000043,7026
37.6640000000043,7626
37.6640000000043,7884
37.6640000000043,7802
37.6640000000043,7320
37.6640000000043,6374
37.7119999999995,6366
37.7119999999995,7328
37.7119999999995,7540
37.7119999999995,8412
37.7119999999995,8566
37.7119999999995,8844
37.7119999999995,8932
37.7119999999995,9120
37.7119999999995,8504
37.7119999999995,8110
37.7589999999982,7592
37.7589999999982,6206
37.7589999999982,6322
37.7589999999982,7072
37.7589999999982,7380
37.7589999999982,7592
37.7589999999982,7976
37.7589999999982,7668
37.7589999999982,7216
37.8070000000007,5882
37.8070000000007,6148
37.8070000000007,7406
37.8070000000007,8038
37.8070000000007,8388
37.8070000000007,8642
37.8070000000007,8906
37.8070000000007,8986
37.8070000000007,9158
37.8539999999994,8890
37.8539999999994,8216
37.8539999999994,7684
37.8539999999994,6354
37.8539999999994,6212
37.8539999999994,7042
37.8539999999994,7484
37.8539999999994,7618
37.8539999999994,7916
37.8539999999994,7766
37.900999999998,7284
37.900999999998,5976
37.900999999998,6174
37.900999999998,7356
37.900999999998,7726
37.900999999998,8300
37.900999999998,8654
37.900999999998,8894
37.900999999998,9152
37.9490000000005,9132
37.9490000000005,8540
37.9490000000005,8150
37.9490000000005,7618
37.9490000000005,6246
37.9490000000005,6128
37.9490000000005,7038
37.9490000000005,7544
37.9490000000005,7606
37.9490000000005,8078
37.9959999999992,7536
37.9959999999992,7150
37.9959999999992,5922
37.9959999999992,6158
37.9959999999992,7390
37.9959999999992,7956
37.9959999999992,8356
37.9959999999992,8670
37.9959999999992,8870
38.0429999999978,9112
38.0429999999978,9014
38.0429999999978,8496
38.0429999999978,7654
38.0429999999978,7140
38.0429999999978,6658
38.0429999999978,6066
38.0429999999978,6964
38.0429999999978,7698
38.0900000000038,7590
38.0900000000038,8052
38.0900000000038,7226
38.0900000000038,6724
38.0900000000038,6538
38.0900000000038,7048
38.0900000000038,7494
38.0900000000038,8232
38.0900000000038,8444
38.0900000000038,8776
38.137999999999,8920
38.137999999999,9158
38.137999999999,9008
38.137999999999,8454
38.137999999999,7744
38.137999999999,6982
38.137999999999,6692
38.137999999999,6786
38.137999999999,6928
38.1849999999977,7662
38.1849999999977,7602
38.1849999999977,8062
38.1849999999977,7120
38.1849999999977,6590
38.1849999999977,6458
38.1849999999977,7170
38.1849999999977,7514
38.1849999999977,8346
38.1849999999977,8530
38.2320000000036,8838
38.2320000000036,8932
38.2320000000036,9158
38.2320000000036,9002
38.2320000000036,8448
38.2320000000036,7798
38.2320000000036,6970
38.2320000000036,6702
38.2320000000036,6816
38.2790000000023,6928
38.2790000000023,7628
38.2790000000023,7590
38.2790000000023,7792
38.2790000000023,7364
38.2790000000023,6184
38.2790000000023,6432
38.2790000000023,7212
38.2790000000023,7536
38.2790000000023,8370
38.3260000000009,8536
38.3260000000009,8840
38.3260000000009,8926
38.3260000000009,9148
38.3260000000009,8940
38.3260000000009,8274
38.3260000000009,7756
38.3260000000009,6484
38.3729999999996,6564
38.3729999999996,6918
38.3729999999996,6928
38.3729999999996,7628
38.3729999999996,7688
38.3729999999996,7818
38.3729999999996,7356
38.3729999999996,6112
38.3729999999996,6252
38.3729999999996,7366
38.4210000000021,7526
38.4210000000021,8386
38.4210000000021,8552
38.4210000000021,8858
38.4210000000021,8946
38.4210000000021,9158
38.4210000000021,8958
38.4210000000021,8316
38.4210000000021,7798
38.4680000000008,6574
38.4680000000008,6400
38.4680000000008,7088
38.4680000000008,7350
38.4680000000008,7622
38.4680000000008,7618
38.4680000000008,7796
38.4680000000008,7344
38.4680000000008,6094
38.4680000000008,6222
38.5160000000033,7330
38.5160000000033,7582
38.5160000000033,8396
38.5160000000033,8628
38.5160000000033,8886
38.5160000000033,9090
38.5160000000033,9132
38.5160000000033,8618
38.5160000000033,8260
38.5630000000019,7736
38.5630000000019,6430
38.5630000000019,6292
38.5630000000019,7042
38.5630000000019,7442
38.5630000000019,7612
38.5630000000019,8026
38.5630000000019,7652
38.5630000000019,7206
38.5630000000019,5876
38.6100000000006,6180
38.6100000000006,7354
38.6100000000006,7644
38.6100000000006,8304
38.6100000000006,8654
38.6100000000006,8904
38.6100000000006,9110
38.6100000000006,9136
38.6569999999992,8614
38.6569999999992,8114
38.6569999999992,7592
38.6569999999992,6194
38.6569999999992,6102
38.6569999999992,7078
38.6569999999992,7428
38.6569999999992,7622
38.6569999999992,7992
38.6569999999992,7694
38.7050000000017,7236
38.7050000000017,5904
38.7050000000017,6154
38.7050000000017,7406
38.7050000000017,8016
38.7050000000017,8382
38.7050000000017,8706
38.7050000000017,8890
38.7050000000017,9094
38.7050000000017,9132
38.7520000000004,8622
38.7520000000004,8080
38.7520000000004,7566
38.7520000000004,6176
38.7520000000004,6078
38.7520000000004,7038
38.7520000000004,7618
38.7520000000004,7626
38.7520000000004,8090
38.7989999999991,7482
38.7989999999991,7228
38.7989999999991,5892
38.7989999999991,6154
38.7989999999991,7418
38.7989999999991,8044
38.7989999999991,8396
38.7989999999991,8716
38.7989999999991,8910
38.7989999999991,9186
38.8459999999977,9076
38.8459999999977,8588
38.8459999999977,7858
38.8459999999977,7344
38.8459999999977,6174
38.8459999999977,6078
38.8459999999977,7022
38.8459999999977,7618
38.8459999999977,7608
38.8940000000002,8084
38.8940000000002,7442
38.8940000000002,7020
38.8940000000002,6394
38.8940000000002,6780
38.8940000000002,7472
38.8940000000002,8242
38.8940000000002,8398
38.8940000000002,8706
38.9409999999989,8884
38.9409999999989,9142
38.9409999999989,8994
38.9409999999989,8452
38.9409999999989,7726
38.9409999999989,6992
38.9409999999989,6718
38.9409999999989,6800
38.9409999999989,6946
38.9879999999976,7658
38.9879999999976,7626
38.9879999999976,8084
38.9879999999976,7182
38.9879999999976,6662
38.9879999999976,6520
38.9879999999976,7156
38.9879999999976,7504
38.9879999999976,8334
38.9879999999976,8514
39.0360000000001,8832
39.0360000000001,8922
39.0360000000001,9148
39.0360000000001,8968
39.0360000000001,8382
39.0360000000001,7838
39.0360000000001,6766
39.0360000000001,6518
39.0360000000001,6964
39.0829999999987,6966
39.0829999999987,7638
39.0829999999987,7832
39.0829999999987,7806
39.0829999999987,7334
39.0829999999987,6062
39.0829999999987,6396
