25.3869999999952,8578
25.3869999999952,9332
25.3869999999952,9712
25.3869999999952,9910
25.4349999999977,10384
25.4349999999977,9870
25.4349999999977,8874
25.4349999999977,8196
25.4349999999977,7766
25.4349999999977,8284
25.4349999999977,8632
25.4349999999977,8760
25.4349999999977,9300
25.4819999999963,8234
25.4819999999963,7494
25.4819999999963,7344
25.4819999999963,8496
25.4819999999963,8756
25.4819999999963,9608
25.4819999999963,9854
25.4819999999963,10342
25.4819999999963,9846
25.4819999999963,8838
25.5299999999988,8140
25.5299999999988,7700
25.5299999999988,8314
25.5299999999988,8668
25.5299999999988,8782
25.5299999999988,9326
25.5299999999988,8288
25.5299999999988,7546
25.5299999999988,7704
25.5299999999988,8428
25.5760000000009,8750
25.5760000000009,9522
25.5760000000009,9870
25.5760000000009,10352
25.5760000000009,9820
25.5760000000009,9002
25.5760000000009,8350
25.5760000000009,7920
25.5760000000009,8186
25.6239999999962,8342
25.6239999999962,8804
25.6239999999962,9294
25.6239999999962,8696
25.6239999999962,8206
25.6239999999962,7622
25.6239999999962,8270
25.6239999999962,8730
25.6239999999962,9654
25.6709999999948,9860
25.6709999999948,10322
25.6709999999948,10210
25.6709999999948,9158
25.6709999999948,8530
25.6709999999948,7900
25.6709999999948,8008
25.6709999999948,8062
25.6709999999948,8788
25.7180000000008,9104
25.7180000000008,8762
25.7180000000008,8296
25.7180000000008,7546
25.7180000000008,8176
25.7180000000008,8710
25.7180000000008,9792
25.7180000000008,9844
25.7180000000008,10280
25.7180000000008,10260
25.7649999999994,9172
25.7649999999994,8562
25.7649999999994,7890
25.7649999999994,7966
25.7649999999994,8116
25.7649999999994,8844
25.7649999999994,9094
25.7649999999994,8776
25.7649999999994,8306
25.8119999999981,7544
25.8119999999981,8172
25.8119999999981,8696
25.8119999999981,9774
25.8119999999981,9824
25.8119999999981,10264
25.8119999999981,10210
25.8119999999981,9140
25.8119999999981,8520
25.8589999999967,7898
25.8589999999967,7514
25.8589999999967,8130
25.8589999999967,8864
25.8589999999967,9106
25.8589999999967,8778
25.8589999999967,8330
25.8589999999967,7534
25.8589999999967,8166
25.8589999999967,8694
25.9059999999954,9664
25.9059999999954,9830
25.9059999999954,10256
25.9059999999954,10218
25.9059999999954,9152
25.9059999999954,8812
25.9059999999954,7334
25.9059999999954,7498
25.9059999999954,8136
25.9539999999979,8868
25.9539999999979,9090
25.9539999999979,8778
25.9539999999979,8306
25.9539999999979,7536
25.9539999999979,8172
25.9539999999979,8700
25.9539999999979,9628
25.9539999999979,9778
26.0009999999966,9906
26.0009999999966,10246
26.0009999999966,9378
26.0009999999966,8818
26.0009999999966,7334
26.0009999999966,7474
26.0009999999966,8120
26.0009999999966,8870
26.0009999999966,9084
26.0009999999966,8782
26.0479999999952,8324
26.0479999999952,7534
26.0479999999952,7448
26.0479999999952,8654
26.0479999999952,9638
26.0479999999952,9798
26.0479999999952,9958
26.0479999999952,10308
26.0479999999952,9520
26.0950000000012,8914
26.0950000000012,7254
26.0950000000012,7110
26.0950000000012,8182
26.0950000000012,8874
26.0950000000012,8694
26.0950000000012,9136
26.0950000000012,8510
26.0950000000012,6918
26.0950000000012,7108
26.1429999999964,8622
26.1429999999964,9542
26.1429999999964,9756
26.1429999999964,9942
26.1429999999964,10318
26.1429999999964,9594
26.1429999999964,8986
26.1429999999964,7366
26.1429999999964,7176
26.1899999999951,8284
26.1899999999951,8812
26.1899999999951,8694
26.1899999999951,9300
26.1899999999951,8532
26.1899999999951,7000
26.1899999999951,7098
26.1899999999951,8592
26.1899999999951,9486
26.237000000001,9726
26.237000000001,9920
26.237000000001,10302
26.237000000001,9602
26.237000000001,9168
26.237000000001,7796
26.237000000001,7490
26.237000000001,8300
26.237000000001,8788
26.2839999999997,8706
26.2839999999997,9306
26.2839999999997,8484
26.2839999999997,7104
26.2839999999997,7156
26.2839999999997,8596
26.2839999999997,9440
26.2839999999997,9674
26.2839999999997,9906
26.2839999999997,10358
26.3319999999949,9844
26.3319999999949,8844
26.3319999999949,8098
26.3319999999949,7714
26.3319999999949,8336
26.3319999999949,8668
26.3319999999949,8726
26.3319999999949,9274
26.3319999999949,8116
26.3319999999949,7350
26.3790000000008,7536
26.3790000000008,8552
26.3790000000008,8782
26.3790000000008,9592
26.3790000000008,9870
26.3790000000008,10346
26.3790000000008,9854
26.3790000000008,8850
26.3790000000008,8176
26.426999999996,7750
26.426999999996,8274
26.426999999996,8606
26.426999999996,8736
26.426999999996,9168
26.426999999996,8510
26.426999999996,7926
26.426999999996,7606
26.426999999996,8496
26.4739999999947,8756
26.4739999999947,9494
26.4739999999947,9864
26.4739999999947,10338
26.4739999999947,9824
26.4739999999947,8906
26.4739999999947,8238
26.4739999999947,7816
26.4739999999947,7962
26.5219999999972,8090
26.5219999999972,8812
26.5219999999972,9054
26.5219999999972,8588
26.5219999999972,8062
26.5219999999972,7680
26.5219999999972,8386
26.5219999999972,8740
26.5219999999972,9556
26.5219999999972,9886
26.5689999999959,10354
26.5689999999959,10136
26.5689999999959,9166
26.5689999999959,8822
26.5689999999959,7328
26.5689999999959,7458
26.5689999999959,8130
26.5689999999959,8864
26.5689999999959,9038
26.6160000000018,8798
26.6160000000018,8326
26.6160000000018,7488
26.6160000000018,8100
26.6160000000018,8680
26.6160000000018,9728
26.6160000000018,9762
26.6160000000018,9910
26.6160000000018,10270
26.6160000000018,9460
26.6630000000005,8858
26.6630000000005,7200
26.6630000000005,7100
26.6630000000005,8150
26.6630000000005,8822
26.6630000000005,8796
26.6630000000005,8868
26.6630000000005,8366
26.6630000000005,7186
26.7109999999957,7068
26.7109999999957,8614
26.7109999999957,9574
26.7109999999957,9752
26.7109999999957,9928
26.7109999999957,10266
26.7109999999957,9496
26.7109999999957,8906
26.7109999999957,7252
26.7580000000016,7104
26.7580000000016,8160
26.7580000000016,8894
26.7580000000016,8678
26.7580000000016,9104
26.7580000000016,8490
26.7580000000016,6894
26.7580000000016,7074
26.7580000000016,8592
26.8050000000003,9548
26.8050000000003,9736
26.8050000000003,9920
26.8050000000003,10280
26.8050000000003,9506
26.8050000000003,8900
26.8050000000003,7252
26.8050000000003,7104
26.8050000000003,8274
26.8050000000003,8870
26.851999999999,8686
26.851999999999,9208
26.851999999999,8510
26.851999999999,6928
26.851999999999,7104
26.851999999999,8606
26.851999999999,9520
26.851999999999,9732
26.851999999999,9920
26.9000000000015,10292
26.9000000000015,9726
26.9000000000015,9146
26.9000000000015,7714
26.9000000000015,7416
26.9000000000015,8294
26.9000000000015,8818
26.9000000000015,8694
26.9000000000015,9300
26.9000000000015,8532
26.9470000000001,7006
26.9470000000001,7110
26.9470000000001,8582
26.9470000000001,9254
26.9470000000001,9666
26.9470000000001,9882
26.9470000000001,10316
26.9470000000001,9742
26.9470000000001,9158
26.9939999999988,7760
26.9939999999988,7454
26.9939999999988,8300
26.9939999999988,8802
26.9939999999988,8704
26.9939999999988,9300
26.9939999999988,8524
26.9939999999988,7510
26.9939999999988,7356
27.0409999999974,8480
27.0409999999974,9228
27.0409999999974,9660
27.0409999999974,9890
27.0409999999974,10336
27.0409999999974,9798
27.0409999999974,9096
27.0409999999974,7920
27.0409999999974,7580
27.0409999999974,8372
27.0889999999999,8746
27.0889999999999,8722
27.0889999999999,9274
27.0889999999999,8372
27.0889999999999,7708
27.0889999999999,7478
27.0889999999999,8668
27.0889999999999,9002
27.0889999999999,9640
27.1359999999986,9902
27.1359999999986,10372
27.1359999999986,9840
27.1359999999986,8968
27.1359999999986,8314
27.1359999999986,7914
27.1359999999986,7908
27.1359999999986,8052
27.1359999999986,8782
27.1359999999986,8994
27.1840000000011,8530
27.1840000000011,7980
27.1840000000011,7626
27.1840000000011,8414
27.1840000000011,8750
27.1840000000011,9502
27.1840000000011,9856
27.1840000000011,10328
27.1840000000011,9834
27.2309999999998,8926
27.2309999999998,8638
27.2309999999998,7864
27.2309999999998,7926
27.2309999999998,8054
27.2309999999998,8782
27.2309999999998,9014
27.2309999999998,8536
27.2309999999998,7986
27.2779999999984,7638
27.2779999999984,8422
27.2779999999984,8742
27.2779999999984,9444
27.2779999999984,9820
27.2779999999984,10218
27.2779999999984,10256
27.2779999999984,9228
27.2779999999984,8612
27.2779999999984,7848
27.3269999999975,7910
27.3269999999975,8074
27.3269999999975,8804
27.3269999999975,8940
27.3269999999975,8588
27.3269999999975,8074
27.3269999999975,7658
27.3269999999975,8362
27.3269999999975,8680
27.3729999999996,9706
27.3729999999996,9820
27.3729999999996,10128
27.3729999999996,10244
27.3729999999996,9346
27.3729999999996,8812
27.3729999999996,7566
27.3729999999996,7654
27.3729999999996,8094
27.3729999999996,8832
27.4209999999948,9040
27.4209999999948,8690
27.4209999999948,8218
27.4209999999948,6812
27.4209999999948,7822
27.4209999999948,8642
27.4209999999948,9656
27.4209999999948,9782
27.4209999999948,10024
27.4680000000008,10224
27.4680000000008,9320
27.4680000000008,8782
27.4680000000008,7602
27.4680000000008,7762
27.4680000000008,8104
27.4680000000008,8850
27.4680000000008,9070
27.4680000000008,8942
27.5149999999994,8396
27.5149999999994,6820
27.5149999999994,7720
27.5149999999994,8654
27.5149999999994,9640
27.5149999999994,9788
27.5149999999994,9936
27.5149999999994,10290
27.5149999999994,9486
27.5619999999981,8886
27.5619999999981,7228
27.5619999999981,7094
27.5619999999981,8280
27.5619999999981,8896
27.5619999999981,8700
27.5619999999981,9176
27.5619999999981,8526
27.5619999999981,6950
27.5619999999981,7128
27.6100000000006,8618
27.6100000000006,9530
27.6100000000006,9736
27.6100000000006,9936
27.6100000000006,10308
27.6100000000006,9620
27.6100000000006,9176
27.6100000000006,7842
27.6100000000006,7534
27.6569999999992,8324
27.6569999999992,8762
27.6569999999992,8684
27.6569999999992,9290
27.6569999999992,8468
27.6569999999992,7084
27.6569999999992,7140
27.6569999999992,8586
27.6569999999992,9434
27.6569999999992,9656
27.7050000000017,9870
27.7050000000017,10322
27.7050000000017,9758
27.7050000000017,9152
27.7050000000017,7826
27.7050000000017,7510
27.7050000000017,8310
27.7050000000017,8788
27.7050000000017,8714
27.7520000000004,9300
27.7520000000004,8376
27.7520000000004,7156
27.7520000000004,7180
27.7520000000004,8506
27.7520000000004,9148
27.7520000000004,9628
27.7520000000004,9854
27.7520000000004,10308
27.7989999999991,9766
27.7989999999991,9148
27.7989999999991,7822
27.7989999999991,7508
27.7989999999991,8306
27.7989999999991,8792
27.7989999999991,8720
27.7989999999991,9286
27.7989999999991,8324
27.7989999999991,7618
27.8459999999977,7422
27.8459999999977,8542
27.8459999999977,9100
27.8459999999977,9644
27.8459999999977,9876
27.8459999999977,10326
27.8459999999977,9794
27.8459999999977,9040
27.8459999999977,7944
27.8929999999964,7608
27.8929999999964,8160
27.8929999999964,8234
27.8929999999964,8766
27.8929999999964,9274
27.8929999999964,8398
27.8929999999964,7736
27.8929999999964,7488
27.8929999999964,8614
27.8929999999964,8916
27.9409999999989,9620
27.9409999999989,9874
27.9409999999989,10332
27.9409999999989,9830
27.9409999999989,9110
27.9409999999989,8490
27.9409999999989,7884
27.9409999999989,8038
27.9409999999989,8070
27.9879999999976,8778
27.9879999999976,9230
27.9879999999976,8484
27.9879999999976,7888
27.9879999999976,7590
27.9879999999976,8500
27.9879999999976,8772
27.9879999999976,9716
27.9879999999976,9808
28.0349999999962,10270
28.0349999999962,10128
28.0349999999962,9110
28.0349999999962,8488
28.0349999999962,7884
28.0349999999962,8048
28.0349999999962,8084
28.0349999999962,8798
28.0349999999962,9240
28.0829999999987,8514
28.0829999999987,7936
28.0829999999987,7636
28.0829999999987,8392
28.0829999999987,8690
28.0829999999987,9746
28.0829999999987,9820
28.0829999999987,10220
28.0829999999987,10246
28.0829999999987,9248
28.1299999999974,8716
28.1299999999974,7828
28.1299999999974,7904
28.1299999999974,8090
28.1299999999974,8828
28.1299999999974,8978
28.1299999999974,8642
28.1299999999974,8140
28.1299999999974,7648
28.176999999996,7966
28.176999999996,8644
28.176999999996,9666
28.176999999996,9768
28.176999999996,10148
28.176999999996,10204
28.176999999996,9166
28.176999999996,8572
28.176999999996,7862
28.176999999996,7970
28.2249999999985,8084
28.2249999999985,8808
28.2249999999985,9142
28.2249999999985,8566
28.2249999999985,8360
28.2249999999985,7446
28.2249999999985,8078
28.2249999999985,8678
28.2249999999985,9726
28.2719999999972,9804
28.2719999999972,10210
28.2719999999972,10220
28.2719999999972,9212
28.2719999999972,8668
28.2719999999972,7848
28.2719999999972,7920
28.2719999999972,8084
28.2719999999972,8802
28.3189999999959,8814
28.3189999999959,8828
28.3189999999959,8350
28.3189999999959,7390
28.3189999999959,8052
28.3189999999959,8660
28.3189999999959,9706
28.3189999999959,9792
28.3189999999959,10234
28.3189999999959,10188
28.3660000000018,9142
28.3660000000018,8496
28.3660000000018,7878
28.3660000000018,8016
28.3660000000018,8130
28.3660000000018,8850
28.3660000000018,9054
28.3660000000018,8788
28.3660000000018,8324
28.413999999997,7526
28.413999999997,8146
28.413999999997,8690
28.413999999997,9732
28.413999999997,9820
28.413999999997,10228
28.413999999997,10228
28.413999999997,9194
28.413999999997,8632
28.413999999997,7858
28.4609999999957,7196
28.4609999999957,8160
28.4609999999957,8844
28.4609999999957,8890
28.4609999999957,8870
28.4609999999957,8376
28.4609999999957,7254
28.4609999999957,8028
28.5089999999982,8674
28.5089999999982,9686
28.5089999999982,9804
28.5089999999982,10086
28.5089999999982,10250
28.5089999999982,9358
28.5089999999982,8796
28.5089999999982,7318
28.5089999999982,7144
28.5089999999982,8198
28.5559999999969,8952
28.5559999999969,8684
28.5559999999969,8986
28.5559999999969,8432
28.5559999999969,6848
28.5559999999969,7390
28.5559999999969,8634
28.5559999999969,9608
28.5559999999969,9700
28.5559999999969,9882
28.6039999999994,10270
28.6039999999994,9542
28.6039999999994,8940
28.6039999999994,7304
28.6039999999994,7130
28.6039999999994,8202
28.6039999999994,8998
28.6039999999994,8694
28.6039999999994,8994
28.650999999998,8448
28.650999999998,6858
28.650999999998,7324
28.650999999998,8618
28.650999999998,9476
28.650999999998,9716
28.650999999998,9920
28.650999999998,10312
28.650999999998,9650
28.650999999998,9060
28.6979999999967,7498
28.6979999999967,7264
28.6979999999967,8274
28.6979999999967,8922
28.6979999999967,8720
28.6979999999967,9186
28.6979999999967,8146
28.6979999999967,7330
28.7449999999953,7284
28.7449999999953,8586
28.7449999999953,9306
28.7449999999953,9692
28.7449999999953,9916
28.7449999999953,10352
28.7449999999953,9778
28.7449999999953,9172
28.7449999999953,7844
28.7449999999953,7546
28.7929999999978,8202
28.7929999999978,8434
28.7929999999978,8762
28.7929999999978,9276
28.7929999999978,8324
28.7929999999978,7632
28.7929999999978,7438
28.7929999999978,8586
28.7929999999978,9070
28.8399999999965,9648
28.8399999999965,9866
28.8399999999965,10328
28.8399999999965,9794
28.8399999999965,9060
28.8399999999965,8372
28.8399999999965,7950
28.8399999999965,8130
28.8399999999965,8248
28.8399999999965,8752
28.887999999999,9254
28.887999999999,8342
28.887999999999,7662
28.887999999999,7446
28.887999999999,8560
28.887999999999,9064
28.887999999999,9644
28.887999999999,9874
28.887999999999,10332
28.9349999999977,9804
28.9349999999977,9018
28.9349999999977,8376
28.9349999999977,7934
28.9349999999977,8134
28.9349999999977,8228
28.9349999999977,8762
28.9349999999977,9266
28.9349999999977,8382
28.9819999999963,7726
28.9819999999963,7474
28.9819999999963,8642
28.9819999999963,8998
28.9819999999963,9702
28.9819999999963,9870
28.9819999999963,10318
28.9819999999963,10236
28.9819999999963,9224
28.9819999999963,8644
29.0299999999988,7864
29.0299999999988,7950
29.0299999999988,8084
29.0299999999988,8812
29.0299999999988,9068
29.0299999999988,8572
29.0299999999988,8034
29.0299999999988,7680
29.0299999999988,8064
29.0769999999975,8704
29.0769999999975,9732
29.0769999999975,9818
29.0769999999975,10208
29.0769999999975,10236
29.0769999999975,9296
29.0769999999975,8782
29.0769999999975,7760
29.0769999999975,7844
29.0769999999975,8100
29.125,8844
29.125,9050
29.125,8704
29.125,8398
29.125,6902
29.125,7854
29.125,8680
29.125,9674
29.125,9804
29.1709999999948,9926
29.1709999999948,10266
29.1709999999948,9420
29.1709999999948,8834
29.1709999999948,7226
29.1709999999948,7210
29.1709999999948,8150
29.1709999999948,8910
29.1709999999948,8680
29.1709999999948,8958
29.2189999999973,8460
29.2189999999973,6872
29.2189999999973,7120
29.2189999999973,8628
29.2189999999973,9584
29.2189999999973,9758
29.2189999999973,9926
29.2189999999973,10272
29.2649999999994,9496
29.2649999999994,8894
29.2649999999994,7544
29.2649999999994,7308
29.2649999999994,8274
29.2649999999994,8880
29.2649999999994,8680
29.2649999999994,9070
29.2649999999994,8490
29.2649999999994,6902
29.3129999999946,7092
29.3129999999946,8622
29.3129999999946,9552
29.3129999999946,9738
29.3129999999946,9912
29.3129999999946,10308
29.3129999999946,9674
29.3129999999946,9090
29.3129999999946,7560
29.3600000000006,7310
29.3600000000006,8278
29.3600000000006,8874
29.3600000000006,8686
29.3600000000006,9182
29.3600000000006,8520
29.3600000000006,6934
29.3600000000006,7092
29.3600000000006,8592
29.3600000000006,9342
29.4069999999992,9690
29.4069999999992,9900
29.4069999999992,10316
29.4069999999992,9696
29.4069999999992,9120
29.4069999999992,7626
29.4069999999992,7354
29.4069999999992,8304
29.4069999999992,8864
29.4539999999979,8694
29.4539999999979,9296
29.4539999999979,8542
29.4539999999979,6980
29.4539999999979,7284
29.4539999999979,8540
29.4539999999979,9296
29.4539999999979,9676
29.4539999999979,9912
29.5020000000004,10354
29.5020000000004,9784
29.5020000000004,9188
29.5020000000004,7838
29.5020000000004,7524
29.5020000000004,8342
29.5020000000004,8796
29.5020000000004,8736
29.5020000000004,9290
29.5489999999991,8356
29.5489999999991,7674
29.5489999999991,7458
29.5489999999991,8556
29.5489999999991,9028
29.5489999999991,9650
29.5489999999991,9886
29.5489999999991,10352
29.5489999999991,9838
29.5489999999991,8864
29.5959999999977,8080
29.5959999999977,7704
29.5959999999977,8362
29.5959999999977,8090
29.5959999999977,8798
29.5959999999977,9254
29.5959999999977,8500
29.5959999999977,7898
29.5959999999977,7616
29.6429999999964,8530
29.6429999999964,8796
29.6429999999964,9506
29.6429999999964,9880
29.6429999999964,10352
29.6429999999964,9810
29.6429999999964,9002
29.6429999999964,8356
29.6429999999964,7826
29.6429999999964,7900
29.6909999999989,8106
29.6909999999989,8840
29.6909999999989,8994
29.6909999999989,8664
29.6909999999989,8176
29.6909999999989,7628
29.6909999999989,8288
29.6909999999989,8710
29.6909999999989,9712
29.7379999999976,9830
29.7379999999976,10146
29.7379999999976,10220
29.7379999999976,9290
29.7379999999976,8776
29.7379999999976,7766
29.7379999999976,7852
29.7379999999976,8098
29.7379999999976,8832
29.7849999999962,9038
29.7849999999962,8668
29.7849999999962,8180
29.7849999999962,7616
29.7849999999962,8278
29.7849999999962,8644
29.7849999999962,9660
29.7849999999962,9766
29.7849999999962,10182
29.7849999999962,10214
29.8329999999987,9194
29.8329999999987,8634
29.8329999999987,7842
29.8329999999987,7952
29.8329999999987,8120
29.8329999999987,8840
29.8329999999987,9076
29.8329999999987,8650
29.8329999999987,8160
29.8799999999974,7100
29.8799999999974,7980
29.8799999999974,8650
29.8799999999974,9664
29.8799999999974,9782
29.8799999999974,10182
29.8799999999974,10224
29.8799999999974,9234
29.8799999999974,8732
29.8799999999974,7818
29.926999999996,7910
29.926999999996,8106
29.926999999996,8832
29.926999999996,9090
29.926999999996,8894
29.926999999996,8376
29.926999999996,7094
29.926999999996,7980
29.926999999996,8654
29.9739999999947,9660
29.9739999999947,9772
29.9739999999947,10164
29.9739999999947,10214
29.9739999999947,9218
29.9739999999947,8674
29.9739999999947,7838
29.9739999999947,7934
29.9739999999947,8106
30.0210000000006,8844
30.0210000000006,8796
30.0210000000006,8884
30.0210000000006,8372
30.0210000000006,7180
30.0210000000006,7986
30.0210000000006,8674
30.0210000000006,9696
30.0210000000006,9792
30.0679999999993,10152
30.0679999999993,10230
30.0679999999993,9274
30.0679999999993,8742
30.0679999999993,7792
30.0679999999993,7880
30.0679999999993,8172
30.0679999999993,8864
30.0679999999993,8694
30.0679999999993,8932
30.1160000000018,8398
30.1160000000018,6924
30.1160000000018,7874
30.1160000000018,8654
30.1160000000018,9644
30.1160000000018,9772
30.1160000000018,10056
30.1160000000018,10214
30.1160000000018,9280
30.1630000000005,8768
30.1630000000005,7762
30.1630000000005,7110
30.1630000000005,8186
30.1630000000005,8860
30.1630000000005,8670
30.1630000000005,8952
30.1630000000005,8408
30.1630000000005,6832
30.1630000000005,7744
30.2099999999991,8658
30.2099999999991,9648
30.2099999999991,9778
30.2099999999991,9916
30.2099999999991,10292
30.2099999999991,9566
30.2099999999991,8968
30.2099999999991,7360
30.2099999999991,7170
30.2569999999978,8202
30.2569999999978,8914
30.2569999999978,8648
30.2569999999978,8952
30.2569999999978,8402
30.2569999999978,6802
30.2569999999978,7570
30.2569999999978,8582
30.2569999999978,9494
30.3050000000003,9720
30.3050000000003,9902
30.3050000000003,10270
30.3050000000003,9548
30.3050000000003,8946
30.3050000000003,7324
30.3050000000003,7160
30.3050000000003,8216
30.3050000000003,8922
30.351999999999,8670
30.351999999999,8972
30.351999999999,8542
30.351999999999,7026
30.351999999999,7128
30.351999999999,8588
30.351999999999,9476
30.351999999999,9720
30.351999999999,9922
30.351999999999,10300
30.3989999999976,9618
30.3989999999976,9022
30.3989999999976,7436
30.3989999999976,7226
30.3989999999976,8258
30.3989999999976,8778
30.3989999999976,8726
30.3989999999976,9300
30.3989999999976,8268
30.3989999999976,7218
30.4470000000001,7222
30.4470000000001,8592
30.4470000000001,9376
30.4470000000001,9702
30.4470000000001,9926
30.4470000000001,10352
30.4470000000001,9772
30.4470000000001,9182
30.4470000000001,8254
30.4949999999953,7832
30.4949999999953,8218
30.4949999999953,8496
30.4949999999953,8742
30.4949999999953,9266
30.4949999999953,8270
30.4949999999953,7544
30.4949999999953,7370
30.4949999999953,8532
30.5420000000013,9202
30.5420000000013,9686
30.5420000000013,9920
30.5420000000013,10332
30.5420000000013,9992
30.5420000000013,9148
30.5420000000013,8532
30.5420000000013,7888
30.5420000000013,8016
30.5899999999965,8080
30.5899999999965,8798
30.5899999999965,9186
30.5899999999965,8556
30.5899999999965,8006
30.5899999999965,7674
30.5899999999965,8418
30.5899999999965,8668
30.5899999999965,9716
30.5899999999965,9794
30.6369999999952,10218
30.6369999999952,10154
30.6369999999952,9132
30.6369999999952,8520
30.6369999999952,7878
30.6369999999952,8008
30.6369999999952,8068
30.6369999999952,8798
30.6369999999952,9198
30.6840000000011,8536
30.6840000000011,7982
30.6840000000011,7504
30.6840000000011,8124
30.6840000000011,8700
30.6840000000011,9732
30.6840000000011,9824
30.6840000000011,10178
30.6840000000011,10244
30.6840000000011,9316
30.7309999999998,8796
30.7309999999998,7662
30.7309999999998,7786
30.7309999999998,8100
30.7309999999998,8844
30.7309999999998,9106
30.7309999999998,8930
30.7309999999998,8382
30.7309999999998,6842
30.7779999999984,7808
30.7779999999984,8660
30.7779999999984,9648
30.7779999999984,9772
30.7779999999984,9938
30.7779999999984,10228
30.7779999999984,9342
30.7779999999984,8788
30.7779999999984,7452
30.8249999999971,7668
30.8249999999971,8196
30.8249999999971,8910
30.8249999999971,8674
30.8249999999971,8988
30.8249999999971,8438
30.8249999999971,6852
30.8249999999971,7350
30.8249999999971,8632
30.8249999999971,9598
30.8719999999958,9742
30.8719999999958,9882
30.8719999999958,10230
30.8719999999958,9384
30.8719999999958,8802
30.8719999999958,7366
30.8719999999958,7170
30.8719999999958,8242
30.8719999999958,8982
30.9199999999983,8704
30.9199999999983,8976
30.9199999999983,8480
30.9199999999983,6898
30.9199999999983,7110
30.9199999999983,8624
30.9199999999983,9568
30.9199999999983,9696
30.9199999999983,9916
30.9199999999983,10342
30.9669999999969,9722
30.9669999999969,9148
30.9669999999969,7694
30.9669999999969,7402
30.9669999999969,8310
30.9669999999969,8828
30.9669999999969,8710
30.9669999999969,9310
30.9669999999969,8536
31.0139999999956,7046
31.0139999999956,7346
31.0139999999956,8504
31.0139999999956,9234
31.0139999999956,9660
31.0139999999956,9874
31.0139999999956,10316
31.0139999999956,9748
31.0139999999956,9166
31.0610000000015,7792
31.0610000000015,7478
31.0610000000015,8326
31.0610000000015,8796
31.0610000000015,8726
31.0610000000015,9306
31.0610000000015,8350
31.0610000000015,7658
31.0610000000015,7458
31.1089999999967,8592
31.1089999999967,9034
31.1089999999967,9630
31.1089999999967,9846
31.1089999999967,10302
31.1089999999967,9762
31.1089999999967,9126
31.1089999999967,7848
31.1089999999967,7526
31.1089999999967,8342
31.1559999999954,8412
31.1559999999954,8782
31.1559999999954,9280
31.1559999999954,8392
31.1559999999954,7736
31.1559999999954,7488
31.1559999999954,8562
31.1559999999954,8916
31.1559999999954,9628
31.2039999999979,9864
31.2039999999979,10326
31.2039999999979,9828
31.2039999999979,8824
31.2039999999979,8098
31.2039999999979,7710
31.2039999999979,8044
31.2039999999979,8080
31.2039999999979,8792
31.2039999999979,9238
31.2509999999966,8494
31.2509999999966,7898
31.2509999999966,7602
31.2509999999966,8480
31.2509999999966,8730
31.2509999999966,9520
31.2509999999966,9840
31.2509999999966,10312
31.2509999999966,9810
31.2979999999952,8832
31.2979999999952,8494
31.2979999999952,7864
31.2979999999952,8016
31.2979999999952,8098
31.2979999999952,8828
31.2979999999952,9176
31.2979999999952,8608
31.2979999999952,8074
31.3450000000012,7684
31.3450000000012,8366
31.3450000000012,8720
31.3450000000012,9522
31.3450000000012,9784
31.3450000000012,10174
31.3450000000012,10204
31.3450000000012,9230
31.3450000000012,8696
31.3929999999964,7808
31.3929999999964,7914
31.3929999999964,8124
31.3929999999964,8860
31.3929999999964,9086
31.3929999999964,8714
31.3929999999964,8234
31.3929999999964,7606
31.3929999999964,7798
31.3929999999964,8642
31.4399999999951,9638
31.4399999999951,9772
31.4399999999951,9962
31.4399999999951,10234
31.4399999999951,9366
31.4399999999951,8804
31.4399999999951,7328
31.4399999999951,7526
31.4399999999951,8126
31.4399999999951,8864
31.487000000001,9060
31.487000000001,8786
31.487000000001,8428
31.487000000001,6838
31.487000000001,7320
31.487000000001,8624
31.487000000001,9602
31.487000000001,9752
31.487000000001,9892
31.5339999999997,10234
31.5339999999997,9402
31.5339999999997,8818
31.5339999999997,7186
31.5339999999997,7192
31.5339999999997,8212
31.5339999999997,8936
31.5339999999997,8650
31.5339999999997,8958
31.5809999999983,8422
31.5809999999983,6832
31.5809999999983,7248
31.5809999999983,8608
31.5809999999983,9598
31.5809999999983,9752
31.5809999999983,9900
31.5809999999983,10236
31.5809999999983,9412
31.627999999997,8822
31.627999999997,7412
31.627999999997,7212
31.627999999997,8228
31.627999999997,8932
31.627999999997,8658
31.627999999997,8958
31.627999999997,8438
31.627999999997,6858
31.627999999997,7144
31.6749999999956,8628
31.6749999999956,9578
31.6749999999956,9746
31.6749999999956,9900
31.6749999999956,10296
31.6749999999956,9650
31.6749999999956,9060
31.6749999999956,7508
31.6749999999956,7284
31.7220000000016,8268
31.7220000000016,8894
31.7220000000016,8700
31.7220000000016,9168
31.7220000000016,8524
31.7220000000016,6956
31.7220000000016,7136
31.7220000000016,8576
31.7220000000016,9312
31.7220000000016,9684
31.7690000000002,9906
31.7690000000002,10336
31.7690000000002,9774
31.7690000000002,9142
31.7690000000002,7874
31.7690000000002,7562
31.7690000000002,8342
31.7690000000002,8746
31.7690000000002,8700
31.8169999999955,9276
31.8169999999955,8290
31.8169999999955,7638
31.8169999999955,7422
31.8169999999955,8568
31.8169999999955,9044
31.8169999999955,9638
31.8169999999955,9864
31.8169999999955,10322
31.8640000000014,9792
31.8640000000014,8952
31.8640000000014,7986
31.8640000000014,7628
31.8640000000014,8376
31.8640000000014,8726
31.8640000000014,8732
31.8640000000014,9244
31.8640000000014,8434
31.9110000000001,7822
31.9110000000001,7530
31.9110000000001,8556
31.9110000000001,8792
31.9110000000001,9588
31.9110000000001,9864
31.9110000000001,10348
31.9110000000001,9804
31.9110000000001,8940
31.9110000000001,8278
31.9579999999987,7916
31.9579999999987,8196
31.9579999999987,8090
31.9579999999987,8818
31.9579999999987,9014
31.9579999999987,8618
31.9579999999987,8100
31.9579999999987,7654
31.9579999999987,8350
32.0060000000012,8730
32.0060000000012,9648
32.0060000000012,9844
32.0060000000012,10300
32.0060000000012,10040
32.0060000000012,9096
32.0060000000012,8490
32.0060000000012,7390
32.0060000000012,7590
32.0060000000012,8114
32.0529999999999,8860
32.0529999999999,9104
32.0529999999999,8772
32.0529999999999,8316
32.0529999999999,7530
32.0529999999999,8136
32.0529999999999,8694
32.0529999999999,9736
32.1009999999951,9814
32.1009999999951,10198
32.1009999999951,10214
32.1009999999951,9458
32.1009999999951,8864
32.1009999999951,7226
32.1009999999951,7088
32.1009999999951,8146
32.1009999999951,8858
32.1009999999951,8668
32.148000000001,8854
32.148000000001,8350
32.148000000001,7222
32.148000000001,7998
32.148000000001,8648
32.148000000001,9670
32.148000000001,9716
32.148000000001,9874
32.148000000001,10230
32.1949999999997,9414
32.1949999999997,8832
32.1949999999997,7186
32.1949999999997,7108
32.1949999999997,8140
32.1949999999997,8868
32.1949999999997,8814
32.1949999999997,8858
32.1949999999997,8352
32.1949999999997,7264
32.2419999999984,7124
32.2419999999984,8642
32.2419999999984,9556
32.2419999999984,9738
32.2419999999984,9916
32.2419999999984,10272
32.2419999999984,9536
32.2419999999984,8940
32.2419999999984,7324
32.288999999997,7144
32.288999999997,8188
32.288999999997,8896
32.288999999997,8650
32.288999999997,9294
32.288999999997,8530
32.288999999997,7006
32.288999999997,7136
32.288999999997,8592
32.3369999999995,9464
32.3369999999995,9700
32.3369999999995,9902
32.3369999999995,10290
32.3369999999995,9612
32.3369999999995,9018
32.3369999999995,7442
32.3369999999995,7228
32.3369999999995,8340
32.3839999999982,8760
32.3839999999982,8730
32.3839999999982,9296
32.3839999999982,8180
32.3839999999982,7274
32.3839999999982,7246
32.3839999999982,8556
32.3839999999982,9316
32.3839999999982,9674
32.3839999999982,9892
32.4309999999969,10328
32.4309999999969,9756
32.4309999999969,9172
32.4309999999969,8244
32.4309999999969,7812
32.4309999999969,8222
32.4309999999969,8460
32.4309999999969,8778
32.4309999999969,9296
32.4309999999969,8396
32.4779999999955,7736
32.4779999999955,7514
32.4779999999955,8592
32.4779999999955,8850
32.4779999999955,9604
32.4779999999955,9886
32.4779999999955,10358
32.4779999999955,9758
32.4779999999955,9274
32.525999999998,8756
32.525999999998,7724
32.525999999998,7832
32.525999999998,8110
32.525999999998,8858
32.525999999998,9132
32.525999999998,8752
32.525999999998,8290
32.525999999998,7570
32.5729999999967,8180
32.5729999999967,8658
32.5729999999967,9620
32.5729999999967,9766
32.5729999999967,9936
32.5729999999967,10272
32.5729999999967,9512
32.5729999999967,8916
32.5729999999967,7284
32.6209999999992,7128
32.6209999999992,8198
32.6209999999992,8904
32.6209999999992,8696
32.6209999999992,8986
32.6209999999992,8442
32.6209999999992,7064
32.6209999999992,7150
32.6209999999992,8596
32.6209999999992,9444
32.6679999999978,9692
32.6679999999978,9900
32.6679999999978,10300
32.6679999999978,9656
32.6679999999978,9074
32.6679999999978,7570
32.6679999999978,7320
32.6679999999978,8294
32.6679999999978,8868
32.7160000000003,8752
32.7160000000003,9296
32.7160000000003,8188
32.7160000000003,7448
32.7160000000003,7334
32.7160000000003,8510
32.7160000000003,9142
32.7160000000003,9654
32.7160000000003,9864
32.7160000000003,10306
32.762999999999,9756
32.762999999999,9110
32.762999999999,7872
32.762999999999,7546
32.762999999999,8176
32.762999999999,8310
32.762999999999,8762
32.762999999999,9254
32.762999999999,8386
32.8099999999977,7720
32.8099999999977,7478
32.8099999999977,8598
32.8099999999977,8950
32.8099999999977,9602
32.8099999999977,9834
32.8099999999977,10300
32.8099999999977,9784
32.8099999999977,9004
32.8569999999963,8378
32.8569999999963,7908
32.8569999999963,8110
32.8569999999963,8160
32.8569999999963,8772
32.8569999999963,9258
32.8569999999963,8432
32.8569999999963,7826
32.8569999999963,7546
32.8569999999963,8536
32.903999999995,8796
32.903999999995,9566
32.903999999995,9798
32.903999999995,10244
32.903999999995,10044
32.903999999995,9110
32.903999999995,8504
32.903999999995,7864
32.903999999995,8016
32.9510000000009,8100
32.9510000000009,8824
32.9510000000009,9188
32.9510000000009,8612
32.9510000000009,8090
32.9510000000009,7664
32.9510000000009,8340
32.9510000000009,8654
32.9510000000009,9666
32.9510000000009,9772
32.9989999999962,10056
32.9989999999962,10194
32.9989999999962,9270
32.9989999999962,8760
32.9989999999962,7658
32.9989999999962,7816
32.9989999999962,8114
32.9989999999962,8858
32.9989999999962,9140
33.0459999999948,8762
33.0459999999948,8306
33.0459999999948,7546
33.0459999999948,7386
33.0459999999948,8622
33.0459999999948,9588
33.0459999999948,9736
33.0459999999948,9880
33.0459999999948,10228
33.0939999999973,9398
33.0939999999973,8814
33.0939999999973,7186
33.0939999999973,7144
33.0939999999973,8120
33.0939999999973,8858
33.0939999999973,8660
33.0939999999973,8936
33.0939999999973,8444
33.140999999996,6866
33.140999999996,7110
33.140999999996,8622
33.140999999996,9548
33.140999999996,9722
33.140999999996,9900
33.140999999996,10246
33.140999999996,9494
33.140999999996,8904
33.140999999996,7278
33.1879999999946,7134
33.1879999999946,8280
33.1879999999946,8822
33.1879999999946,8670
33.1879999999946,9266
33.1879999999946,8524
33.1879999999946,6974
33.1879999999946,7136
33.1879999999946,8618
33.2350000000006,9466
33.2350000000006,9702
33.2350000000006,9892
33.2350000000006,10276
33.2350000000006,9588
33.2350000000006,9126
33.2350000000006,7852
33.2350000000006,7536
33.2350000000006,8326
33.2350000000006,8722
33.2829999999958,8660
33.2829999999958,9248
33.2829999999958,8412
33.2829999999958,7094
33.2829999999958,7146
33.2829999999958,8552
33.2829999999958,9120
33.2829999999958,9612
33.2829999999958,9828
33.3300000000017,10286
33.3300000000017,9722
33.3300000000017,9126
33.3300000000017,7776
33.3300000000017,7472
33.3300000000017,8306
33.3300000000017,8768
33.3300000000017,8690
33.3300000000017,9274
33.3770000000004,8382
33.3770000000004,7128
33.3770000000004,7408
33.3770000000004,8546
33.3770000000004,9060
33.3770000000004,9620
33.3770000000004,9856
33.3770000000004,10318
33.3770000000004,9804
33.3770000000004,8890
33.4249999999956,8022
33.4249999999956,7654
33.4249999999956,8346
33.4249999999956,8668
33.4249999999956,8696
33.4249999999956,9254
33.4249999999956,8414
33.4249999999956,7802
33.4249999999956,7514
33.4709999999977,8562
33.4709999999977,8786
33.4709999999977,9584
33.4709999999977,9838
33.4709999999977,10308
33.4709999999977,9792
33.4709999999977,8844
33.4709999999977,8182
33.4709999999977,7782
33.4709999999977,8252
33.5190000000002,8080
33.5190000000002,8804
33.5190000000002,9126
33.5190000000002,8588
33.5190000000002,8064
33.5190000000002,7664
33.5190000000002,8356
33.5190000000002,8706
33.5190000000002,9484
33.5659999999989,9818
33.5659999999989,10286
33.5659999999989,9856
33.5659999999989,9024
33.5659999999989,8408
33.5659999999989,7644
33.5659999999989,7792
33.5659999999989,8090
33.5659999999989,8824
33.6140000000014,9044
33.6140000000014,8690
33.6140000000014,8222
33.6140000000014,7570
33.6140000000014,8208
33.6140000000014,8684
33.6140000000014,9752
33.6140000000014,9746
33.6140000000014,9900
33.6610000000001,10208
33.6610000000001,9330
33.6610000000001,8776
33.6610000000001,7346
33.6610000000001,7540
33.6610000000001,8120
33.6610000000001,8854
33.6610000000001,9048
33.6610000000001,8788
33.6610000000001,8326
33.7079999999987,7484
33.7079999999987,7226
33.7079999999987,8612
33.7079999999987,9568
33.7079999999987,9726
33.7079999999987,9870
33.7079999999987,10218
33.7079999999987,9384
33.7079999999987,8814
33.7549999999974,7182
33.7549999999974,7140
33.7549999999974,8120
33.7549999999974,8848
33.7549999999974,8838
33.7549999999974,8986
33.7549999999974,8460
33.7549999999974,6888
33.7549999999974,7128
33.7549999999974,8614
33.801999999996,9522
33.801999999996,9710
33.801999999996,9890
33.801999999996,10256
33.801999999996,9520
33.801999999996,8920
33.801999999996,7308
33.801999999996,7130
33.801999999996,8290
33.8499999999985,8818
33.8499999999985,8690
33.8499999999985,9300
33.8499999999985,8514
33.8499999999985,7062
33.8499999999985,7144
33.8499999999985,8576
33.8499999999985,9408
33.8499999999985,9676
33.8969999999972,9886
33.8969999999972,10286
33.8969999999972,9644
33.8969999999972,8992
33.8969999999972,7970
33.8969999999972,7612
33.8969999999972,8382
33.8969999999972,8686
33.8969999999972,8726
33.9439999999959,9270
33.9439999999959,8136
33.9439999999959,7390
33.9439999999959,7324
33.9439999999959,8526
33.9439999999959,9212
33.9439999999959,9552
33.9439999999959,9830
33.9439999999959,10308
33.9439999999959,9712
33.9910000000018,8950
33.9910000000018,8314
33.9910000000018,7926
33.9910000000018,8156
33.9910000000018,8268
33.9910000000018,8740
33.9910000000018,9250
33.9910000000018,8352
33.9910000000018,7694
34.0380000000005,7488
34.0380000000005,8622
34.0380000000005,8694
34.0380000000005,9666
34.0380000000005,9792
34.0380000000005,10254
34.0380000000005,10000
34.0380000000005,9048
34.0380000000005,8444
34.0380000000005,7888
34.0849999999991,8078
34.0849999999991,8084
34.0849999999991,8792
34.0849999999991,9212
34.0849999999991,8510
34.0849999999991,7956
34.0849999999991,7514
34.0849999999991,8104
34.0849999999991,8654
34.1330000000016,9680
34.1330000000016,9766
34.1330000000016,10184
34.1330000000016,10038
34.1330000000016,9104
34.1330000000016,8514
34.1330000000016,7858
34.1330000000016,7996
34.1330000000016,8068
34.1800000000003,8792
34.1800000000003,9162
34.1800000000003,8808
34.1800000000003,8342
34.1800000000003,7416
34.1800000000003,8068
34.1800000000003,8668
34.1800000000003,9676
34.1800000000003,9772
34.226999999999,10138
34.226999999999,10182
34.226999999999,9230
34.226999999999,8686
34.226999999999,7762
34.226999999999,7862
34.226999999999,8088
34.226999999999,8834
34.226999999999,8680
34.226999999999,8914
34.2739999999976,8372
34.2739999999976,6874
34.2739999999976,7798
34.2739999999976,8632
34.2739999999976,9620
34.2739999999976,9752
34.2739999999976,9892
34.2739999999976,10230
34.2739999999976,9384
34.2739999999976,8814
34.3220000000001,7176
34.3220000000001,7200
34.3220000000001,8218
34.3220000000001,8922
34.3220000000001,8650
34.3220000000001,8958
34.3220000000001,8412
34.3220000000001,6866
34.3220000000001,7108
34.3679999999949,8608
34.3679999999949,9538
34.3679999999949,9710
34.3679999999949,9854
34.3679999999949,10264
34.3679999999949,9614
34.3679999999949,9032
34.3679999999949,7490
34.3679999999949,7258
34.4159999999974,8254
34.4159999999974,8868
34.4159999999974,8674
34.4159999999974,9112
34.4159999999974,8496
34.4159999999974,6946
34.4159999999974,7120
34.4159999999974,8540
34.4159999999974,9260
34.4629999999961,9650
34.4629999999961,9864
34.4629999999961,10290
34.4629999999961,9706
34.4629999999961,9126
34.4629999999961,7740
34.4629999999961,7442
34.4629999999961,8304
34.4629999999961,8768
34.4629999999961,8684
34.5109999999986,9276
34.5109999999986,8460
34.5109999999986,7554
34.5109999999986,7392
34.5109999999986,8464
34.5109999999986,9096
34.5109999999986,9624
34.5109999999986,9860
34.5109999999986,10308
34.5579999999973,9798
34.5579999999973,8858
34.5579999999973,8038
34.5579999999973,7652
34.5579999999973,8330
34.5579999999973,8062
34.5579999999973,8766
34.5579999999973,9204
34.5579999999973,8454
34.5579999999973,7874
34.6059999999998,7580
34.6059999999998,8470
34.6059999999998,8740
34.6059999999998,9556
34.6059999999998,9814
34.6059999999998,10276
34.6059999999998,9774
34.6059999999998,8822
34.6059999999998,8160
34.6529999999984,7854
34.6529999999984,7982
34.6529999999984,8064
34.6529999999984,8792
34.6529999999984,9122
34.6529999999984,8568
34.6529999999984,8042
34.6529999999984,7648
34.6529999999984,8346
34.6999999999971,8704
34.6999999999971,9480
34.6999999999971,9818
34.6999999999971,10272
34.6999999999971,10200
34.6999999999971,9038
34.6999999999971,8434
34.6999999999971,7570
34.6999999999971,7726
34.6999999999971,8088
34.7469999999958,8818
34.7469999999958,9048
34.7469999999958,8706
34.7469999999958,8260
34.7469999999958,7530
34.7469999999958,8146
34.7469999999958,8674
34.7469999999958,8442
34.7469999999958,9742
34.7940000000017,9900
34.7940000000017,10240
34.7940000000017,9454
34.7940000000017,8864
34.7940000000017,7232
34.7940000000017,7078
34.7940000000017,8140
34.7940000000017,8814
34.7940000000017,8648
34.7940000000017,8868
34.8419999999969,8334
34.8419999999969,6964
34.8419999999969,7074
34.8419999999969,8576
34.8419999999969,9494
34.8419999999969,9690
34.8419999999969,9882
34.8419999999969,10246
34.8419999999969,9532
34.8889999999956,8932
34.8889999999956,7314
34.8889999999956,7140
34.8889999999956,8188
34.8889999999956,8906
34.8889999999956,8674
34.8889999999956,9280
34.8889999999956,8484
34.8889999999956,7068
34.9369999999981,7146
34.9369999999981,8556
34.9369999999981,9382
34.9369999999981,9654
34.9369999999981,9866
34.9369999999981,10264
34.9369999999981,9608
34.9369999999981,9014
34.9369999999981,7482
34.9839999999967,7262
34.9839999999967,8356
34.9839999999967,8694
34.9839999999967,8686
34.9839999999967,9244
34.9839999999967,8106
34.9839999999967,7252
34.9839999999967,7222
34.9839999999967,8542
34.9839999999967,9284
35.0309999999954,9644
35.0309999999954,9860
35.0309999999954,10292
35.0309999999954,9710
35.0309999999954,8840
35.0309999999954,8180
35.0309999999954,7822
35.0309999999954,8222
35.0309999999954,8500
35.0780000000013,8716
35.0780000000013,9238
35.0780000000013,8254
35.0780000000013,7546
35.0780000000013,7380
35.0780000000013,8510
35.0780000000013,9074
35.0780000000013,9388
35.0780000000013,9802
35.0780000000013,10264
35.1259999999966,9772
35.1259999999966,8976
35.1259999999966,8356
35.1259999999966,7904
35.1259999999966,8100
35.1259999999966,8106
35.1259999999966,8772
35.1259999999966,9230
35.1719999999987,8474
35.1719999999987,7890
35.1719999999987,7590
35.1719999999987,8136
35.1719999999987,8670
35.1719999999987,9856
