25.3729999999996,8180
25.3729999999996,8304
25.4209999999948,7744
25.4209999999948,6308
25.4209999999948,6534
25.4209999999948,7930
25.4209999999948,8608
25.4209999999948,9024
25.4209999999948,9302
25.4209999999948,9692
25.4209999999948,9608
25.4209999999948,8766
25.4680000000008,8156
25.4680000000008,6632
25.4680000000008,6524
25.4680000000008,7606
25.4680000000008,8386
25.4680000000008,8146
25.4680000000008,8680
25.4680000000008,7678
25.4680000000008,7048
25.4680000000008,6832
25.515999999996,7904
25.515999999996,8188
25.515999999996,9116
25.515999999996,9238
25.515999999996,9362
25.515999999996,9670
25.515999999996,9162
25.515999999996,8228
25.5639999999985,7474
25.5639999999985,7196
25.5639999999985,7540
25.5639999999985,7582
25.5639999999985,8182
25.5639999999985,8566
25.5639999999985,8074
25.5639999999985,7592
25.5639999999985,6934
25.5639999999985,6638
25.6109999999971,8002
25.6109999999971,8870
25.6109999999971,9090
25.6109999999971,9348
25.6109999999971,9726
25.6109999999971,9614
25.6109999999971,8592
25.6109999999971,8026
25.6109999999971,7200
25.6579999999958,6904
25.6579999999958,7494
25.6579999999958,8336
25.6579999999958,8078
25.6579999999958,8684
25.6579999999958,7868
25.6579999999958,6576
25.6579999999958,6626
25.6579999999958,7888
25.6579999999958,8488
25.7050000000017,9014
25.7050000000017,9302
25.7050000000017,9680
25.7050000000017,9650
25.7050000000017,9048
25.7050000000017,8360
25.7050000000017,7082
25.7050000000017,6780
25.7050000000017,7746
25.7520000000004,8114
25.7520000000004,8124
25.7520000000004,8618
25.7520000000004,7796
25.7520000000004,7196
25.7520000000004,7064
25.7520000000004,7498
25.7520000000004,8100
25.7520000000004,9032
25.7520000000004,9202
25.7999999999956,9440
25.7999999999956,9782
25.7999999999956,9510
25.7999999999956,8602
25.7999999999956,8022
25.7999999999956,7212
25.7999999999956,6924
25.7999999999956,7500
25.7999999999956,8330
25.8470000000016,8078
25.8470000000016,8690
25.8470000000016,7862
25.8470000000016,6550
25.8470000000016,6594
25.8470000000016,7910
25.8470000000016,8560
25.8470000000016,9022
25.8470000000016,9320
25.8940000000002,9720
25.8940000000002,9650
25.8940000000002,8878
25.8940000000002,8350
25.8940000000002,7064
25.8940000000002,6780
25.8940000000002,7740
25.8940000000002,8124
25.8940000000002,8136
25.9409999999989,8624
25.9409999999989,7796
25.9409999999989,7190
25.9409999999989,7052
25.9409999999989,7798
25.9409999999989,8100
25.9409999999989,9022
25.9409999999989,9186
25.9409999999989,9408
25.9409999999989,9746
25.9879999999976,9218
25.9879999999976,8388
25.9879999999976,7776
25.9879999999976,7288
25.9879999999976,7422
25.9879999999976,7510
25.9879999999976,8232
25.9879999999976,8376
25.9879999999976,8406
25.9879999999976,7832
26.0360000000001,6364
26.0360000000001,6514
26.0360000000001,7946
26.0360000000001,8772
26.0360000000001,9060
26.0360000000001,9326
26.0360000000001,9706
26.0360000000001,9592
26.0360000000001,8658
26.0829999999987,8142
26.0829999999987,6990
26.0829999999987,6538
26.0829999999987,7658
26.0829999999987,8320
26.0829999999987,8120
26.0829999999987,8706
26.0829999999987,7612
26.0829999999987,6832
26.1299999999974,6712
26.1299999999974,8090
26.1299999999974,8208
26.1299999999974,8878
26.1299999999974,9228
26.1299999999974,9402
26.1299999999974,9696
26.1299999999974,9132
26.1299999999974,8382
26.176999999996,7328
26.176999999996,6964
26.176999999996,7684
26.176999999996,7888
26.176999999996,8176
26.176999999996,8614
26.176999999996,8022
26.176999999996,7714
26.176999999996,6448
26.176999999996,6904
26.2249999999985,8022
26.2249999999985,8914
26.2249999999985,9116
26.2249999999985,9368
26.2249999999985,9716
26.2249999999985,9418
26.2249999999985,8556
26.2249999999985,7934
26.2249999999985,7218
26.2719999999972,7068
26.2719999999972,7580
26.2719999999972,8362
26.2719999999972,8098
26.2719999999972,8700
26.2719999999972,7880
26.2719999999972,6584
26.2719999999972,6616
26.2719999999972,7880
26.2719999999972,8470
26.3189999999959,9012
26.3189999999959,9290
26.3189999999959,9356
26.3189999999959,9656
26.3189999999959,9008
26.3189999999959,8324
26.3189999999959,7012
26.3189999999959,6718
26.3189999999959,7688
26.3660000000018,8140
26.3660000000018,8120
26.3660000000018,8632
26.3660000000018,7780
26.3660000000018,7182
26.3660000000018,6966
26.3660000000018,7490
26.3660000000018,8070
26.3660000000018,8982
26.413999999997,9156
26.413999999997,9366
26.413999999997,9706
26.413999999997,9198
26.413999999997,8268
26.413999999997,7626
26.413999999997,7292
26.413999999997,7494
26.413999999997,7508
26.413999999997,8280
26.4609999999957,8114
26.4609999999957,8350
26.4609999999957,7786
26.4609999999957,6338
26.4609999999957,6556
26.4609999999957,7982
26.4609999999957,8814
26.4609999999957,9054
26.4609999999957,9330
26.5089999999982,9712
26.5089999999982,9594
26.5089999999982,8894
26.5089999999982,8260
26.5089999999982,6770
26.5089999999982,6574
26.5089999999982,7664
26.5089999999982,8274
26.5089999999982,8136
26.5089999999982,8700
26.5559999999969,7608
26.5559999999969,6974
26.5559999999969,6792
26.5559999999969,7988
26.5559999999969,8150
26.5559999999969,9040
26.5559999999969,9198
26.5559999999969,9392
26.5559999999969,9726
26.6029999999955,9208
26.6029999999955,8304
26.6029999999955,7664
26.6029999999955,7318
26.6029999999955,7494
26.6029999999955,7556
26.6029999999955,8238
26.6029999999955,8126
26.6029999999955,8402
26.6500000000015,7838
26.6500000000015,6390
26.6500000000015,6556
26.6500000000015,7956
26.6500000000015,8680
26.6500000000015,9050
26.6500000000015,9330
26.6500000000015,9726
26.6500000000015,9634
26.6970000000001,8864
26.6970000000001,8242
26.6970000000001,6738
26.6970000000001,6822
26.6970000000001,7760
26.6970000000001,8120
26.6970000000001,8116
26.6970000000001,8618
26.6970000000001,7762
26.6970000000001,7154
26.7449999999953,7016
26.7449999999953,7808
26.7449999999953,8166
26.7449999999953,9142
26.7449999999953,9166
26.7449999999953,9372
26.7449999999953,9710
26.7449999999953,9194
26.7449999999953,8290
26.7909999999974,7648
26.7909999999974,7300
26.7909999999974,7478
26.7909999999974,7524
26.7909999999974,8206
26.7909999999974,8412
26.7909999999974,8330
26.7909999999974,7776
26.7909999999974,6330
26.7909999999974,6530
26.8389999999999,7956
26.8389999999999,8776
26.8389999999999,9050
26.8389999999999,9322
26.8389999999999,9706
26.8389999999999,9604
26.8389999999999,8732
26.8389999999999,8146
26.8389999999999,6668
26.8859999999986,6612
26.8859999999986,7654
26.8859999999986,8224
26.8859999999986,8100
26.8859999999986,8660
26.8859999999986,7554
26.8859999999986,6914
26.8859999999986,6760
26.8859999999986,8022
26.9329999999973,8188
26.9329999999973,8896
26.9329999999973,9248
26.9329999999973,9388
26.9329999999973,9692
26.9329999999973,9178
26.9329999999973,8232
26.9329999999973,7526
26.9329999999973,7288
26.9799999999959,7520
26.9799999999959,7488
26.9799999999959,8162
26.9799999999959,8524
26.9799999999959,8070
26.9799999999959,7572
26.9799999999959,6298
26.9799999999959,6622
26.9799999999959,7988
26.9799999999959,8858
27.0279999999984,9076
27.0279999999984,9330
27.0279999999984,9690
27.0279999999984,9434
27.0279999999984,8532
27.0279999999984,7920
27.0279999999984,7232
27.0279999999984,7078
27.0279999999984,7556
27.0749999999971,8346
27.0749999999971,8074
27.0749999999971,8678
27.0749999999971,7878
27.0749999999971,6482
27.0749999999971,6556
27.0749999999971,7914
27.0749999999971,8552
27.0749999999971,9014
27.0749999999971,9286
27.1219999999958,9692
27.1219999999958,9602
27.1219999999958,8962
27.1219999999958,8296
27.1219999999958,6930
27.1219999999958,6694
27.1219999999958,7652
27.1219999999958,8172
27.1219999999958,8114
27.1690000000017,8650
27.1690000000017,7672
27.1690000000017,7042
27.1690000000017,6846
27.1690000000017,7580
27.1690000000017,8094
27.1690000000017,8998
27.1690000000017,9162
27.1690000000017,9352
27.2160000000003,9676
27.2160000000003,9162
27.2160000000003,8222
27.2160000000003,7514
27.2160000000003,7268
27.2160000000003,7534
27.2160000000003,7504
27.2160000000003,8170
27.2160000000003,8196
27.262999999999,8280
27.262999999999,7726
27.262999999999,6318
27.262999999999,6584
27.262999999999,7980
27.262999999999,8838
27.262999999999,9070
27.262999999999,9322
27.262999999999,9680
27.262999999999,9598
27.3110000000015,8588
27.3110000000015,8044
27.3110000000015,6684
27.3110000000015,6514
27.3110000000015,7602
27.3110000000015,8296
27.3110000000015,8074
27.3110000000015,8686
27.3110000000015,7828
27.3110000000015,6656
27.3580000000002,6656
27.3580000000002,7914
27.3580000000002,8366
27.3580000000002,9122
27.3580000000002,9222
27.3580000000002,9352
27.3580000000002,9654
27.3580000000002,9038
27.3580000000002,8378
27.4049999999988,7118
27.4049999999988,6792
27.4049999999988,7802
27.4049999999988,8110
27.4049999999988,8142
27.4049999999988,8638
27.4049999999988,8188
27.4049999999988,7690
27.4049999999988,6754
27.4049999999988,7278
27.4519999999975,8034
27.4519999999975,8922
27.4519999999975,9116
27.4519999999975,9372
27.4519999999975,9728
27.4519999999975,9628
27.4519999999975,8624
27.4519999999975,8098
27.4989999999962,7130
27.4989999999962,6514
27.4989999999962,7608
27.4989999999962,8284
27.4989999999962,8088
27.4989999999962,8686
27.4989999999962,7710
27.4989999999962,6728
27.4989999999962,6666
27.4989999999962,7982
27.5469999999987,8280
27.5469999999987,8922
27.5469999999987,9224
27.5469999999987,9392
27.5469999999987,9684
27.5469999999987,9136
27.5469999999987,8306
27.5469999999987,7392
27.5469999999987,7058
27.5939999999973,7622
27.5939999999973,7700
27.5939999999973,8192
27.5939999999973,8592
27.5939999999973,8324
27.5939999999973,7760
27.5939999999973,6324
27.5939999999973,6556
27.5939999999973,7982
27.5939999999973,8832
27.640999999996,9074
27.640999999996,9330
27.640999999996,9700
27.640999999996,9588
27.640999999996,8690
27.640999999996,8146
27.640999999996,6790
27.640999999996,6528
27.640999999996,7668
27.6880000000019,8268
27.6880000000019,8142
27.6880000000019,8690
27.6880000000019,7644
27.6880000000019,7010
27.6880000000019,6826
27.6880000000019,7930
27.6880000000019,8202
27.6880000000019,9136
27.7350000000006,9248
27.7350000000006,9384
27.7350000000006,9716
27.7350000000006,9218
27.7350000000006,8370
27.7350000000006,7750
27.7350000000006,7264
27.7350000000006,7416
27.7350000000006,7520
27.7350000000006,8234
27.7819999999992,8352
27.7819999999992,8254
27.7819999999992,7716
27.7819999999992,6396
27.7819999999992,6494
27.7819999999992,7910
27.7819999999992,8686
27.7819999999992,9034
27.7819999999992,9286
27.8300000000017,9692
27.8300000000017,9584
27.8300000000017,8742
27.8300000000017,8150
27.8300000000017,6622
27.8300000000017,6518
27.8300000000017,7662
27.8300000000017,8212
27.8300000000017,8152
27.8770000000004,8670
27.8770000000004,7754
27.8770000000004,7130
27.8770000000004,7022
27.8770000000004,7828
27.8770000000004,8166
27.8770000000004,9126
27.8770000000004,9218
27.8770000000004,9382
27.8770000000004,9684
27.9239999999991,9178
27.9239999999991,8402
27.9239999999991,7802
27.9239999999991,7252
27.9239999999991,7366
27.9239999999991,7520
27.9239999999991,8280
27.9239999999991,8212
27.9239999999991,8346
27.9709999999977,7786
27.9709999999977,6340
27.9709999999977,6596
27.9709999999977,7908
27.9709999999977,8526
27.9709999999977,9004
27.9709999999977,9284
27.9709999999977,9648
27.9709999999977,9634
27.9709999999977,8910
28.0190000000002,8274
28.0190000000002,6810
28.0190000000002,6596
28.0190000000002,7664
28.0190000000002,8078
28.0190000000002,8126
28.0190000000002,8632
28.0190000000002,7976
28.0190000000002,7452
28.0659999999989,7026
28.0659999999989,7590
28.0659999999989,8110
28.0659999999989,9008
28.0659999999989,9162
28.0659999999989,9352
28.0659999999989,9676
28.0659999999989,9158
28.0659999999989,8458
28.1129999999976,7874
28.1129999999976,7272
28.1129999999976,7228
28.1129999999976,7478
28.1129999999976,8258
28.1129999999976,8130
28.1129999999976,8320
28.1129999999976,7760
28.1129999999976,6308
28.1599999999962,6560
28.1599999999962,7980
28.1599999999962,8562
28.1599999999962,9014
28.1599999999962,9286
28.1599999999962,9648
28.1599999999962,9630
28.1599999999962,8894
28.1599999999962,8260
28.1599999999962,6792
28.2079999999987,6594
28.2079999999987,7652
28.2079999999987,8224
28.2079999999987,8094
28.2079999999987,8664
28.2079999999987,7864
28.2079999999987,7298
28.2079999999987,7074
28.2079999999987,7708
28.2549999999974,8120
28.2549999999974,9048
28.2549999999974,9176
28.2549999999974,9342
28.2549999999974,9656
28.2549999999974,9130
28.2549999999974,8274
28.2549999999974,7396
28.2549999999974,7092
28.2549999999974,7350
28.301999999996,7490
28.301999999996,8232
28.301999999996,8304
28.301999999996,8238
28.301999999996,7708
28.301999999996,6334
28.301999999996,6704
28.301999999996,7988
28.301999999996,8854
28.349000000002,9074
28.349000000002,9312
28.349000000002,9676
28.349000000002,9578
28.349000000002,8726
28.349000000002,8142
28.349000000002,6632
28.349000000002,6530
28.349000000002,7586
28.3960000000006,8376
28.3960000000006,8106
28.3960000000006,8690
28.3960000000006,7868
28.3960000000006,6590
28.3960000000006,6826
28.3960000000006,7910
28.3960000000006,8186
28.3960000000006,9120
28.3960000000006,9228
28.4439999999959,9378
28.4439999999959,9676
28.4439999999959,9086
28.4439999999959,8408
28.4439999999959,7232
28.4439999999959,6868
28.4439999999959,7730
28.4439999999959,7530
28.4439999999959,8212
28.4910000000018,8414
28.4910000000018,8218
28.4910000000018,7704
28.4910000000018,6466
28.4910000000018,6950
28.4910000000018,7998
28.4910000000018,8890
28.4910000000018,9090
28.4910000000018,9346
28.4910000000018,9712
28.5380000000005,9614
28.5380000000005,8838
28.5380000000005,8218
28.5380000000005,6712
28.5380000000005,6530
28.5380000000005,7648
28.5380000000005,8274
28.5380000000005,8114
28.5380000000005,8684
28.5849999999991,7562
28.5849999999991,6862
28.5849999999991,6740
28.5849999999991,7716
28.5849999999991,8142
28.5849999999991,9050
28.5849999999991,9182
28.5849999999991,9352
28.5849999999991,9666
28.6330000000016,9142
28.6330000000016,8224
28.6330000000016,7452
28.6330000000016,7192
28.6330000000016,7550
28.6330000000016,7570
28.6330000000016,8258
28.6330000000016,8176
28.6330000000016,8316
28.6800000000003,7766
28.6800000000003,6312
28.6800000000003,6556
28.6800000000003,7970
28.6800000000003,8804
28.6800000000003,9054
28.6800000000003,9306
28.6800000000003,9676
28.6800000000003,9598
28.6800000000003,8838
28.726999999999,8222
28.726999999999,6720
28.726999999999,6524
28.726999999999,7638
28.726999999999,8268
28.726999999999,8124
28.726999999999,8686
28.726999999999,7580
28.726999999999,6904
28.7739999999976,6776
28.7739999999976,7662
28.7739999999976,8134
28.7739999999976,9028
28.7739999999976,9178
28.7739999999976,9348
28.7739999999976,9680
28.7739999999976,9178
28.7739999999976,8242
28.7739999999976,7592
28.8209999999963,7254
28.8209999999963,7490
28.8209999999963,7526
28.8209999999963,8278
28.8209999999963,8104
28.8209999999963,8352
28.8209999999963,7822
28.8209999999963,6380
28.8209999999963,6528
28.8679999999949,7930
28.8679999999949,8690
28.8679999999949,9040
28.8679999999949,9302
28.8679999999949,9674
28.8679999999949,9602
28.8679999999949,8834
28.8679999999949,8224
28.8679999999949,7036
28.9159999999974,6760
28.9159999999974,7746
28.9159999999974,8110
28.9159999999974,8126
28.9159999999974,8628
28.9159999999974,7890
28.9159999999974,7330
28.9159999999974,7064
28.9159999999974,7668
28.9619999999995,8038
28.9619999999995,8932
28.9619999999995,9120
28.9619999999995,9358
28.9619999999995,9716
28.9619999999995,9618
28.9619999999995,8608
28.9619999999995,8094
28.9619999999995,7128
28.9619999999995,6694
29.010000000002,7484
29.010000000002,8212
29.010000000002,8098
29.010000000002,8680
29.010000000002,7612
29.010000000002,6796
29.010000000002,6724
29.010000000002,8084
29.010000000002,8196
29.0570000000007,8848
29.0570000000007,9240
29.0570000000007,9362
29.0570000000007,9674
29.0570000000007,9022
29.0570000000007,8222
29.0570000000007,7498
29.0570000000007,7212
29.0570000000007,7540
29.0570000000007,7494
29.1039999999994,8170
29.1039999999994,8504
29.1039999999994,8142
29.1039999999994,7644
29.1039999999994,6852
29.1039999999994,7340
29.1039999999994,7976
29.1039999999994,8808
29.1039999999994,9060
29.150999999998,9320
29.150999999998,9676
29.150999999998,9572
29.150999999998,8660
29.150999999998,8140
29.150999999998,6894
29.150999999998,6520
29.150999999998,7514
29.150999999998,8248
29.1990000000005,8078
29.1990000000005,8660
29.1990000000005,7572
29.1990000000005,6792
29.1990000000005,6702
29.1990000000005,8064
29.1990000000005,8196
29.1990000000005,8890
29.1990000000005,9212
29.2459999999992,9542
29.2459999999992,9578
29.2459999999992,8812
29.2459999999992,8196
29.2459999999992,6980
29.2459999999992,6730
29.2459999999992,7720
29.2459999999992,8150
29.2459999999992,8142
29.2459999999992,8638
29.2929999999978,7878
29.2929999999978,7324
29.2929999999978,7072
29.2929999999978,7684
29.2929999999978,8126
29.2929999999978,8930
29.2929999999978,9116
29.2929999999978,9342
29.2929999999978,9692
29.2929999999978,9106
29.3410000000003,8474
29.3410000000003,7874
29.3410000000003,7248
29.3410000000003,7182
29.3410000000003,7500
29.3410000000003,8268
29.3410000000003,8090
29.3410000000003,8690
29.3410000000003,7878
29.387999999999,6580
29.387999999999,6606
29.387999999999,7852
29.387999999999,8442
29.387999999999,8976
29.387999999999,9254
29.387999999999,9578
29.387999999999,9602
29.387999999999,8878
29.387999999999,8260
29.4360000000015,6766
29.4360000000015,6826
29.4360000000015,7798
29.4360000000015,8084
29.4360000000015,8110
29.4360000000015,8606
29.4360000000015,7934
29.4360000000015,7396
29.4819999999963,7032
29.4819999999963,7602
29.4819999999963,8104
29.4819999999963,9012
29.4819999999963,9084
29.4819999999963,9326
29.4819999999963,9696
29.4819999999963,9152
29.4819999999963,8474
29.4819999999963,7880
29.5299999999988,7248
29.5299999999988,7176
29.5299999999988,7482
29.5299999999988,8252
29.5299999999988,8078
29.5299999999988,8296
29.5299999999988,7746
29.5299999999988,6512
29.5299999999988,6574
29.5769999999975,7898
29.5769999999975,8510
29.5769999999975,8992
29.5769999999975,9280
29.5769999999975,9618
29.5769999999975,9628
29.5769999999975,8910
29.5769999999975,8278
29.5769999999975,6832
29.5769999999975,6616
29.625,7746
29.625,8018
29.625,8100
29.625,8592
29.625,7940
29.625,7412
29.625,7006
29.625,7586
29.625,8110
29.6719999999987,8988
29.6719999999987,9158
29.6719999999987,9346
29.6719999999987,9692
29.6719999999987,9594
29.6719999999987,8586
29.6719999999987,8032
29.6719999999987,7160
29.6719999999987,6774
29.6719999999987,7482
29.7200000000012,8222
29.7200000000012,8084
29.7200000000012,8484
29.7200000000012,7848
29.7200000000012,6402
29.7200000000012,6548
29.7200000000012,8090
29.7200000000012,8186
29.7200000000012,8840
29.7669999999998,9248
29.7669999999998,9358
29.7669999999998,9674
29.7669999999998,9048
29.7669999999998,8392
29.7669999999998,7166
29.7669999999998,6884
29.7669999999998,7772
29.7669999999998,7508
29.8139999999985,8212
29.8139999999985,8432
29.8139999999985,8196
29.8139999999985,7694
29.8139999999985,6518
29.8139999999985,7058
29.8139999999985,8026
29.8139999999985,8884
29.8139999999985,9090
29.8139999999985,9346
29.8609999999971,9710
29.8609999999971,9582
29.8609999999971,8886
29.8609999999971,8278
29.8609999999971,6806
29.8609999999971,6630
29.8609999999971,7654
29.8609999999971,8222
29.8609999999971,8130
29.9079999999958,8658
29.9079999999958,7652
29.9079999999958,7010
29.9079999999958,6828
29.9079999999958,7580
29.9079999999958,8116
29.9079999999958,9004
29.9079999999958,9162
29.9079999999958,9346
29.9079999999958,9690
29.9550000000017,9186
29.9550000000017,8340
29.9550000000017,7730
29.9550000000017,7252
29.9550000000017,7408
29.9550000000017,7526
29.9550000000017,8248
29.9550000000017,8106
29.9550000000017,8614
30.0020000000004,7884
30.0020000000004,6456
30.0020000000004,6528
30.0020000000004,7916
30.0020000000004,8598
30.0020000000004,9018
30.0020000000004,9280
30.0020000000004,9664
30.0020000000004,9608
30.0489999999991,8878
30.0489999999991,8264
30.0489999999991,6776
30.0489999999991,6838
30.0489999999991,7812
30.0489999999991,8094
30.0489999999991,8136
30.0489999999991,8606
30.0489999999991,7944
30.0959999999977,7428
30.0959999999977,7028
30.0959999999977,7596
30.0959999999977,8116
30.0959999999977,9004
30.0959999999977,9166
30.0959999999977,9346
30.0959999999977,9702
30.0959999999977,9604
30.0959999999977,8606
30.1440000000002,8058
30.1440000000002,7150
30.1440000000002,6774
30.1440000000002,7518
30.1440000000002,8244
30.1440000000002,8126
30.1440000000002,8678
30.1440000000002,7904
30.1440000000002,6894
30.1909999999989,6750
30.1909999999989,8022
30.1909999999989,8224
30.1909999999989,8958
30.1909999999989,9248
30.1909999999989,9368
30.1909999999989,9660
30.1909999999989,9086
30.1909999999989,8408
30.1909999999989,7252
30.2390000000014,6908
30.2390000000014,7474
30.2390000000014,7534
30.2390000000014,8224
30.2390000000014,8418
30.2390000000014,8238
30.2390000000014,7720
30.2390000000014,6426
30.2390000000014,6914
30.2860000000001,7996
30.2860000000001,8886
30.2860000000001,9076
30.2860000000001,9322
30.2860000000001,9680
30.2860000000001,9582
30.2860000000001,8736
30.2860000000001,8160
30.2860000000001,6646
30.3329999999987,6524
30.3329999999987,7596
30.3329999999987,8366
30.3329999999987,8120
30.3329999999987,8700
30.3329999999987,7802
30.3329999999987,6704
30.3329999999987,6990
30.3329999999987,7832
30.3799999999974,8180
30.3799999999974,9148
30.3799999999974,9222
30.3799999999974,9372
30.3799999999974,9686
30.3799999999974,9158
30.3799999999974,8218
30.3799999999974,7520
30.3799999999974,7242
30.3799999999974,7526
30.4279999999999,7494
30.4279999999999,8268
30.4279999999999,8110
30.4279999999999,8326
30.4279999999999,7782
30.4279999999999,6324
30.4279999999999,6556
30.4279999999999,7970
30.4279999999999,8798
30.474000000002,9044
30.474000000002,9316
30.474000000002,9700
30.474000000002,9574
30.474000000002,8752
30.474000000002,8294
30.474000000002,6898
30.474000000002,6668
30.474000000002,7652
30.474000000002,8188
30.5219999999972,8160
30.5219999999972,8650
30.5219999999972,7832
30.5219999999972,7258
30.5219999999972,7100
30.5219999999972,7726
30.5219999999972,8054
30.5219999999972,8942
30.5219999999972,9126
30.5689999999959,9372
30.5689999999959,9738
30.5689999999959,9630
30.5689999999959,8654
30.5689999999959,8156
30.5689999999959,7036
30.5689999999959,6540
30.5689999999959,7524
30.5689999999959,8314
30.6160000000018,8142
30.6160000000018,8686
30.6160000000018,7674
30.6160000000018,7046
30.6160000000018,6882
30.6160000000018,7880
30.6160000000018,8202
30.6160000000018,9172
30.6160000000018,9250
30.6160000000018,9424
30.6630000000005,9758
30.6630000000005,9228
30.6630000000005,8454
30.6630000000005,7872
30.6630000000005,6938
30.6630000000005,6528
30.6630000000005,7514
30.6630000000005,8296
30.6630000000005,8106
30.7109999999957,8686
30.7109999999957,7894
30.7109999999957,6512
30.7109999999957,6564
30.7109999999957,7908
30.7109999999957,8216
30.7109999999957,8978
30.7109999999957,9258
30.7109999999957,9378
30.7109999999957,9674
30.7580000000016,9080
30.7580000000016,8418
30.7580000000016,7252
30.7580000000016,6902
30.7580000000016,7720
30.7580000000016,7988
30.7580000000016,8134
30.7580000000016,8582
30.7580000000016,8188
30.8050000000003,7680
30.8050000000003,6566
30.8050000000003,7136
30.8050000000003,8008
30.8050000000003,8890
30.8050000000003,9090
30.8050000000003,9316
30.8050000000003,9684
30.8050000000003,9084
30.851999999999,8432
30.851999999999,7848
30.851999999999,7262
30.851999999999,6514
30.851999999999,7518
30.851999999999,8270
30.851999999999,8078
30.851999999999,8638
30.851999999999,7874
30.9000000000015,6442
30.9000000000015,6530
30.9000000000015,7910
30.9000000000015,8614
30.9000000000015,9014
30.9000000000015,9274
30.9000000000015,9644
30.9000000000015,9634
30.9000000000015,8978
30.9000000000015,8330
30.9470000000001,6986
30.9470000000001,6756
30.9470000000001,7708
30.9470000000001,8126
30.9470000000001,8114
30.9470000000001,8614
30.9470000000001,7802
30.9470000000001,7202
30.9470000000001,6914
30.9939999999988,7442
30.9939999999988,8070
30.9939999999988,8968
30.9939999999988,9146
30.9939999999988,9352
30.9939999999988,9706
30.9939999999988,9122
30.9939999999988,8478
30.9939999999988,7890
30.9939999999988,7246
31.0409999999974,6512
31.0409999999974,7530
31.0409999999974,8336
31.0409999999974,8094
31.0409999999974,8680
31.0409999999974,7872
31.0409999999974,6584
31.0409999999974,6632
31.0409999999974,7888
31.0879999999961,8408
31.0879999999961,8972
31.0879999999961,9270
31.0879999999961,9378
31.0879999999961,9670
31.0879999999961,9152
31.0879999999961,8218
31.0879999999961,7488
31.0879999999961,7226
31.1359999999986,7540
31.1359999999986,7498
31.1359999999986,8182
31.1359999999986,8494
31.1359999999986,8156
31.1359999999986,7762
31.1359999999986,6312
31.1359999999986,6560
31.1359999999986,7950
31.1820000000007,8768
31.1820000000007,9022
31.1820000000007,9274
31.1820000000007,9670
31.1820000000007,9556
31.1820000000007,8642
31.1820000000007,8130
31.1820000000007,6918
31.1820000000007,6512
31.1820000000007,7622
31.2299999999959,8234
31.2299999999959,8106
31.2299999999959,8664
31.2299999999959,7580
31.2299999999959,6934
31.2299999999959,6786
31.2299999999959,7956
31.2299999999959,8186
31.2299999999959,9048
31.2770000000019,9234
31.2770000000019,9340
31.2770000000019,9692
31.2770000000019,9188
31.2770000000019,8320
31.2770000000019,7724
31.2770000000019,7252
31.2770000000019,7406
31.2770000000019,7510
31.2770000000019,8238
31.3240000000005,8288
31.3240000000005,8306
31.3240000000005,7770
31.3240000000005,6494
31.3240000000005,6566
31.3240000000005,7908
31.3240000000005,8556
31.3240000000005,8988
31.3240000000005,9284
31.3709999999992,9526
31.3709999999992,9648
31.3709999999992,8976
31.3709999999992,8320
31.3709999999992,6990
31.3709999999992,6790
31.3709999999992,7582
31.3709999999992,7626
31.3709999999992,8162
31.4190000000017,8526
31.4190000000017,8098
31.4190000000017,7608
31.4190000000017,6874
31.4190000000017,7376
31.4190000000017,8032
31.4190000000017,8920
31.4190000000017,9106
31.4190000000017,9306
31.4660000000003,9700
31.4660000000003,9578
31.4660000000003,8736
31.4660000000003,8166
31.4660000000003,6656
31.4660000000003,6538
31.4660000000003,7590
31.4660000000003,8300
31.4660000000003,8074
31.4660000000003,8660
31.512999999999,7786
31.512999999999,7074
31.512999999999,6956
31.512999999999,7812
31.512999999999,8136
31.512999999999,9110
31.512999999999,9198
31.512999999999,9340
31.512999999999,9640
31.512999999999,9086
31.5599999999977,8326
31.5599999999977,7344
31.5599999999977,6992
31.5599999999977,7632
31.5599999999977,7488
31.5599999999977,8206
31.5599999999977,8294
31.5599999999977,8234
31.5599999999977,7708
31.6069999999963,6282
31.6069999999963,6668
31.6069999999963,7960
31.6069999999963,8840
31.6069999999963,9064
31.6069999999963,9316
31.6069999999963,9700
31.6069999999963,9582
31.6069999999963,8878
31.653999999995,8264
31.653999999995,6800
31.653999999995,6610
31.653999999995,7648
31.653999999995,8202
31.653999999995,8100
31.653999999995,8624
31.653999999995,7592
31.653999999995,6944
31.7010000000009,6832
31.7010000000009,7602
31.7010000000009,8100
31.7010000000009,8986
31.7010000000009,9156
31.7010000000009,9342
31.7010000000009,9700
31.7010000000009,9178
31.7010000000009,8378
31.7489999999962,7798
31.7489999999962,7254
31.7489999999962,7308
31.7489999999962,7452
31.7489999999962,8206
31.7489999999962,8054
31.7489999999962,8532
31.7489999999962,7848
31.7489999999962,6412
31.7489999999962,6524
31.7959999999948,7900
31.7959999999948,8618
31.7959999999948,8978
31.7959999999948,9248
31.7959999999948,9638
31.7959999999948,9548
31.7959999999948,8710
31.7959999999948,8268
31.7959999999948,6842
31.8430000000008,6648
31.8430000000008,7652
31.8430000000008,8180
31.8430000000008,8126
31.8430000000008,8618
31.8430000000008,7710
31.8430000000008,7078
31.8430000000008,6956
31.8430000000008,7818
31.8430000000008,8052
31.8899999999994,8946
31.8899999999994,9120
31.8899999999994,9296
31.8899999999994,9654
31.8899999999994,9166
31.8899999999994,8234
31.8899999999994,7616
31.8899999999994,7262
31.8899999999994,7484
31.9380000000019,7500
31.9380000000019,8186
31.9380000000019,8062
31.9380000000019,8294
31.9380000000019,7776
31.9380000000019,6322
31.9380000000019,6548
31.9380000000019,7946
31.9380000000019,8732
31.9850000000006,8992
31.9850000000006,9266
31.9850000000006,9664
31.9850000000006,9562
31.9850000000006,8700
31.9850000000006,8142
31.9850000000006,6698
31.9850000000006,6612
31.9850000000006,7654
31.9850000000006,8202
32.0329999999958,8116
32.0329999999958,8650
32.0329999999958,7644
32.0329999999958,7002
32.0329999999958,6828
32.0329999999958,7926
32.0329999999958,8182
32.0329999999958,9004
32.0329999999958,9162
32.0800000000017,9332
32.0800000000017,9660
32.0800000000017,9166
32.0800000000017,8228
32.0800000000017,7482
32.0800000000017,7202
32.0800000000017,7582
32.0800000000017,7590
32.0800000000017,8202
32.0800000000017,8206
32.1270000000004,8346
32.1270000000004,7790
32.1270000000004,6334
32.1270000000004,6590
32.1270000000004,8008
32.1270000000004,8828
32.1270000000004,9064
32.1270000000004,9346
32.1270000000004,9732
32.1739999999991,9624
32.1739999999991,8680
32.1739999999991,8182
32.1739999999991,6756
32.1739999999991,6564
32.1739999999991,7680
32.1739999999991,8304
32.1739999999991,8156
32.1739999999991,8716
32.1739999999991,7606
32.2220000000016,6950
32.2220000000016,6848
32.2220000000016,8054
32.2220000000016,8232
32.2220000000016,8986
32.2220000000016,9218
32.2220000000016,9384
32.2220000000016,9706
32.2220000000016,9194
32.2690000000002,8228
32.2690000000002,7572
32.2690000000002,7262
32.2690000000002,7562
32.2690000000002,7530
32.2690000000002,8218
32.2690000000002,8532
32.2690000000002,8370
32.2690000000002,7808
32.3159999999989,6344
32.3159999999989,6566
32.3159999999989,8002
32.3159999999989,8838
32.3159999999989,9074
32.3159999999989,9346
32.3159999999989,9706
32.3159999999989,9594
32.3159999999989,8606
32.3159999999989,8064
32.3640000000014,7176
32.3640000000014,6544
32.3640000000014,7648
32.3640000000014,8356
32.3640000000014,8152
32.3640000000014,8732
32.3640000000014,7658
32.3640000000014,6832
32.3640000000014,6766
32.4110000000001,8142
32.4110000000001,8222
32.4110000000001,8900
32.4110000000001,9214
32.4110000000001,9356
32.4110000000001,9666
32.4110000000001,9090
32.4110000000001,8422
32.4110000000001,7200
32.4110000000001,6910
32.4579999999987,7818
32.4579999999987,8114
32.4579999999987,8192
32.4579999999987,8654
32.4579999999987,8278
32.4579999999987,7750
32.4579999999987,6456
32.4579999999987,6918
32.4579999999987,8034
32.5049999999974,8916
32.5049999999974,9112
32.5049999999974,9346
32.5049999999974,9692
32.5049999999974,9152
32.5049999999974,8468
32.5049999999974,7880
32.5049999999974,7278
32.5049999999974,7274
32.551999999996,7566
32.551999999996,8370
32.551999999996,8140
32.551999999996,8722
32.551999999996,7924
32.551999999996,6560
32.551999999996,6636
32.551999999996,7924
32.551999999996,8546
32.599000000002,9028
32.599000000002,9302
32.599000000002,9664
32.599000000002,9656
32.599000000002,9018
32.599000000002,8362
32.599000000002,7056
32.599000000002,6786
32.599000000002,7782
32.599000000002,8136
32.6469999999972,8156
32.6469999999972,8644
32.6469999999972,7908
32.6469999999972,7684
32.6469999999972,6884
32.6469999999972,7370
32.6469999999972,8058
32.6469999999972,8942
32.6469999999972,9120
32.6939999999959,9322
32.6939999999959,9686
32.6939999999959,9178
32.6939999999959,8334
32.6939999999959,7736
32.6939999999959,7252
32.6939999999959,7436
32.6939999999959,7494
32.6939999999959,8254
32.6939999999959,8088
32.7410000000018,8352
32.7410000000018,7818
32.7410000000018,6360
32.7410000000018,6528
32.7410000000018,7946
32.7410000000018,8760
32.7410000000018,9032
32.7410000000018,9294
32.7410000000018,9676
32.7880000000005,9594
32.7880000000005,8824
32.7880000000005,8234
32.7880000000005,6714
32.7880000000005,6528
32.7880000000005,7632
32.7880000000005,8284
32.7880000000005,8116
32.7880000000005,8704
32.8359999999957,7618
32.8359999999957,6816
32.8359999999957,6750
32.8359999999957,7746
32.8359999999957,8140
32.8359999999957,9080
32.8359999999957,9198
32.8359999999957,9332
32.8359999999957,9634
32.8819999999978,9048
32.8819999999978,8392
32.8819999999978,7156
32.8819999999978,6872
32.8819999999978,7802
32.8819999999978,8080
32.8819999999978,8192
32.8819999999978,8474
32.8819999999978,8198
32.8819999999978,7710
32.9300000000003,6688
32.9300000000003,7216
32.9300000000003,8022
32.9300000000003,8896
32.9300000000003,9090
32.9300000000003,9320
32.9300000000003,9674
32.9300000000003,9130
32.9300000000003,8474
32.976999999999,8142
32.976999999999,6724
32.976999999999,6528
32.976999999999,7536
32.976999999999,8304
32.976999999999,8080
32.976999999999,8668
32.976999999999,7884
32.976999999999,6492
32.976999999999,6584
33.0239999999976,7996
33.0239999999976,8166
33.0239999999976,8814
33.0239999999976,9198
33.0239999999976,9362
33.0239999999976,9588
33.0239999999976,8904
33.0239999999976,8280
33.0239999999976,6828
33.0709999999963,6648
33.0709999999963,7672
33.0709999999963,8202
33.0709999999963,8140
33.0709999999963,8638
33.0709999999963,8016
33.0709999999963,7508
33.0709999999963,6966
33.0709999999963,7514
33.1189999999988,8070
33.1189999999988,8966
33.1189999999988,9152
33.1189999999988,9352
33.1189999999988,9706
33.1189999999988,9192
33.1189999999988,8360
33.1189999999988,7762
33.1189999999988,7268
33.1659999999974,6826
33.1659999999974,7514
33.1659999999974,8234
33.1659999999974,8098
33.1659999999974,8458
33.1659999999974,7868
33.1659999999974,6402
33.1659999999974,6550
33.1659999999974,7944
33.1659999999974,8680
33.2129999999961,9050
33.2129999999961,9276
33.2129999999961,9384
33.2129999999961,9666
33.2129999999961,9040
33.2129999999961,8386
33.2129999999961,7098
33.2129999999961,6836
33.2129999999961,7832
33.2129999999961,8110
33.2609999999986,8134
33.2609999999986,8614
33.2609999999986,7852
33.2609999999986,7282
33.2609999999986,6908
33.2609999999986,7422
33.2609999999986,8078
33.2609999999986,8986
33.2609999999986,9166
33.3079999999973,9366
33.3079999999973,9706
33.3079999999973,9152
33.3079999999973,8452
33.3079999999973,7874
33.3079999999973,7282
33.3079999999973,6540
33.3079999999973,7530
33.3079999999973,8268
33.3549999999959,8110
33.3549999999959,8674
33.3549999999959,7900
33.3549999999959,6484
33.3549999999959,6580
33.3549999999959,7936
33.3549999999959,8586
33.3549999999959,8848
33.3549999999959,9238
33.4020000000019,9356
33.4020000000019,9630
33.4020000000019,8956
33.4020000000019,8306
33.4020000000019,6910
33.4020000000019,6702
33.4020000000019,7668
33.4020000000019,8186
33.4020000000019,8156
33.4020000000019,8642
33.4499999999971,7762
33.4499999999971,7544
33.4499999999971,6976
33.4499999999971,7520
33.4499999999971,8098
33.4499999999971,8978
33.4499999999971,9166
33.4499999999971,9346
33.4499999999971,9692
33.4969999999958,9194
33.4969999999958,8296
33.4969999999958,7684
33.4969999999958,7212
33.4969999999958,7058
33.4969999999958,7518
33.4969999999958,8280
33.4969999999958,8114
33.4969999999958,8444
33.4969999999958,7864
33.5440000000017,6412
33.5440000000017,6544
33.5440000000017,7940
33.5440000000017,8660
33.5440000000017,8914
33.5440000000017,9254
33.5440000000017,9356
33.5440000000017,9634
33.5440000000017,8986
33.5910000000003,8334
33.5910000000003,6990
33.5910000000003,6776
33.5910000000003,7736
33.5910000000003,8142
33.5910000000003,8140
33.5910000000003,8566
33.5910000000003,8172
33.5910000000003,7690
33.5910000000003,6848
33.6389999999956,7336
33.6389999999956,8052
33.6389999999956,8926
33.6389999999956,9122
33.6389999999956,9352
33.6389999999956,9712
33.6389999999956,9568
33.6389999999956,8582
33.6849999999977,8026
33.6849999999977,6668
33.6849999999977,6518
33.6849999999977,7602
33.6849999999977,8304
33.6849999999977,8116
33.6849999999977,8704
33.6849999999977,7622
33.6849999999977,6828
33.6849999999977,6738
33.7339999999967,8100
33.7339999999967,8208
33.7339999999967,9084
33.7339999999967,9234
33.7339999999967,9408
33.7339999999967,9742
33.7339999999967,9240
33.7339999999967,8396
33.7339999999967,7792
33.7339999999967,7264
33.7799999999988,7360
33.7799999999988,7498
33.7799999999988,8238
33.7799999999988,8238
33.7799999999988,8326
33.7799999999988,7904
33.7799999999988,6502
33.7799999999988,6586
33.7799999999988,7944
33.8280000000013,8592
33.8280000000013,9028
33.8280000000013,9312
33.8280000000013,9526
33.8280000000013,9680
33.8280000000013,9034
33.8280000000013,8372
33.8280000000013,7088
33.8280000000013,7210
33.8280000000013,7566
33.875,7546
33.875,8192
33.875,8532
33.875,8192
33.875,7704
33.875,6800
33.875,7284
33.875,8070
33.875,8940
33.9229999999952,9126
33.9229999999952,9320
33.9229999999952,9716
33.9229999999952,9588
33.9229999999952,8732
33.9229999999952,8152
33.9229999999952,6622
33.9229999999952,6524
33.9229999999952,7566
33.9700000000012,8352
33.9700000000012,8116
33.9700000000012,8690
33.9700000000012,7854
33.9700000000012,6668
33.9700000000012,6944
33.9700000000012,7854
33.9700000000012,8162
33.9700000000012,9084
34.0169999999998,9192
34.0169999999998,9326
34.0169999999998,9620
34.0169999999998,9008
34.0169999999998,8342
34.0169999999998,7052
34.0169999999998,6800
34.0169999999998,7792
34.0169999999998,7570
34.0169999999998,8188
34.0639999999985,8524
34.0639999999985,8180
34.0639999999985,7684
34.0639999999985,6800
34.0639999999985,7314
34.0639999999985,8032
34.0639999999985,8906
34.0639999999985,9096
34.0639999999985,9296
34.112000000001,9660
34.112000000001,9530
34.112000000001,8530
34.112000000001,7934
34.112000000001,7190
34.112000000001,7072
34.112000000001,7520
34.112000000001,8280
34.112000000001,8120
34.112000000001,8428
34.1589999999997,7862
34.1589999999997,6416
34.1589999999997,6702
34.1589999999997,8064
34.1589999999997,8208
34.1589999999997,8894
34.1589999999997,9240
34.1589999999997,9444
34.1589999999997,9612
34.2059999999983,8922
34.2059999999983,8284
34.2059999999983,6872
34.2059999999983,6656
34.2059999999983,7636
34.2059999999983,8188
34.2059999999983,8170
34.2059999999983,8614
34.2059999999983,8106
34.252999999997,7618
34.252999999997,6928
34.252999999997,7432
34.252999999997,8078
34.252999999997,8946
34.252999999997,9136
34.252999999997,9346
34.252999999997,9702
34.252999999997,9182
34.252999999997,8506
34.3009999999995,8140
34.3009999999995,6638
34.3009999999995,6534
34.3009999999995,7560
34.3009999999995,8376
34.3009999999995,8134
34.3009999999995,8706
34.3009999999995,7822
34.3009999999995,6714
34.3479999999981,6674
34.3479999999981,7998
34.3479999999981,8176
34.3479999999981,9136
34.3479999999981,9214
34.3479999999981,9358
34.3479999999981,9656
34.3479999999981,9132
34.3479999999981,8242
34.3479999999981,7458
34.3949999999968,7164
34.3949999999968,7562
34.3949999999968,7554
34.3949999999968,8176
34.3949999999968,8536
34.3949999999968,8324
34.3949999999968,7770
34.3949999999968,6302
34.3949999999968,6544
34.4419999999955,7962
34.4419999999955,8808
34.4419999999955,9054
34.4419999999955,9322
34.4419999999955,9716
34.4419999999955,9594
34.4419999999955,8782
34.4419999999955,8182
34.4419999999955,6666
34.4890000000014,6682
34.4890000000014,7636
34.4890000000014,8156
34.4890000000014,8142
34.4890000000014,8634
34.4890000000014,7806
34.4890000000014,7216
34.4890000000014,7088
34.4890000000014,7762
34.5369999999966,8156
34.5369999999966,8940
34.5369999999966,9130
34.5369999999966,9342
34.5369999999966,9702
34.5369999999966,9172
34.5369999999966,8510
34.5369999999966,7890
34.5369999999966,7278
34.5369999999966,7164
34.5839999999953,7514
34.5839999999953,8270
34.5839999999953,8104
34.5839999999953,8704
34.5839999999953,7834
34.5839999999953,6704
34.5839999999953,6698
34.5839999999953,7996
34.5839999999953,8274
34.6319999999978,8906
34.6319999999978,9254
34.6319999999978,9378
34.6319999999978,9634
34.6319999999978,8978
34.6319999999978,8330
34.6319999999978,6996
34.6319999999978,7062
34.6319999999978,7608
34.6319999999978,7700
34.6789999999964,8162
34.6789999999964,8552
34.6789999999964,8114
34.6789999999964,7628
34.6789999999964,6904
34.6789999999964,7408
34.6789999999964,8090
34.6789999999964,8966
34.6789999999964,9182
34.7259999999951,9358
34.7259999999951,9766
34.7259999999951,9638
34.7259999999951,8704
34.7259999999951,8186
34.7259999999951,7022
34.7259999999951,6610
34.7259999999951,7576
34.7259999999951,8316
34.773000000001,8176
34.773000000001,8722
34.773000000001,7946
34.773000000001,6530
34.773000000001,6806
34.773000000001,8090
34.773000000001,8222
34.773000000001,8878
34.773000000001,9260
34.8199999999997,9530
34.8199999999997,9650
34.8199999999997,8946
34.8199999999997,8314
34.8199999999997,6812
34.8199999999997,6630
34.8199999999997,7684
34.8199999999997,8162
34.8199999999997,8196
34.8199999999997,8674
34.8669999999984,8026
34.8669999999984,7500
34.8669999999984,7074
34.8669999999984,7662
34.8669999999984,8172
34.8669999999984,9054
34.8669999999984,9214
34.8669999999984,9394
34.8669999999984,9732
34.913999999997,9202
34.913999999997,8484
34.913999999997,7878
34.913999999997,7314
34.913999999997,7344
34.913999999997,7550
34.913999999997,8316
34.913999999997,8206
34.913999999997,8388
34.913999999997,7818
34.9609999999957,6354
34.9609999999957,6616
34.9609999999957,7972
34.9609999999957,8572
34.9609999999957,9040
34.9609999999957,9294
34.9609999999957,9712
34.9609999999957,9620
34.9609999999957,8768
35.0089999999982,8186
35.0089999999982,6678
35.0089999999982,6556
35.0089999999982,7612
35.0089999999982,8418
35.0089999999982,8166
35.0089999999982,8704
35.0089999999982,7710
35.0089999999982,7074
35.0559999999969,6920
35.0559999999969,7952
35.0559999999969,8244
35.0559999999969,9074
35.0559999999969,9274
35.0559999999969,9392
35.0559999999969,9692
35.0559999999969,9058
35.0559999999969,8406
35.0559999999969,7108
35.1029999999955,6826
35.1029999999955,7596
35.1029999999955,7628
35.1029999999955,8232
35.1029999999955,8578
35.1029999999955,8186
35.1029999999955,7708
35.1029999999955,6930
35.1029999999955,7412
35.150999999998,8098
35.150999999998,8992
35.150999999998,9172
35.150999999998,9366
35.150999999998,9736
35.150999999998,9484
35.150999999998,8550
35.150999999998,7930
35.150999999998,7300
35.150999999998,7186
35.1979999999967,7560
35.1979999999967,8324
35.1979999999967,8142
35.1979999999967,8386
35.1979999999967,7862
35.1979999999967,6376
35.1979999999967,6674
35.1979999999967,7924
35.1979999999967,8448
35.2449999999953,9012
35.2449999999953,9296
35.2449999999953,9702
35.2449999999953,9640
35.2449999999953,8880
35.2449999999953,8270
35.2449999999953,6744
35.2449999999953,6554
35.2449999999953,7766
35.2920000000013,8182
35.2920000000013,8186
35.2920000000013,8668
35.2920000000013,7940
35.2920000000013,7392
35.2920000000013,7100
35.2920000000013,7698
35.2920000000013,8162
35.2920000000013,9086
35.3389999999999,9218
35.3389999999999,9378
35.3389999999999,9686
35.3389999999999,9218
35.3389999999999,8356
35.3389999999999,7726
35.3389999999999,7274
35.3389999999999,7468
35.3389999999999,7560
35.3389999999999,8238
35.3859999999986,8428
35.3859999999986,8296
35.3859999999986,7772
35.3859999999986,6350
35.3859999999986,6548
35.3859999999986,7952
35.3859999999986,8674
35.3859999999986,9048
35.3859999999986,9300
35.4340000000011,9722
35.4340000000011,9608
35.4340000000011,8798
35.4340000000011,8206
35.4340000000011,6662
35.4340000000011,6538
35.4340000000011,7618
35.4340000000011,8356
35.4340000000011,8176
35.4340000000011,8670
35.4809999999998,7822
35.4809999999998,7218
35.4809999999998,7118
35.4809999999998,7806
35.4809999999998,8186
35.4809999999998,9136
35.4809999999998,9248
35.4809999999998,9408
35.4809999999998,9702
35.5279999999984,9168
35.5279999999984,8448
35.5279999999984,7838
35.5279999999984,7288
35.5279999999984,7330
35.5279999999984,7518
35.5279999999984,8264
35.5279999999984,8232
35.5279999999984,8316
35.5760000000009,7762
35.5760000000009,6308
35.5760000000009,6560
35.5760000000009,7986
35.5760000000009,8622
35.5760000000009,9018
35.5760000000009,9270
35.5760000000009,9696
35.5760000000009,9588
35.6239999999962,8746
35.6239999999962,8160
35.6239999999962,6638
35.6239999999962,6540
35.6239999999962,7582
35.6239999999962,8372
35.6239999999962,8124
35.6239999999962,8704
35.6239999999962,7720
35.6239999999962,7092
35.6699999999983,6954
35.6699999999983,7872
35.6699999999983,8202
35.6699999999983,9162
35.6699999999983,9244
35.6699999999983,9388
35.6699999999983,9686
35.6699999999983,9140
35.6699999999983,8342
35.7180000000008,7386
35.7180000000008,7292
35.7180000000008,7402
35.7180000000008,7530
35.7180000000008,8234
35.7180000000008,8330
35.7180000000008,8280
35.7180000000008,7754
35.7180000000008,6318
35.7180000000008,6648
35.7649999999994,7996
35.7649999999994,8870
35.7649999999994,9040
35.7649999999994,9286
35.7649999999994,9712
35.7649999999994,9602
35.7649999999994,8786
35.7649999999994,8196
35.7649999999994,6662
35.7649999999994,6538
35.8130000000019,7600
35.8130000000019,8342
35.8130000000019,8114
35.8130000000019,8704
35.8130000000019,7780
35.8130000000019,7136
35.8130000000019,7028
35.8130000000019,7842
35.8600000000006,8196
35.8600000000006,9152
35.8600000000006,9240
35.8600000000006,9404
35.8600000000006,9758
35.8600000000006,9228
35.8600000000006,8320
35.8600000000006,7500
35.8600000000006,7182
35.8600000000006,7648
35.9079999999958,7562
35.9079999999958,8306
35.9079999999958,8316
35.9079999999958,8376
35.9079999999958,7822
35.9079999999958,6364
35.9079999999958,6620
35.9079999999958,8052
35.9079999999958,8916
35.9550000000017,9140
35.9550000000017,9368
35.9550000000017,9738
35.9550000000017,9618
35.9550000000017,8710
35.9550000000017,8188
35.9550000000017,7068
35.9550000000017,6638
35.9550000000017,7582
35.9550000000017,8314
36.0020000000004,8186
36.0020000000004,8706
36.0020000000004,7960
36.0020000000004,6502
36.0020000000004,6766
36.0020000000004,8134
36.0020000000004,8260
36.0020000000004,8922
36.0020000000004,9280
36.0489999999991,9680
36.0489999999991,9648
36.0489999999991,8844
36.0489999999991,8248
36.0489999999991,6688
36.0489999999991,6560
36.0489999999991,7694
36.0489999999991,8248
36.0489999999991,8208
36.0489999999991,8714
36.0970000000016,7812
36.0970000000016,7182
36.0970000000016,7072
36.0970000000016,7908
36.0970000000016,8242
36.0970000000016,9208
36.0970000000016,9284
36.0970000000016,9418
36.0970000000016,9748
36.1440000000002,9222
36.1440000000002,8258
36.1440000000002,7544
36.1440000000002,7268
36.1440000000002,7596
36.1440000000002,7606
36.1440000000002,8238
36.1440000000002,8608
36.1440000000002,8180
36.1909999999989,7694
36.1909999999989,6956
36.1909999999989,6612
36.1909999999989,8034
36.1909999999989,8906
36.1909999999989,9122
36.1909999999989,9348
36.1909999999989,9726
36.1909999999989,9146
36.2390000000014,8428
36.2390000000014,7806
36.2390000000014,7310
36.2390000000014,7462
36.2390000000014,7590
36.2390000000014,8280
36.2390000000014,8160
36.2390000000014,8536
36.2390000000014,7914
36.2390000000014,6430
36.2849999999962,6566
36.2849999999962,7980
36.2849999999962,8760
36.2849999999962,9076
36.2849999999962,9316
36.2849999999962,9728
36.2849999999962,9602
36.2849999999962,8578
36.2849999999962,7946
36.2849999999962,6666
36.3329999999987,6564
36.3329999999987,7628
36.3329999999987,8432
36.3329999999987,8160
36.3329999999987,8746
36.3329999999987,7936
36.3329999999987,6574
36.3329999999987,6612
36.3329999999987,7966
36.3799999999974,8602
36.3799999999974,8900
36.3799999999974,9276
36.3799999999974,9530
36.3799999999974,9666
36.3799999999974,8936
36.3799999999974,8320
36.3799999999974,6802
36.3799999999974,6612
36.426999999996,7698
36.426999999996,8300
36.426999999996,8170
36.426999999996,8726
36.426999999996,7596
36.426999999996,6914
36.426999999996,7130
36.426999999996,7766
36.426999999996,8196
36.474000000002,9132
36.474000000002,9254
36.474000000002,9394
36.474000000002,9706
36.474000000002,9086
36.474000000002,8422
36.474000000002,7164
36.474000000002,6848
36.474000000002,7582
36.474000000002,7570
36.5219999999972,8228
36.5219999999972,8582
36.5219999999972,8196
36.5219999999972,7708
36.5219999999972,6938
36.5219999999972,7426
36.5219999999972,8094
36.5219999999972,8986
36.5219999999972,9168
36.5689999999959,9346
36.5689999999959,9716
36.5689999999959,9112
36.5689999999959,8464
36.5689999999959,7852
36.5689999999959,7298
36.5689999999959,7386
36.5689999999959,7572
36.5689999999959,8314
36.5689999999959,8288
36.6169999999984,8336
36.6169999999984,7786
36.6169999999984,6456
36.6169999999984,6560
36.6169999999984,7956
36.6169999999984,8704
36.6169999999984,9060
36.6169999999984,9290
36.6169999999984,9726
36.663999999997,9612
36.663999999997,8602
36.663999999997,8006
36.663999999997,7254
36.663999999997,7058
36.663999999997,7628
36.663999999997,8388
36.663999999997,8142
36.663999999997,8730
36.7109999999957,7878
36.7109999999957,6656
36.7109999999957,6652
36.7109999999957,7894
36.7109999999957,8488
36.7109999999957,9024
36.7109999999957,9310
36.7109999999957,9728
36.7109999999957,9690
36.7109999999957,9024
36.7580000000016,8370
36.7580000000016,6996
36.7580000000016,6748
36.7580000000016,7714
36.7580000000016,8216
36.7580000000016,8180
36.7580000000016,8684
36.7580000000016,7766
36.7580000000016,7140
36.8059999999969,7000
36.8059999999969,7590
36.8059999999969,8150
36.8059999999969,9054
36.8059999999969,9212
36.8059999999969,9378
36.8059999999969,9706
36.8059999999969,9116
36.8059999999969,8464
36.8059999999969,7236
36.8539999999994,6924
36.8539999999994,7844
36.8539999999994,7582
36.8539999999994,8260
36.8539999999994,8556
36.8539999999994,8268
36.8539999999994,7762
36.8539999999994,6756
36.8539999999994,7246
36.900999999998,8070
36.900999999998,8956
36.900999999998,9152
36.900999999998,9362
36.900999999998,9720
36.900999999998,9202
36.900999999998,8494
36.900999999998,7878
36.900999999998,7318
36.9479999999967,7370
36.9479999999967,7572
36.9479999999967,8324
36.9479999999967,8252
36.9479999999967,8392
36.9479999999967,7826
36.9479999999967,6358
36.9479999999967,6606
36.9479999999967,7996
36.9949999999953,8644
36.9949999999953,9070
36.9949999999953,9322
36.9949999999953,9756
36.9949999999953,9628
36.9949999999953,8732
36.9949999999953,8188
36.9949999999953,6924
36.9949999999953,6580
36.9949999999953,7608
37.0420000000013,8386
37.0420000000013,8216
37.0420000000013,8756
37.0420000000013,7690
37.0420000000013,7048
37.0420000000013,6862
37.0420000000013,8032
37.0420000000013,8248
37.0420000000013,9038
37.0889999999999,9280
37.0889999999999,9466
37.0889999999999,9686
37.0889999999999,8966
37.0889999999999,8340
37.0889999999999,7210
37.0889999999999,6892
37.0889999999999,7884
37.0889999999999,8180
37.0889999999999,8202
37.137999999999,8684
37.137999999999,7998
37.137999999999,7474
37.137999999999,7094
37.137999999999,7680
37.137999999999,8172
37.137999999999,9106
37.137999999999,9238
37.137999999999,9372
37.137999999999,9720
37.1849999999977,9188
37.1849999999977,8270
37.1849999999977,7474
37.1849999999977,7108
37.1849999999977,7668
37.1849999999977,7808
37.1849999999977,8260
37.1849999999977,8644
37.2319999999963,8182
37.2319999999963,7822
37.2319999999963,6354
37.2319999999963,6610
37.2319999999963,8032
37.2319999999963,8904
37.2319999999963,9126
37.2319999999963,9340
37.2319999999963,9710
37.2319999999963,9212
37.278999999995,8278
37.278999999995,7644
37.278999999995,7294
37.278999999995,7580
37.278999999995,7608
37.278999999995,8362
37.278999999995,8170
37.278999999995,8424
37.278999999995,7874
37.3260000000009,6374
37.3260000000009,6560
37.3260000000009,8016
37.3260000000009,8860
37.3260000000009,9106
37.3260000000009,9348
37.3260000000009,9752
37.3260000000009,9650
37.3260000000009,8798
37.3260000000009,8216
37.3729999999996,6678
37.3729999999996,6570
37.3729999999996,7642
37.3729999999996,8452
37.3729999999996,8188
37.3729999999996,8778
37.3729999999996,7916
37.3729999999996,6692
37.3729999999996,6702
37.4209999999948,7952
37.4209999999948,8244
37.4209999999948,9166
37.4209999999948,9284
37.4209999999948,9398
37.4209999999948,9686
37.4209999999948,8994
37.4209999999948,8356
37.4209999999948,6910
37.4209999999948,6672
37.4689999999973,7708
37.4689999999973,8264
37.4689999999973,8188
37.4689999999973,8668
37.4689999999973,8028
37.4689999999973,7514
37.4689999999973,7074
37.4689999999973,7638
37.515999999996,8156
37.515999999996,9094
37.515999999996,9224
37.515999999996,9372
37.515999999996,9674
37.515999999996,9172
37.515999999996,8304
37.515999999996,7432
37.515999999996,7042
37.515999999996,7694
37.5630000000019,7904
37.5630000000019,8212
37.5630000000019,8654
37.5630000000019,8106
37.5630000000019,7602
37.5630000000019,7026
37.5630000000019,7566
37.5630000000019,8034
37.5630000000019,8920
37.5630000000019,9126
37.6109999999971,9346
37.6109999999971,9710
37.6109999999971,9202
37.6109999999971,8232
37.6109999999971,7550
37.6109999999971,7238
37.6109999999971,7600
37.6109999999971,7644
37.6109999999971,8222
37.6579999999958,8608
37.6579999999958,8326
37.6579999999958,7790
37.6579999999958,6358
37.6579999999958,6714
37.6579999999958,8022
37.6579999999958,8914
37.6579999999958,9122
37.6579999999958,9336
37.6579999999958,9700
37.7050000000017,9188
37.7050000000017,8222
37.7050000000017,7520
37.7050000000017,7196
37.7050000000017,7366
37.7050000000017,7562
37.7050000000017,8294
37.7050000000017,8334
37.7050000000017,8324
37.7520000000004,7796
37.7520000000004,6370
37.7520000000004,6720
37.7520000000004,8038
37.7520000000004,8904
37.7520000000004,9060
37.7520000000004,9300
37.7520000000004,9706
37.7520000000004,9394
37.7989999999991,8514
37.7989999999991,7908
37.7989999999991,7328
37.7989999999991,7294
37.7989999999991,7560
37.7989999999991,8304
37.7989999999991,8208
37.7989999999991,8330
37.7989999999991,7782
37.8470000000016,6452
37.8470000000016,6564
37.8470000000016,7962
37.8470000000016,8710
37.8470000000016,9070
37.8470000000016,9320
37.8470000000016,9738
37.8470000000016,9630
37.8470000000016,8606
37.8470000000016,7988
37.8940000000002,7292
37.8940000000002,7150
37.8940000000002,7626
37.8940000000002,8412
37.8940000000002,8142
37.8940000000002,8742
37.8940000000002,7930
37.8940000000002,6528
37.8940000000002,6594
37.9409999999989,7996
37.9409999999989,8684
37.9409999999989,9070
37.9409999999989,9302
37.9409999999989,9696
37.9409999999989,9630
37.9409999999989,8792
37.9409999999989,8202
37.9409999999989,6698
37.9409999999989,6564
37.9879999999976,7616
37.9879999999976,8428
37.9879999999976,8166
37.9879999999976,8760
37.9879999999976,7950
37.9879999999976,6550
37.9879999999976,6838
37.9879999999976,8114
37.9879999999976,8206
38.0349999999962,8910
38.0349999999962,9258
38.0349999999962,9706
38.0349999999962,9614
38.0349999999962,8714
38.0349999999962,8182
38.0349999999962,6956
38.0349999999962,6600
38.0349999999962,7590
38.0819999999949,8342
38.0819999999949,8150
38.0819999999949,8740
38.0819999999949,7708
38.0819999999949,6796
38.0819999999949,6738
38.0819999999949,8070
38.0819999999949,8376
38.0819999999949,9004
38.1290000000008,9274
38.1290000000008,9716
38.1290000000008,9612
38.1290000000008,8828
38.1290000000008,8238
38.1290000000008,6666
38.1290000000008,6566
38.1290000000008,7642
38.1290000000008,8418
38.1290000000008,8146
38.1759999999995,8742
38.1759999999995,7930
38.1759999999995,6550
38.1759999999995,6622
38.1759999999995,8100
38.1759999999995,8202
38.1759999999995,8914
38.1759999999995,9248
38.1759999999995,9692
38.2229999999981,9588
38.2229999999981,8660
38.2229999999981,8140
38.2229999999981,7180
38.2229999999981,6848
38.2229999999981,7572
38.2229999999981,8304
38.2229999999981,8162
38.2229999999981,8760
38.2229999999981,7838
38.2699999999968,6764
38.2699999999968,6724
38.2699999999968,8016
38.2699999999968,8464
38.2699999999968,9018
38.2699999999968,9280
38.2699999999968,9712
38.2699999999968,9608
38.2699999999968,8578
38.3169999999955,7976
38.3169999999955,7294
38.3169999999955,6556
38.3169999999955,7632
38.3169999999955,8444
38.3169999999955,8182
38.3169999999955,8772
38.3169999999955,7950
38.3169999999955,6616
38.3640000000014,6666
38.3640000000014,7986
38.3640000000014,8624
38.3640000000014,9058
38.3640000000014,9274
38.3640000000014,9696
38.3640000000014,9638
38.3640000000014,8832
38.3640000000014,8234
38.4119999999966,6678
38.4119999999966,6570
38.4119999999966,7638
38.4119999999966,8434
38.4119999999966,8172
38.4119999999966,8766
38.4119999999966,7940
38.4119999999966,6646
38.4119999999966,6882
38.4119999999966,8032
38.4589999999953,8242
38.4589999999953,8968
38.4589999999953,9280
38.4589999999953,9602
38.4589999999953,9670
38.4589999999953,8910
38.4589999999953,8304
38.4589999999953,6766
38.4589999999953,6564
38.5060000000012,7680
38.5060000000012,8350
38.5060000000012,8206
38.5060000000012,8710
38.5060000000012,7864
38.5060000000012,7268
38.5060000000012,7154
38.5060000000012,7868
38.5060000000012,8206
38.5060000000012,9212
38.5529999999999,9264
38.5529999999999,9424
38.5529999999999,9692
38.5529999999999,8986
38.5529999999999,8470
38.5529999999999,7262
38.5529999999999,6920
38.5529999999999,7880
38.5529999999999,8182
38.6009999999951,8216
38.6009999999951,8704
38.6009999999951,8052
38.6009999999951,7530
38.6009999999951,7104
38.6009999999951,7658
38.6009999999951,8170
38.6009999999951,8976
38.6009999999951,9176
38.648000000001,9384
38.648000000001,9748
38.648000000001,9228
38.648000000001,8260
38.648000000001,7550
38.648000000001,7218
38.648000000001,7644
38.648000000001,7700
38.648000000001,8294
38.648000000001,8628
38.6949999999997,8418
38.6949999999997,7848
38.6949999999997,6360
38.6949999999997,6610
38.6949999999997,8062
38.6949999999997,8926
38.6949999999997,9156
38.6949999999997,9392
38.6949999999997,9762
38.7429999999949,9218
38.7429999999949,8514
38.7429999999949,7894
38.7429999999949,7340
38.7429999999949,6626
38.7429999999949,7616
38.7429999999949,8350
38.7429999999949,8188
38.7429999999949,8750
38.7429999999949,7972
38.7900000000009,6540
38.7900000000009,6626
38.7900000000009,8018
38.7900000000009,8706
38.7900000000009,9094
38.7900000000009,9352
38.7900000000009,9608
38.7900000000009,9676
38.7900000000009,8930
38.8379999999961,8324
38.8379999999961,6790
38.8379999999961,6590
38.8379999999961,7714
38.8379999999961,8356
38.8379999999961,8206
38.8379999999961,8756
38.8379999999961,7626
38.8379999999961,6940
38.885000000002,7154
38.885000000002,7780
38.885000000002,8188
38.885000000002,9152
38.885000000002,9258
38.885000000002,9378
38.885000000002,9700
38.885000000002,9034
38.885000000002,8386
38.9329999999973,6992
38.9329999999973,6730
38.9329999999973,7716
38.9329999999973,8234
38.9329999999973,8196
38.9329999999973,8648
38.9329999999973,8034
38.9329999999973,7526
38.9329999999973,7072
38.9329999999973,7628
38.9799999999959,8172
38.9799999999959,9094
38.9799999999959,9224
38.9799999999959,9366
38.9799999999959,9684
38.9799999999959,9034
38.9799999999959,8340
38.9799999999959,7402
38.9799999999959,7006
39.0279999999984,7716
39.0279999999984,7992
39.0279999999984,8212
39.0279999999984,8668
39.0279999999984,8098
39.0279999999984,7600
39.0279999999984,7052
39.0279999999984,7576
39.0279999999984,8142
39.0279999999984,8936
39.0740000000005,9158
39.0740000000005,9382
39.0740000000005,9736
39.0740000000005,9230
39.0740000000005,8304
39.0740000000005,7664
39.0740000000005,7298
39.0740000000005,7570
39.0740000000005,7576
39.0740000000005,8258
39.1219999999958,8562
39.1219999999958,8408
39.1219999999958,7848
39.1219999999958,6374
39.1219999999958,6590
39.1219999999958,8026
39.1219999999958,8860
39.1219999999958,9094
39.1690000000017,9332
39.1690000000017,9716
39.1690000000017,9202
39.1690000000017,8376
39.1690000000017,7744
39.1690000000017,7300
39.1690000000017,7028
39.1690000000017,7572
39.1690000000017,8324
39.1690000000017,8156
39.2160000000003,8406
39.2160000000003,7858
39.2160000000003,6370
39.2160000000003,6580
39.2160000000003,7998
39.2160000000003,8834
39.2160000000003,9084
39.2160000000003,9296
39.2160000000003,9738
39.262999999999,9624
39.262999999999,8746
39.262999999999,8198
39.262999999999,6820
39.262999999999,6570
39.262999999999,7626
39.262999999999,8396
39.262999999999,8182
39.262999999999,8776
39.262999999999,7972
39.3110000000015,6584
39.3110000000015,6852
39.3110000000015,8090
39.3110000000015,8232
39.3110000000015,8860
39.3110000000015,9260
39.3110000000015,9684
39.3110000000015,9638
39.3110000000015,8814
39.3580000000002,8228
39.3580000000002,6678
39.3580000000002,6576
39.3580000000002,7730
39.3580000000002,8274
39.3580000000002,8196
39.3580000000002,8706
39.3580000000002,7684
39.3580000000002,7038
39.3580000000002,6848
39.4049999999988,8044
39.4049999999988,8232
39.4049999999988,8878
39.4049999999988,9266
39.4049999999988,9670
39.4049999999988,9640
39.4049999999988,9018
39.4049999999988,8362
39.4530000000013,6954
39.4530000000013,6720
39.4530000000013,7734
39.4530000000013,8268
39.4530000000013,8212
39.4530000000013,8716
39.4530000000013,7736
39.4530000000013,7092
39.4530000000013,6920
39.4530000000013,7996
39.5,8182
39.5,9096
39.5,9240
39.5,9404
39.5,9726
39.5,9106
39.5,8458
39.5,7180
39.5,6884
39.5479999999952,7884
39.5479999999952,8202
39.5479999999952,8198
39.5479999999952,8612
39.5479999999952,8206
39.5479999999952,7716
39.5479999999952,6966
39.5479999999952,7452
39.5479999999952,8116
39.5479999999952,9024
39.5950000000012,9194
39.5950000000012,9384
39.5950000000012,9722
39.5950000000012,9156
39.5950000000012,8454
39.5950000000012,7320
39.5950000000012,7310
39.5950000000012,7550
39.5950000000012,7616
39.5950000000012,8284
39.6419999999998,8552
39.6419999999998,8280
39.6419999999998,7782
39.6419999999998,6718
39.6419999999998,7236
39.6419999999998,8098
39.6419999999998,8966
39.6419999999998,9106
39.6419999999998,9348
39.6889999999985,9748
39.6889999999985,9168
39.6889999999985,8484
39.6889999999985,7872
39.6889999999985,7334
39.6889999999985,7412
39.6889999999985,7602
39.6889999999985,8340
39.6889999999985,8356
39.737000000001,8378
39.737000000001,7970
39.737000000001,6514
39.737000000001,6620
39.737000000001,8018
39.737000000001,8740
39.737000000001,9094
39.737000000001,9336
39.737000000001,9758
39.7829999999958,9634
39.7829999999958,8606
39.7829999999958,8016
39.7829999999958,7304
39.7829999999958,7150
39.7829999999958,7664
39.7829999999958,8448
39.7829999999958,8172
39.7829999999958,8768
39.7829999999958,7952
39.8309999999983,6646
39.8309999999983,6668
39.8309999999983,7980
39.8309999999983,8624
39.8309999999983,9064
39.8309999999983,9330
39.8309999999983,9766
39.8309999999983,9674
39.8309999999983,8910
39.877999999997,8296
39.877999999997,6774
39.877999999997,6586
39.877999999997,7710
39.877999999997,8378
39.877999999997,8198
39.877999999997,8776
39.877999999997,7672
39.877999999997,6898
39.877999999997,6792
39.9249999999956,7838
39.9249999999956,8228
39.9249999999956,9186
39.9249999999956,9276
39.9249999999956,9418
39.9249999999956,9726
39.9249999999956,9070
39.9249999999956,8428
39.9249999999956,7078
39.9720000000016,6812
39.9720000000016,7776
39.9720000000016,8238
39.9720000000016,8252
39.9720000000016,8684
39.9720000000016,8166
39.9720000000016,7678
39.9720000000016,7016
39.9720000000016,7550
40.0199999999968,8156
40.0199999999968,9068
40.0199999999968,9230
40.0199999999968,9428
40.0199999999968,9774
40.0199999999968,9244
40.0199999999968,8270
40.0199999999968,7582
40.0199999999968,7336
40.0669999999955,7356
40.0669999999955,7618
40.0669999999955,8376
40.0669999999955,8238
40.0669999999955,8444
40.0669999999955,7884
40.0669999999955,6390
40.0669999999955,6636
40.0669999999955,8070
40.0669999999955,8628
40.114999999998,9084
40.114999999998,9358
