25.4720000000016,8206
25.4720000000016,7490
25.4720000000016,8746
25.4720000000016,9536
25.4720000000016,9680
25.4720000000016,9326
25.5190000000002,8674
25.5190000000002,8170
25.5190000000002,8916
25.5190000000002,9356
25.5190000000002,10214
25.5190000000002,10338
25.5190000000002,10780
25.5190000000002,9722
25.5190000000002,9068
25.5670000000027,8362
25.5670000000027,8362
25.5670000000027,8736
25.5670000000027,9494
25.5670000000027,9892
25.5670000000027,9024
25.5670000000027,8114
25.5670000000027,7796
25.5670000000027,8942
25.5670000000027,9846
25.6140000000014,10188
25.6140000000014,10322
25.6140000000014,10778
25.6140000000014,9476
25.6140000000014,8670
25.6140000000014,8028
25.6140000000014,8650
25.6140000000014,9054
25.6140000000014,9378
25.6620000000039,9896
25.6620000000039,8716
25.6620000000039,7550
25.6620000000039,7494
25.6620000000039,9032
25.6620000000039,10004
25.6620000000039,10246
25.6620000000039,10718
25.6620000000039,10326
25.6620000000039,9470
25.7090000000026,8140
25.7090000000026,7720
25.7090000000026,8818
25.7090000000026,9592
25.7090000000026,9348
25.7090000000026,9952
25.7090000000026,9008
25.7090000000026,7300
25.7090000000026,7514
25.7569999999978,9120
25.7569999999978,10204
25.7569999999978,10270
25.7569999999978,10778
25.7569999999978,10214
25.7569999999978,9500
25.7569999999978,7744
25.7569999999978,7518
25.7569999999978,8740
25.8029999999999,9450
25.8029999999999,9484
25.8029999999999,9520
25.8029999999999,8878
25.8029999999999,7674
25.8029999999999,8556
25.8029999999999,9244
25.8029999999999,10218
25.8029999999999,10292
25.8510000000024,10808
25.8510000000024,9988
25.8510000000024,9346
25.8510000000024,8068
25.8510000000024,8396
25.8510000000024,8706
25.8510000000024,9464
25.8510000000024,9856
25.8510000000024,8906
25.8510000000024,8592
25.898000000001,8152
25.898000000001,8986
25.898000000001,9408
25.898000000001,10234
25.898000000001,10348
25.898000000001,10778
25.898000000001,9720
25.898000000001,9054
25.898000000001,8388
25.9449999999997,8648
25.9449999999997,9116
25.9449999999997,9356
25.9449999999997,9866
25.9449999999997,8896
25.9449999999997,7966
25.9449999999997,7672
25.9449999999997,9002
25.9449999999997,9984
25.9919999999984,10204
25.9919999999984,10446
25.9919999999984,10646
25.9919999999984,9372
25.9919999999984,8524
25.9919999999984,7976
25.9919999999984,8808
25.9919999999984,9506
25.9919999999984,9322
26.0400000000009,9906
26.0400000000009,8930
26.0400000000009,7264
26.0400000000009,7478
26.0400000000009,9050
26.0400000000009,10070
26.0400000000009,10264
26.0400000000009,10744
26.0400000000009,10332
26.0400000000009,9548
26.0869999999995,8018
26.0869999999995,7654
26.0869999999995,8788
26.0869999999995,9640
26.0869999999995,9276
26.0869999999995,9476
26.0869999999995,8834
26.0869999999995,7934
26.0869999999995,8644
26.135000000002,9140
26.135000000002,10316
26.135000000002,10280
26.135000000002,10814
26.135000000002,10118
26.135000000002,9408
26.135000000002,7600
26.135000000002,7642
26.135000000002,8696
26.135000000002,9500
26.1820000000007,9766
26.1820000000007,9126
26.1820000000007,8352
26.1820000000007,7916
26.1820000000007,9084
26.1820000000007,9690
26.1820000000007,10132
26.1820000000007,10322
26.1820000000007,10794
26.2289999999994,9844
26.2289999999994,9208
26.2289999999994,8340
26.2289999999994,8586
26.2289999999994,8768
26.2289999999994,9404
26.2289999999994,9880
26.2289999999994,8684
26.2289999999994,7730
26.2750000000015,7518
26.2750000000015,9050
26.2750000000015,10040
26.2750000000015,10230
26.2750000000015,10670
26.2750000000015,10352
26.2750000000015,9312
26.2750000000015,8396
26.2750000000015,8396
26.2750000000015,8814
26.323000000004,9366
26.323000000004,9368
26.323000000004,9916
26.323000000004,9048
26.323000000004,7366
26.323000000004,7428
26.323000000004,9068
26.323000000004,10100
26.323000000004,10276
26.3709999999992,10764
26.3709999999992,10296
26.3709999999992,9552
26.3709999999992,7930
26.3709999999992,7606
26.3709999999992,8818
26.3709999999992,9510
26.3709999999992,9296
26.3709999999992,9782
26.4179999999978,8930
26.4179999999978,7262
26.4179999999978,8244
26.4179999999978,9162
26.4179999999978,10332
26.4179999999978,10312
26.4179999999978,10836
26.4179999999978,10188
26.4179999999978,9484
26.4650000000038,7704
26.4650000000038,7498
26.4650000000038,8828
26.4650000000038,9640
26.4650000000038,9326
26.4650000000038,9548
26.4650000000038,8916
26.4650000000038,7572
26.4650000000038,8520
26.4650000000038,9230
26.512999999999,10394
26.512999999999,10312
26.512999999999,10824
26.512999999999,10066
26.512999999999,9358
26.512999999999,7632
26.512999999999,8068
26.512999999999,8756
26.512999999999,9512
26.5610000000015,9322
26.5610000000015,9424
26.5610000000015,8788
26.5610000000015,8074
26.5610000000015,8776
26.5610000000015,9310
26.5610000000015,10158
26.5610000000015,10306
26.5610000000015,10772
26.5610000000015,9772
26.6070000000036,9100
26.6070000000036,8346
26.6070000000036,8614
26.6070000000036,9038
26.6070000000036,9394
26.6070000000036,9876
26.6070000000036,9018
26.6070000000036,8140
26.6070000000036,7762
26.6549999999988,8976
26.6549999999988,9856
26.6549999999988,10198
26.6549999999988,10312
26.6549999999988,10748
26.6549999999988,9414
26.6549999999988,8592
26.6549999999988,8008
26.6549999999988,8848
26.7020000000048,9476
26.7020000000048,9302
26.7020000000048,9902
26.7020000000048,8910
26.7020000000048,7416
26.7020000000048,7432
26.7020000000048,9044
26.7020000000048,10082
26.7020000000048,10264
26.7020000000048,10764
26.7490000000034,10282
26.7490000000034,9542
26.7490000000034,7874
26.7490000000034,7580
26.7490000000034,8772
26.7490000000034,9608
26.7490000000034,9276
26.7490000000034,9458
26.7490000000034,8824
26.7960000000021,8006
26.7960000000021,8324
26.7960000000021,9152
26.7960000000021,10368
26.7960000000021,10282
26.7960000000021,10804
26.7960000000021,10076
26.7960000000021,9372
26.7960000000021,7580
26.7960000000021,7980
26.8440000000046,8720
26.8440000000046,9506
26.8440000000046,9838
26.8440000000046,9096
26.8440000000046,8288
26.8440000000046,7872
26.8440000000046,9034
26.8440000000046,9312
26.8910000000033,10172
26.8910000000033,10318
26.8910000000033,10778
26.8910000000033,9778
26.8910000000033,9090
26.8910000000033,8342
26.8910000000033,8622
26.8910000000033,9008
26.8910000000033,9394
26.8910000000033,9896
26.9389999999985,8664
26.9389999999985,7606
26.9389999999985,7524
26.9389999999985,9048
26.9389999999985,10070
26.9389999999985,10250
26.9389999999985,10726
26.9389999999985,10290
26.9389999999985,9546
26.9860000000044,8772
26.9860000000044,8172
26.9860000000044,8910
26.9860000000044,9458
26.9860000000044,9376
26.9860000000044,9946
26.9860000000044,9074
26.9860000000044,7366
26.9860000000044,7426
26.9860000000044,9074
27.0339999999997,10126
27.0339999999997,10272
27.0339999999997,10768
27.0339999999997,10260
27.0339999999997,9542
27.0339999999997,7798
27.0339999999997,7812
27.0339999999997,8824
27.0339999999997,9546
27.0809999999983,9284
27.0809999999983,9532
27.0809999999983,8942
27.0809999999983,7304
27.0809999999983,8442
27.0809999999983,9198
27.0809999999983,10400
27.0809999999983,10292
27.0809999999983,10808
27.1290000000008,10074
27.1290000000008,9368
27.1290000000008,7600
27.1290000000008,7560
27.1290000000008,8762
27.1290000000008,9512
27.1290000000008,9290
27.1290000000008,9382
27.1290000000008,8752
27.1290000000008,8080
27.1759999999995,8812
27.1759999999995,9322
27.1759999999995,10178
27.1759999999995,10326
27.1759999999995,10798
27.1759999999995,9814
27.1759999999995,9148
27.1759999999995,8360
27.1759999999995,8622
27.224000000002,8706
27.224000000002,9470
27.224000000002,9830
27.224000000002,8994
27.224000000002,8134
27.224000000002,7754
27.224000000002,8978
27.224000000002,9844
27.224000000002,10218
27.224000000002,10322
27.2710000000006,10774
27.2710000000006,9510
27.2710000000006,8730
27.2710000000006,8098
27.2710000000006,8950
27.2710000000006,9434
27.2710000000006,9372
27.2710000000006,9870
27.2710000000006,8664
27.3179999999993,7572
27.3179999999993,7518
27.3179999999993,9024
27.3179999999993,10076
27.3179999999993,10246
27.3179999999993,10716
27.3179999999993,10318
27.3179999999993,9516
27.3179999999993,8090
27.364999999998,7698
27.364999999998,8798
27.364999999998,9612
27.364999999998,9238
27.364999999998,9480
27.364999999998,8906
27.364999999998,7242
27.364999999998,8114
27.364999999998,9122
27.364999999998,10290
27.4120000000039,10266
27.4120000000039,10804
27.4120000000039,10106
27.4120000000039,9398
27.4120000000039,7592
27.4120000000039,7678
27.4120000000039,8706
27.4120000000039,9506
27.4120000000039,9772
27.4599999999991,9418
27.4599999999991,8802
27.4599999999991,8026
27.4599999999991,8740
27.4599999999991,9312
27.4599999999991,10162
27.4599999999991,10316
27.4599999999991,10798
27.4599999999991,9850
27.5069999999978,9212
27.5069999999978,8326
27.5069999999978,8576
27.5069999999978,8742
27.5069999999978,9398
27.5069999999978,9880
27.5069999999978,8680
27.5069999999978,8284
27.5069999999978,7808
27.5550000000003,9038
27.5550000000003,9752
27.5550000000003,10204
27.5550000000003,10296
27.5550000000003,10752
27.5550000000003,9494
27.5550000000003,8700
27.5550000000003,8070
27.5550000000003,8936
27.5550000000003,9458
27.601999999999,9332
27.601999999999,9942
27.601999999999,9008
27.601999999999,7294
27.601999999999,7510
27.601999999999,9024
27.601999999999,10066
27.601999999999,10246
27.601999999999,10726
27.6490000000049,10272
27.6490000000049,9384
27.6490000000049,8232
27.6490000000049,7796
27.6490000000049,8828
27.6490000000049,9574
27.6490000000049,9276
27.6490000000049,9526
27.6490000000049,8932
27.6490000000049,7318
27.6960000000036,8422
27.6960000000036,9116
27.6960000000036,10192
27.6960000000036,10302
27.6960000000036,10794
27.6960000000036,10296
27.6960000000036,9558
27.6960000000036,7916
27.6960000000036,7606
27.7439999999988,8768
27.7439999999988,9572
27.7439999999988,9222
27.7439999999988,9444
27.7439999999988,8804
27.7439999999988,8018
27.7439999999988,8722
27.7439999999988,9320
27.7439999999988,10372
27.7910000000047,10318
27.7910000000047,10840
27.7910000000047,10184
27.7910000000047,9476
27.7910000000047,7700
27.7910000000047,7498
27.7910000000047,8732
27.7910000000047,9516
27.7910000000047,9588
27.7910000000047,9310
27.8389999999999,8644
27.8389999999999,8188
27.8389999999999,8930
27.8389999999999,9342
27.8389999999999,10214
27.8389999999999,10338
27.8389999999999,10814
27.8389999999999,10050
27.8389999999999,9348
27.8859999999986,7726
27.8859999999986,8172
27.8859999999986,8696
27.8859999999986,9454
27.8859999999986,9838
27.8859999999986,8998
27.8859999999986,8124
27.8859999999986,7746
27.8859999999986,8946
27.8859999999986,9856
27.9340000000011,10192
27.9340000000011,10364
27.9340000000011,10698
27.9340000000011,9362
27.9340000000011,8504
27.9340000000011,8382
27.9340000000011,8696
27.9340000000011,9294
27.9809999999998,9368
27.9809999999998,9896
27.9809999999998,9004
27.9809999999998,7438
27.9809999999998,7462
27.9809999999998,9054
27.9809999999998,10112
27.9809999999998,10256
27.9809999999998,10734
27.9809999999998,10280
28.0279999999984,9530
28.0279999999984,7888
28.0279999999984,7582
28.0279999999984,8804
28.0279999999984,9530
28.0279999999984,9280
28.0279999999984,9634
28.0279999999984,8914
28.0279999999984,7236
28.0750000000044,8372
28.0750000000044,9162
28.0750000000044,10364
28.0750000000044,10264
28.0750000000044,10788
28.0750000000044,10030
28.0750000000044,9330
28.0750000000044,7760
28.0750000000044,8198
28.0750000000044,8684
28.1229999999996,9464
28.1229999999996,9460
28.1229999999996,9276
28.1229999999996,8618
28.1229999999996,8162
28.1229999999996,8930
28.1229999999996,9346
28.1229999999996,10194
28.1229999999996,10292
28.1699999999983,10718
28.1699999999983,9578
28.1699999999983,8874
28.1699999999983,8336
28.1699999999983,8808
28.1699999999983,9348
28.1699999999983,9330
28.1699999999983,9910
28.1699999999983,8726
28.2160000000003,7770
28.2160000000003,7550
28.2160000000003,9022
28.2160000000003,10030
28.2160000000003,10204
28.2160000000003,10672
28.2160000000003,10272
28.2160000000003,9434
28.2160000000003,8134
28.262999999999,7704
28.262999999999,8804
28.262999999999,9582
28.262999999999,9260
28.262999999999,9520
28.262999999999,8860
28.262999999999,7262
28.262999999999,7756
28.262999999999,9116
28.262999999999,10234
28.3100000000049,10250
28.3100000000049,10790
28.3100000000049,10152
28.3100000000049,9430
28.3100000000049,7668
28.3100000000049,7488
28.3100000000049,8710
28.3100000000049,9486
28.3100000000049,9684
28.3580000000002,9188
28.3580000000002,8484
28.3580000000002,8106
28.3580000000002,8634
28.3580000000002,9274
28.3580000000002,10074
28.3580000000002,10300
28.3580000000002,10788
28.3580000000002,9900
28.3580000000002,9306
28.4049999999988,8296
28.4049999999988,8514
28.4049999999988,8670
28.4049999999988,9388
28.4049999999988,9870
28.4049999999988,8772
28.4049999999988,7858
28.4049999999988,7524
28.4530000000013,9104
28.4530000000013,9634
28.4530000000013,10214
28.4530000000013,10296
28.4530000000013,10726
28.4530000000013,9532
28.4530000000013,8788
28.4530000000013,8218
28.4530000000013,8894
28.4530000000013,9382
28.4990000000034,9312
28.4990000000034,9906
28.4990000000034,8986
28.4990000000034,7288
28.4990000000034,7438
28.4990000000034,9044
28.4990000000034,10056
28.4990000000034,10230
28.4990000000034,10706
28.5469999999987,10266
28.5469999999987,9378
28.5469999999987,8242
28.5469999999987,7808
28.5469999999987,8828
28.5469999999987,9548
28.5469999999987,9284
28.5469999999987,9510
28.5469999999987,8926
28.5469999999987,7386
28.5940000000046,8448
28.5940000000046,9202
28.5940000000046,10182
28.5940000000046,10260
28.5940000000046,10764
28.5940000000046,10214
28.5940000000046,9520
28.5940000000046,7740
28.5940000000046,7500
28.6410000000033,8740
28.6410000000033,9450
28.6410000000033,9392
28.6410000000033,9372
28.6410000000033,8730
28.6410000000033,8106
28.6410000000033,8832
28.6410000000033,9322
28.6410000000033,10192
28.6880000000019,10328
28.6880000000019,10790
28.6880000000019,9814
28.6880000000019,9352
28.6880000000019,7636
28.6880000000019,8058
28.6880000000019,8726
28.6880000000019,9516
28.6880000000019,9840
28.6880000000019,9148
28.7360000000044,8398
28.7360000000044,7988
28.7360000000044,9104
28.7360000000044,9676
28.7360000000044,10240
28.7360000000044,10348
28.7360000000044,10764
28.7360000000044,9680
28.7360000000044,9348
28.7830000000031,8208
28.7830000000031,8438
28.7830000000031,8742
28.7830000000031,9486
28.7830000000031,9916
28.7830000000031,9038
28.7830000000031,8170
28.7830000000031,7782
28.7830000000031,9004
28.7830000000031,9804
28.8300000000017,10244
28.8300000000017,10342
28.8300000000017,10762
28.8300000000017,9612
28.8300000000017,8894
28.8300000000017,8306
28.8300000000017,8510
28.8300000000017,8716
28.8300000000017,9454
28.8770000000004,9906
28.8770000000004,8920
28.8770000000004,8008
28.8770000000004,7648
28.8770000000004,9004
28.8770000000004,9968
28.8770000000004,10214
28.8770000000004,10436
28.8770000000004,10726
28.9250000000029,9404
28.9250000000029,8576
28.9250000000029,8018
28.9250000000029,8644
28.9250000000029,9194
28.9250000000029,9384
28.9250000000029,9900
28.9250000000029,8750
28.9250000000029,7520
28.9720000000016,7490
28.9720000000016,9058
28.9720000000016,10106
28.9720000000016,10240
28.9720000000016,10734
28.9720000000016,10364
28.9720000000016,9342
28.9720000000016,8454
28.9720000000016,7946
28.9720000000016,8808
29.0190000000002,9520
29.0190000000002,9358
29.0190000000002,9910
29.0190000000002,8976
29.0190000000002,7448
29.0190000000002,7484
29.0190000000002,9048
29.0190000000002,10128
29.0190000000002,10260
29.0670000000027,10748
29.0670000000027,10332
29.0670000000027,9450
29.0670000000027,8232
29.0670000000027,7806
29.0670000000027,8834
29.0670000000027,9538
29.0670000000027,9306
29.0670000000027,9910
29.1140000000014,8998
29.1140000000014,7308
29.1140000000014,7446
29.1140000000014,9086
29.1140000000014,10204
29.1140000000014,10300
29.1140000000014,10800
29.1140000000014,10322
29.1140000000014,9552
29.1140000000014,7982
29.1620000000039,7638
29.1620000000039,8796
29.1620000000039,9660
29.1620000000039,9274
29.1620000000039,9926
29.1620000000039,8930
29.1620000000039,7268
29.1620000000039,7960
29.1620000000039,9130
29.2090000000026,10266
29.2090000000026,10286
29.2090000000026,10804
29.2090000000026,10204
29.2090000000026,9502
29.2090000000026,7720
29.2090000000026,7508
29.2090000000026,8726
29.2090000000026,9470
29.2090000000026,9260
29.2569999999978,9516
29.2569999999978,8894
29.2569999999978,7636
29.2569999999978,8524
29.2569999999978,9248
29.2569999999978,10410
29.2569999999978,10316
29.2569999999978,10810
29.2569999999978,10060
29.3040000000037,9362
29.3040000000037,7606
29.3040000000037,8008
29.3040000000037,8740
29.3040000000037,9536
29.3040000000037,9818
29.3040000000037,9198
29.3040000000037,8838
29.3040000000037,7992
29.3510000000024,8674
29.3510000000024,9284
29.3510000000024,10076
29.3510000000024,10300
29.3510000000024,10780
29.3510000000024,9900
29.3510000000024,9310
29.3510000000024,8274
29.3510000000024,8494
29.398000000001,8696
29.398000000001,9424
29.398000000001,9876
29.398000000001,8828
29.398000000001,7884
29.398000000001,8098
29.398000000001,9044
29.398000000001,9538
29.398000000001,10220
29.398000000001,10316
29.4460000000036,10742
29.4460000000036,9612
29.4460000000036,8916
29.4460000000036,8376
29.4460000000036,8756
29.4460000000036,9348
29.4460000000036,9356
29.4460000000036,9916
29.4460000000036,9028
29.4460000000036,7416
29.4930000000022,7652
29.4930000000022,9008
29.4930000000022,10018
29.4930000000022,10224
29.4930000000022,10506
29.4930000000022,10702
29.4930000000022,9398
29.4930000000022,8576
29.4930000000022,7988
29.5400000000009,8854
29.5400000000009,9494
29.5400000000009,9290
29.5400000000009,9952
29.5400000000009,8952
29.5400000000009,7284
29.5400000000009,7664
29.5400000000009,9022
29.5400000000009,10100
29.5869999999995,10246
29.5869999999995,10708
29.5869999999995,10318
29.5869999999995,9510
29.5869999999995,8104
29.5869999999995,7704
29.5869999999995,8812
29.5869999999995,9592
29.5869999999995,9238
29.635000000002,9526
29.635000000002,8890
29.635000000002,7658
29.635000000002,8506
29.635000000002,9096
29.635000000002,10220
29.635000000002,10264
29.635000000002,10774
29.635000000002,10200
29.635000000002,9506
29.6820000000007,7714
29.6820000000007,7490
29.6820000000007,8714
29.6820000000007,9474
29.6820000000007,9510
29.6820000000007,9290
29.6820000000007,8622
29.6820000000007,8130
29.6820000000007,8916
29.7289999999994,9254
29.7289999999994,10240
29.7289999999994,10290
29.7289999999994,10788
29.7289999999994,10004
29.7289999999994,9332
29.7289999999994,7878
29.7289999999994,8278
29.7289999999994,8704
29.775999999998,9460
29.775999999998,9856
29.775999999998,8994
29.775999999998,8116
29.775999999998,7756
29.775999999998,8982
29.775999999998,9824
29.775999999998,10230
29.775999999998,10306
29.823000000004,10754
29.823000000004,9838
29.823000000004,9198
29.823000000004,8330
29.823000000004,8586
29.823000000004,8726
29.823000000004,9408
29.823000000004,9886
29.823000000004,8768
29.823000000004,7832
29.8709999999992,7544
29.8709999999992,9012
29.8709999999992,10040
29.8709999999992,10218
29.8709999999992,10600
29.8709999999992,10414
29.8709999999992,9320
29.8709999999992,8424
29.8709999999992,7908
29.9179999999978,8736
29.9179999999978,9332
29.9179999999978,9348
29.9179999999978,9902
29.9179999999978,9032
29.9179999999978,7390
29.9179999999978,7436
29.9179999999978,9038
29.9179999999978,10152
29.9179999999978,10280
29.9650000000038,10744
29.9650000000038,10332
29.9650000000038,9536
29.9650000000038,8074
29.9650000000038,7680
29.9650000000038,8814
29.9650000000038,9494
29.9650000000038,9320
30.0120000000024,9948
30.0120000000024,8978
30.0120000000024,7294
30.0120000000024,7520
30.0120000000024,9116
30.0120000000024,10208
30.0120000000024,10290
30.0120000000024,10788
30.0120000000024,10270
30.0120000000024,9546
30.0600000000049,7854
30.0600000000049,7562
30.0600000000049,8772
30.0600000000049,9648
30.0600000000049,9290
30.0600000000049,9766
30.0600000000049,8932
30.0600000000049,7254
30.0600000000049,8212
30.0600000000049,9156
30.1070000000036,10302
30.1070000000036,10290
30.1070000000036,10814
30.1070000000036,10194
30.1070000000036,9494
30.1070000000036,7710
30.1070000000036,7510
30.1070000000036,8736
30.1070000000036,9490
30.1540000000023,9480
30.1540000000023,9516
30.1540000000023,8894
30.1540000000023,7636
30.1540000000023,8510
30.1540000000023,9228
30.1540000000023,10300
30.1540000000023,10290
30.1540000000023,10794
30.2010000000009,10024
30.2010000000009,9330
30.2010000000009,7740
30.2010000000009,8182
30.2010000000009,8706
30.2010000000009,9486
30.2010000000009,9850
30.2010000000009,9080
30.2010000000009,8760
30.2490000000034,8070
30.2490000000034,8782
30.2490000000034,9312
30.2490000000034,10148
30.2490000000034,10308
30.2490000000034,10780
30.2490000000034,9834
30.2490000000034,9208
30.2490000000034,8316
30.2490000000034,8566
30.2960000000021,8706
30.2960000000021,9412
30.2960000000021,9886
30.2960000000021,8786
30.2960000000021,7844
30.2960000000021,8042
30.2960000000021,9086
30.2960000000021,9530
30.2960000000021,10224
30.3440000000046,10352
30.3440000000046,10758
30.3440000000046,9676
30.3440000000046,9014
30.3440000000046,8386
30.3440000000046,8686
30.3440000000046,9156
30.3440000000046,9358
30.3440000000046,9886
30.3440000000046,8768
30.3910000000033,7526
30.3910000000033,7744
30.3910000000033,8936
30.3910000000033,9880
30.3910000000033,10210
30.3910000000033,10358
30.3910000000033,10764
30.3910000000033,9494
30.3910000000033,8716
30.4380000000019,8070
30.4380000000019,8952
30.4380000000019,9440
30.4380000000019,9336
30.4380000000019,9928
30.4380000000019,9044
30.4380000000019,7360
30.4380000000019,7442
30.4380000000019,8998
30.4850000000006,10060
30.4850000000006,10224
30.4850000000006,10662
30.4850000000006,10444
30.4850000000006,9330
30.4850000000006,8468
30.4850000000006,7930
30.4850000000006,8802
30.4850000000006,9530
30.5319999999992,9284
30.5319999999992,9926
30.5319999999992,8932
30.5319999999992,7268
30.5319999999992,7862
30.5319999999992,9034
30.5319999999992,10122
30.5319999999992,10254
30.5319999999992,10722
30.5319999999992,10332
30.5789999999979,9474
30.5789999999979,8176
30.5789999999979,7746
30.5789999999979,8824
30.5789999999979,9582
30.5789999999979,9266
30.5789999999979,9516
30.5789999999979,8932
30.5789999999979,7370
30.6260000000038,8438
30.6260000000038,9186
30.6260000000038,10188
30.6260000000038,10266
30.6260000000038,10754
30.6260000000038,10224
30.6260000000038,9526
30.6260000000038,7750
30.6260000000038,7518
30.6730000000025,8752
30.6730000000025,9486
30.6730000000025,9312
30.6730000000025,9394
30.6730000000025,8746
30.6730000000025,8078
30.6730000000025,8782
30.6730000000025,9326
30.6730000000025,10158
30.7209999999977,10316
30.7209999999977,10778
30.7209999999977,10064
30.7209999999977,9362
30.7209999999977,7572
30.7209999999977,7852
30.7209999999977,8716
30.7209999999977,9520
30.7209999999977,9784
30.7209999999977,9156
30.7680000000037,8442
30.7680000000037,8044
30.7680000000037,9074
30.7680000000037,9594
30.7680000000037,10208
30.7680000000037,10306
30.7680000000037,10742
30.7680000000037,9574
30.7680000000037,8864
30.8150000000023,8294
30.8150000000023,8536
30.8150000000023,8694
30.8150000000023,9414
30.8150000000023,9892
30.8150000000023,8812
30.8150000000023,7874
30.8150000000023,7636
30.8150000000023,8998
30.8150000000023,10028
30.8630000000048,10210
30.8630000000048,10590
30.8630000000048,10408
30.8630000000048,9320
30.8630000000048,8444
30.8630000000048,7908
30.8630000000048,8778
30.8630000000048,9294
30.8630000000048,9332
30.9100000000035,9902
30.9100000000035,9014
30.9100000000035,7402
30.9100000000035,7452
30.9100000000035,9040
30.9100000000035,10146
30.9100000000035,10256
30.9100000000035,10738
30.9100000000035,10296
30.9570000000022,9530
30.9570000000022,7946
30.9570000000022,7586
30.9570000000022,8762
30.9570000000022,9684
30.9570000000022,9286
30.9570000000022,9896
30.9570000000022,8930
30.9570000000022,7272
30.9570000000022,8034
31.0040000000008,9112
31.0040000000008,10254
31.0040000000008,10270
31.0040000000008,10778
31.0040000000008,10172
31.0040000000008,9458
31.0040000000008,7680
31.0040000000008,7484
31.0040000000008,8710
31.0520000000033,9510
31.0520000000033,9562
31.0520000000033,9530
31.0520000000033,8878
31.0520000000033,7720
31.0520000000033,8526
31.0520000000033,9238
31.0520000000033,10358
31.0520000000033,10306
31.0520000000033,10794
31.099000000002,10046
31.099000000002,9342
31.099000000002,7662
31.099000000002,8038
31.099000000002,8706
31.099000000002,9494
31.099000000002,9814
31.099000000002,9096
31.1460000000006,8776
31.1460000000006,8052
31.1460000000006,8760
31.1460000000006,9332
31.1460000000006,10082
31.1460000000006,10336
31.1460000000006,10800
31.1460000000006,9948
31.1460000000006,9330
31.1460000000006,8196
31.1929999999993,8424
31.1929999999993,8720
31.1929999999993,9450
31.1929999999993,9874
31.1929999999993,8946
31.1929999999993,8624
31.1929999999993,8152
31.1929999999993,8900
31.1929999999993,9310
31.2410000000018,10204
31.2410000000018,10332
31.2410000000018,10772
31.2410000000018,9746
31.2410000000018,9070
31.2410000000018,8356
31.2410000000018,8608
31.2410000000018,8950
31.2410000000018,9358
31.2410000000018,9864
31.2880000000005,8680
31.2880000000005,7570
31.2880000000005,7746
31.2880000000005,8968
31.2880000000005,9874
31.2880000000005,10230
31.2880000000005,10322
31.2880000000005,10768
31.2880000000005,9566
31.3349999999991,8838
31.3349999999991,8268
31.3349999999991,8848
31.3349999999991,9366
31.3349999999991,9336
31.3349999999991,9906
31.3349999999991,9038
31.3349999999991,7376
31.3349999999991,7446
31.3819999999978,9018
31.3819999999978,10038
31.3819999999978,10224
31.3819999999978,10626
31.3819999999978,10440
31.3819999999978,9326
31.3819999999978,8474
31.3819999999978,7956
31.3819999999978,8804
31.4290000000037,9512
31.4290000000037,9286
31.4290000000037,9874
31.4290000000037,8920
31.4290000000037,7238
31.4290000000037,8114
31.4290000000037,9116
31.4290000000037,10126
31.4290000000037,10244
31.4290000000037,10734
31.4760000000024,10316
31.4760000000024,9532
31.4760000000024,8008
31.4760000000024,7664
31.4760000000024,8788
31.4760000000024,9634
31.4760000000024,9230
31.4760000000024,9494
31.4760000000024,8850
31.5240000000049,7894
31.5240000000049,8576
31.5240000000049,9240
31.5240000000049,10126
31.5240000000049,10280
31.5240000000049,10774
31.5240000000049,10136
31.5240000000049,9424
31.5240000000049,7638
31.5240000000049,7482
31.5710000000036,8706
31.5710000000036,9520
31.5710000000036,9670
31.5710000000036,9264
31.5710000000036,8586
31.5710000000036,8166
31.5710000000036,8926
31.5710000000036,9320
31.6180000000022,10198
31.6180000000022,10300
31.6180000000022,10712
31.6180000000022,9608
31.6180000000022,8930
31.6180000000022,8254
31.6180000000022,8474
31.6180000000022,8694
31.6180000000022,9412
31.6180000000022,9886
31.6650000000009,8858
31.6650000000009,7934
31.6650000000009,7628
31.6650000000009,8992
31.6650000000009,9988
31.6650000000009,10182
31.6650000000009,10522
31.6650000000009,10500
31.6650000000009,9356
31.7119999999995,8510
31.7119999999995,7970
31.7119999999995,8696
31.7119999999995,9244
31.7119999999995,9348
31.7119999999995,9882
31.7119999999995,8878
31.7119999999995,7478
31.7119999999995,7488
31.7119999999995,9014
31.760000000002,10100
31.760000000002,10230
31.760000000002,10716
31.760000000002,10326
31.760000000002,9526
31.760000000002,8058
31.760000000002,7668
31.760000000002,8818
31.760000000002,9476
31.8060000000041,9312
31.8060000000041,9948
31.8060000000041,9008
31.8060000000041,7318
31.8060000000041,7478
31.8060000000041,9112
31.8060000000041,10204
31.8060000000041,10290
31.8060000000041,10788
31.8539999999994,10296
31.8539999999994,9536
31.8539999999994,7924
31.8539999999994,7592
31.8539999999994,8772
31.8539999999994,9506
31.8539999999994,9264
31.8539999999994,9802
31.8539999999994,8914
31.8539999999994,7236
31.900999999998,8156
31.900999999998,9112
31.900999999998,10296
31.900999999998,10266
31.900999999998,10794
31.900999999998,10122
31.900999999998,9414
31.900999999998,7622
31.900999999998,7534
31.9500000000044,8714
31.9500000000044,9674
31.9500000000044,9230
31.9500000000044,9490
31.9500000000044,8850
31.9500000000044,7924
31.9500000000044,8606
31.9500000000044,9258
31.9500000000044,10122
31.9500000000044,10290
31.997000000003,10772
31.997000000003,9932
31.997000000003,9320
31.997000000003,8206
31.997000000003,8432
31.997000000003,8710
31.997000000003,9526
31.997000000003,9666
31.997000000003,9260
32.0449999999983,8592
32.0449999999983,8172
32.0449999999983,8926
32.0449999999983,9346
32.0449999999983,10208
32.0449999999983,10312
32.0449999999983,10722
32.0449999999983,9638
32.0449999999983,8966
32.0920000000042,8386
32.0920000000042,8686
32.0920000000042,9244
32.0920000000042,9340
32.0920000000042,9864
32.0920000000042,8968
32.0920000000042,7908
32.0920000000042,7626
32.0920000000042,8988
32.1390000000029,10000
32.1390000000029,10192
32.1390000000029,10590
32.1390000000029,10302
32.1390000000029,9294
32.1390000000029,8402
32.1390000000029,7880
32.1390000000029,8804
32.1390000000029,9506
32.1390000000029,9228
32.1860000000015,9574
32.1860000000015,8906
32.1860000000015,7238
32.1860000000015,8362
32.1860000000015,9048
32.1860000000015,10164
32.1860000000015,10234
32.1860000000015,10732
32.1860000000015,10188
32.2330000000002,9490
32.2330000000002,7726
32.2330000000002,7490
32.2330000000002,8696
32.2330000000002,9460
32.2330000000002,9466
32.2330000000002,9266
32.2330000000002,8608
32.2330000000002,8160
32.2799999999988,8542
32.2799999999988,9228
32.2799999999988,10214
32.2799999999988,10280
32.2799999999988,10768
32.2799999999988,9942
32.2799999999988,9312
32.2799999999988,8146
32.2799999999988,8414
32.2799999999988,8678
32.3270000000048,9402
32.3270000000048,9850
32.3270000000048,8858
32.3270000000048,7946
32.3270000000048,7626
32.3270000000048,8994
32.3270000000048,9398
32.3270000000048,10200
32.3270000000048,10312
32.375,10728
32.375,9618
32.375,8942
32.375,8398
32.375,8710
32.375,9254
32.375,9302
32.375,9870
32.375,9014
32.375,7372
32.4219999999987,7428
32.4219999999987,9064
32.4219999999987,10154
32.4219999999987,10254
32.4219999999987,10580
32.4219999999987,10338
32.4219999999987,9296
32.4219999999987,8414
32.4219999999987,7924
32.4690000000046,8782
32.4690000000046,9496
32.4690000000046,9240
32.4690000000046,9676
32.4690000000046,8910
32.4690000000046,7222
32.4690000000046,8346
32.4690000000046,9148
32.4690000000046,10338
32.5160000000033,10256
32.5160000000033,10784
32.5160000000033,10064
32.5160000000033,9366
32.5160000000033,7566
32.5160000000033,7570
32.5160000000033,8746
32.5160000000033,9512
32.5160000000033,9194
32.5630000000019,9382
32.5630000000019,8750
32.5630000000019,8070
32.5630000000019,8756
32.5630000000019,9306
32.5630000000019,10162
32.5630000000019,10300
32.5630000000019,10772
32.5630000000019,9804
32.5630000000019,9158
32.6100000000006,8326
32.6100000000006,8006
32.6100000000006,8686
32.6100000000006,9466
32.6100000000006,9802
32.6100000000006,9022
32.6100000000006,8196
32.6100000000006,7782
32.6100000000006,8986
32.6580000000031,9804
32.6580000000031,10198
32.6580000000031,10270
32.6580000000031,10752
32.6580000000031,9470
32.6580000000031,8686
32.6580000000031,8054
32.6580000000031,8946
32.6580000000031,8886
32.7050000000017,9348
32.7050000000017,9854
32.7050000000017,8678
32.7050000000017,7550
32.7050000000017,7508
32.7050000000017,9014
32.7050000000017,10076
32.7050000000017,10218
32.7050000000017,10682
32.7520000000004,10308
32.7520000000004,9512
32.7520000000004,8026
32.7520000000004,7652
32.7520000000004,8782
32.7520000000004,9624
32.7520000000004,9280
32.7520000000004,9912
32.7520000000004,8920
32.7520000000004,7242
32.7989999999991,7980
32.7989999999991,9104
32.7989999999991,10260
32.7989999999991,10246
32.7989999999991,10778
32.7989999999991,10132
32.7989999999991,9408
32.7989999999991,7636
32.7989999999991,7494
32.8470000000016,8704
32.8470000000016,9510
32.8470000000016,9214
32.8470000000016,9460
32.8470000000016,8824
32.8470000000016,7962
32.8470000000016,8628
32.8470000000016,9260
32.8470000000016,10054
32.8470000000016,10280
32.8940000000002,10764
32.8940000000002,9876
32.8940000000002,9286
32.8940000000002,8280
32.8940000000002,8500
32.8940000000002,8664
32.8940000000002,9392
32.8940000000002,9752
32.8940000000002,9132
32.9420000000027,8396
32.9420000000027,7992
32.9420000000027,9104
32.9420000000027,9620
32.9420000000027,10234
32.9420000000027,10342
32.9420000000027,10738
32.9420000000027,9634
32.9420000000027,8968
32.9890000000014,8396
32.9890000000014,8706
32.9890000000014,9258
32.9890000000014,9352
32.9890000000014,9882
32.9890000000014,8936
32.9890000000014,7462
32.9890000000014,7664
32.9890000000014,8986
32.9890000000014,9958
33.0360000000001,10208
33.0360000000001,10434
33.0360000000001,10620
33.0360000000001,9438
33.0360000000001,8624
33.0360000000001,8032
33.0360000000001,8906
33.0360000000001,9476
33.0360000000001,9330
33.0829999999987,9948
33.0829999999987,9018
33.0829999999987,7344
33.0829999999987,7458
33.0829999999987,9038
33.0829999999987,10076
33.0829999999987,10244
33.0829999999987,10680
33.0829999999987,10336
33.0829999999987,9340
33.1310000000012,8468
33.1310000000012,7946
33.1310000000012,8824
33.1310000000012,9510
33.1310000000012,9290
33.1310000000012,9936
33.1310000000012,8940
33.1310000000012,7268
33.1779999999999,7872
33.1779999999999,9130
33.1779999999999,10116
33.1779999999999,10240
33.1779999999999,10698
33.1779999999999,10326
33.1779999999999,9526
33.1779999999999,8048
33.1779999999999,7668
33.1779999999999,8808
33.2260000000024,9628
33.2260000000024,9250
33.2260000000024,9526
33.2260000000024,8878
33.2260000000024,7740
33.2260000000024,8542
33.2260000000024,9224
33.2260000000024,10240
33.2260000000024,10246
33.273000000001,10774
33.273000000001,10174
33.273000000001,9450
33.273000000001,7674
33.273000000001,7498
33.273000000001,8732
33.273000000001,9526
33.273000000001,9546
33.273000000001,9296
33.273000000001,8634
33.3199999999997,8150
33.3199999999997,8886
33.3199999999997,9312
33.3199999999997,10218
33.3199999999997,10318
33.3199999999997,10764
33.3199999999997,10008
33.3199999999997,9330
33.3199999999997,7900
33.3669999999984,8284
33.3669999999984,8706
33.3669999999984,9454
33.3669999999984,9856
33.3669999999984,8986
33.3669999999984,8124
33.3669999999984,7750
33.3669999999984,8922
33.3669999999984,9866
33.4140000000043,10200
33.4140000000043,10338
33.4140000000043,10654
33.4140000000043,9384
33.4140000000043,8556
33.4140000000043,7996
33.4140000000043,8648
33.4140000000043,9214
33.4140000000043,9352
33.4619999999995,9870
33.4619999999995,8904
33.4619999999995,7454
33.4619999999995,7468
33.4619999999995,8998
33.4619999999995,10116
33.4619999999995,10236
33.4619999999995,10732
33.4619999999995,10282
33.4619999999995,9520
33.5089999999982,7880
33.5089999999982,7566
33.5089999999982,8762
33.5089999999982,9526
33.5089999999982,9270
33.5089999999982,9732
33.5089999999982,8922
33.5089999999982,7252
33.5089999999982,8270
33.5570000000007,9136
33.5570000000007,10322
33.5570000000007,10250
33.5570000000007,10780
33.5570000000007,10074
33.5570000000007,9358
33.5570000000007,7560
33.5570000000007,7828
33.5570000000007,8678
33.6030000000028,9466
33.6030000000028,9202
33.6030000000028,9392
33.6030000000028,8750
33.6030000000028,8070
33.6030000000028,8760
33.6030000000028,9300
33.6030000000028,10162
33.6030000000028,10290
33.6030000000028,10754
33.6520000000019,9768
33.6520000000019,9100
33.6520000000019,8336
33.6520000000019,8608
33.6520000000019,8828
33.6520000000019,9376
33.6520000000019,9876
33.6520000000019,9038
33.6520000000019,8212
33.698000000004,7798
33.698000000004,8998
33.698000000004,9774
33.698000000004,10208
33.698000000004,10272
33.698000000004,10764
33.698000000004,9496
33.698000000004,8726
33.698000000004,8098
33.698000000004,8940
33.7459999999992,9414
33.7459999999992,9300
33.7459999999992,9906
33.7459999999992,8988
33.7459999999992,7318
33.7459999999992,7484
33.7459999999992,9014
33.7459999999992,10074
33.7459999999992,10224
33.7929999999978,10690
33.7929999999978,10316
33.7929999999978,9460
33.7929999999978,8120
33.7929999999978,7746
33.7929999999978,8824
33.7929999999978,9588
33.7929999999978,9258
33.7929999999978,9526
33.8410000000003,8910
33.8410000000003,7484
33.8410000000003,7490
33.8410000000003,9104
33.8410000000003,10210
33.8410000000003,10270
33.8410000000003,10762
33.8410000000003,10214
33.8410000000003,9506
33.8410000000003,7750
33.887999999999,7534
33.887999999999,8742
33.887999999999,9480
33.887999999999,9320
33.887999999999,9358
33.887999999999,8720
33.887999999999,8100
33.887999999999,8812
33.887999999999,9198
33.9350000000049,10404
33.9350000000049,10282
33.9350000000049,10798
33.9350000000049,10056
33.9350000000049,9352
33.9350000000049,7608
33.9350000000049,7980
33.9350000000049,8706
33.9350000000049,9494
33.9350000000049,9814
33.9820000000036,9090
33.9820000000036,8320
33.9820000000036,7916
33.9820000000036,9040
33.9820000000036,9736
33.9820000000036,10158
33.9820000000036,10300
33.9820000000036,10768
33.9820000000036,9810
34.0290000000023,9146
34.0290000000023,8314
34.0290000000023,8586
34.0290000000023,8760
34.0290000000023,9382
34.0290000000023,9880
34.0290000000023,8658
34.0290000000023,7708
34.0290000000023,7530
34.0770000000048,9028
34.0770000000048,10066
34.0770000000048,10240
34.0770000000048,10654
34.0770000000048,10270
34.0770000000048,9296
34.0770000000048,8848
34.0770000000048,8284
34.0770000000048,8828
34.1229999999996,9388
34.1229999999996,9366
34.1229999999996,9922
34.1229999999996,9054
34.1229999999996,7426
34.1229999999996,7462
34.1229999999996,9032
34.1229999999996,10136
34.1229999999996,10234
34.1229999999996,10732
34.1710000000021,10246
34.1710000000021,9512
34.1710000000021,7812
34.1710000000021,7842
34.1710000000021,8814
34.1710000000021,9532
34.1710000000021,9274
34.1710000000021,9620
34.1710000000021,8936
34.2180000000008,7242
34.2180000000008,8356
34.2180000000008,9172
34.2180000000008,10362
34.2180000000008,10266
34.2180000000008,10780
34.2180000000008,10044
34.2180000000008,9352
34.2180000000008,7582
34.2649999999994,7890
34.2649999999994,8740
34.2649999999994,9474
34.2649999999994,9228
34.2649999999994,9398
34.2649999999994,8750
34.2649999999994,8064
34.2649999999994,8778
34.2649999999994,9330
34.3119999999981,10136
34.3119999999981,10318
34.3119999999981,10778
34.3119999999981,9866
34.3119999999981,9254
34.3119999999981,8314
34.3119999999981,8546
34.3119999999981,8704
34.3119999999981,9486
34.3119999999981,9768
34.3600000000006,9126
34.3600000000006,8396
34.3600000000006,8016
34.3600000000006,9096
34.3600000000006,9532
34.3600000000006,10218
34.3600000000006,10316
34.3600000000006,10748
34.3600000000006,9598
34.4069999999992,8906
34.4069999999992,8370
34.4069999999992,8782
34.4069999999992,9332
34.4069999999992,9352
34.4069999999992,9880
34.4069999999992,8838
34.4069999999992,7910
34.4069999999992,7668
34.4069999999992,9002
34.4539999999979,9978
34.4539999999979,10204
34.4539999999979,10544
34.4539999999979,10398
34.4539999999979,9340
34.4539999999979,8490
34.4539999999979,7934
34.4539999999979,8788
34.4539999999979,9484
34.5010000000038,9250
34.5010000000038,9906
34.5010000000038,8936
34.5010000000038,7448
34.5010000000038,7494
34.5010000000038,9060
34.5010000000038,10024
34.5010000000038,10244
34.5010000000038,10718
34.5489999999991,10300
34.5489999999991,9522
34.5489999999991,7940
34.5489999999991,7600
34.5489999999991,8786
34.5489999999991,9660
34.5489999999991,9260
34.5489999999991,9512
34.5489999999991,8858
34.5950000000012,7868
34.5950000000012,7890
34.5950000000012,9148
34.5950000000012,10264
34.5950000000012,10272
34.5950000000012,10778
34.5950000000012,10182
34.5950000000012,9464
34.5950000000012,7688
34.5950000000012,7504
34.6430000000037,8736
34.6430000000037,9526
34.6430000000037,9490
34.6430000000037,9322
34.6430000000037,8694
34.6430000000037,8134
34.6430000000037,8500
34.6430000000037,9234
34.6430000000037,10342
34.6900000000023,10292
34.6900000000023,10784
34.6900000000023,10000
34.6900000000023,9320
34.6900000000023,7930
34.6900000000023,8288
34.6900000000023,8704
34.6900000000023,9448
34.6900000000023,9866
34.737000000001,8992
34.737000000001,8130
34.737000000001,7760
34.737000000001,8870
34.737000000001,9342
34.737000000001,10204
34.737000000001,10322
34.737000000001,10768
34.737000000001,9768
34.7839999999997,9080
34.7839999999997,8340
34.7839999999997,8612
34.7839999999997,8966
34.7839999999997,9384
34.7839999999997,9882
34.7839999999997,8632
34.7839999999997,7626
34.7839999999997,7518
34.7839999999997,9008
34.8320000000022,9814
34.8320000000022,10220
34.8320000000022,10322
34.8320000000022,10780
34.8320000000022,9552
34.8320000000022,8804
34.8320000000022,8212
34.8320000000022,8890
34.8320000000022,9394
34.8790000000008,9346
34.8790000000008,9920
34.8790000000008,9054
34.8790000000008,7372
34.8790000000008,7436
34.8790000000008,9068
34.8790000000008,10040
34.8790000000008,10224
34.8790000000008,10646
34.8790000000008,10266
34.9259999999995,9316
34.9259999999995,8284
34.9259999999995,7796
34.9259999999995,8814
34.9259999999995,9556
34.9259999999995,9276
34.9259999999995,9602
34.9259999999995,8950
34.9729999999981,7254
34.9729999999981,8366
34.9729999999981,9178
34.9729999999981,10362
