25.4689999999973,10808
25.4689999999973,11368
25.4689999999973,10666
25.4689999999973,9882
25.5160000000033,8694
25.5160000000033,8808
25.5160000000033,9156
25.5160000000033,9948
25.5160000000033,10378
25.5160000000033,9366
25.5160000000033,7940
25.5160000000033,7744
25.5160000000033,9572
25.5160000000033,10690
25.5639999999985,10798
25.5639999999985,11344
25.5639999999985,10712
25.5639999999985,9942
25.5639999999985,8376
25.5639999999985,8680
25.5639999999985,9140
25.5639999999985,9956
25.5639999999985,10368
25.6110000000044,9218
25.6110000000044,8022
25.6110000000044,7754
25.6110000000044,9526
25.6110000000044,10820
25.6110000000044,10790
25.6110000000044,11344
25.6110000000044,10450
25.6110000000044,9720
25.6110000000044,8458
25.6580000000031,8710
25.6580000000031,9140
25.6580000000031,9958
25.6580000000031,10372
25.6580000000031,9264
25.6580000000031,8012
25.6580000000031,7734
25.6580000000031,9516
25.6580000000031,10820
25.7050000000017,10784
25.7050000000017,11334
25.7050000000017,10434
25.7050000000017,9696
25.7050000000017,8878
25.7050000000017,9126
25.7050000000017,9864
25.7050000000017,9968
25.7050000000017,10368
25.7520000000004,9240
25.7520000000004,8038
25.7520000000004,7734
25.7520000000004,9532
25.7520000000004,10820
25.7520000000004,10774
25.7520000000004,11342
25.7520000000004,10476
25.7520000000004,9758
25.8000000000029,8864
25.8000000000029,9096
25.8000000000029,9818
25.8000000000029,9906
25.8000000000029,10516
25.8000000000029,9588
25.8000000000029,7684
25.8000000000029,7802
25.8000000000029,9536
25.8000000000029,10780
25.8470000000016,10790
25.8470000000016,11364
25.8470000000016,10564
25.8470000000016,9860
25.8470000000016,8834
25.8470000000016,8950
25.8470000000016,9376
25.8470000000016,9910
25.8470000000016,10440
25.8950000000041,9566
25.8950000000041,7726
25.8950000000041,7854
25.8950000000041,9584
25.8950000000041,10706
25.8950000000041,10784
25.8950000000041,11370
25.8950000000041,10636
25.8950000000041,9864
25.9420000000027,8756
25.9420000000027,8848
25.9420000000027,9156
25.9420000000027,9920
25.9420000000027,10388
25.9420000000027,9506
25.9420000000027,7826
25.9420000000027,7746
25.9420000000027,9558
25.9420000000027,10898
25.9890000000014,10804
25.9890000000014,11328
25.9890000000014,10374
25.9890000000014,9614
25.9890000000014,8880
25.9890000000014,9182
25.9890000000014,9130
25.9890000000014,9906
25.9890000000014,10374
26.0360000000001,9502
26.0360000000001,7816
26.0360000000001,7746
26.0360000000001,9558
26.0360000000001,10898
26.0360000000001,10810
26.0360000000001,11334
26.0360000000001,10388
26.0360000000001,9602
26.0360000000001,8874
26.0840000000026,9158
26.0840000000026,9928
26.0840000000026,9856
26.0840000000026,10516
26.0840000000026,9520
26.0840000000026,7910
26.0840000000026,7734
26.0840000000026,9516
26.1310000000012,10860
26.1310000000012,10790
26.1310000000012,11322
26.1310000000012,10378
26.1310000000012,9608
26.1310000000012,8878
26.1310000000012,9166
26.1310000000012,9922
26.1310000000012,9828
26.1310000000012,10456
26.1779999999999,9484
26.1779999999999,7716
26.1779999999999,8772
26.1779999999999,9542
26.1779999999999,10908
26.1779999999999,10804
26.1779999999999,11322
26.1779999999999,10326
26.1779999999999,9578
26.2249999999985,8886
26.2249999999985,9222
26.2249999999985,9962
26.2249999999985,9830
26.2249999999985,10390
26.2249999999985,9464
26.2249999999985,7776
26.2249999999985,8814
26.2249999999985,9710
26.2249999999985,10640
26.273000000001,10826
26.273000000001,11314
26.273000000001,10044
26.273000000001,9166
26.273000000001,8896
26.273000000001,9194
26.273000000001,9948
26.273000000001,9846
26.273000000001,10480
26.3199999999997,9496
26.3199999999997,7700
26.3199999999997,8772
26.3199999999997,9700
26.3199999999997,10670
26.3199999999997,10852
26.3199999999997,11344
26.3199999999997,10154
26.3199999999997,9348
26.3669999999984,8628
26.3669999999984,9398
26.3669999999984,10076
26.3669999999984,9810
26.3669999999984,10106
26.3669999999984,9568
26.3669999999984,7678
26.3669999999984,8412
26.3669999999984,9654
26.3669999999984,11030
26.4150000000009,10866
26.4150000000009,11370
26.4150000000009,10362
26.4150000000009,9598
26.4150000000009,8906
26.4150000000009,9214
26.4150000000009,9972
26.4150000000009,9882
26.4150000000009,10532
26.4619999999995,9542
26.4619999999995,7724
26.4619999999995,8680
26.4619999999995,9588
26.4619999999995,10844
26.4619999999995,10820
26.4619999999995,11374
26.4619999999995,10532
26.4619999999995,9860
26.4619999999995,8850
26.5089999999982,9004
26.5089999999982,9562
26.5089999999982,9902
26.5089999999982,10470
26.5089999999982,9592
26.5089999999982,7708
26.5089999999982,7962
26.5089999999982,9608
26.5560000000041,10974
26.5560000000041,10790
26.5560000000041,11352
26.5560000000041,10568
26.5560000000041,9844
26.5560000000041,8808
26.5560000000041,8904
26.5560000000041,9382
26.5560000000041,9926
26.5560000000041,10444
26.6030000000028,9578
26.6030000000028,7818
26.6030000000028,7760
26.6030000000028,9568
26.6030000000028,10906
26.6030000000028,10816
26.6030000000028,11324
26.6030000000028,10346
26.6030000000028,9584
26.650999999998,8874
26.650999999998,9192
26.650999999998,9172
26.650999999998,9928
26.650999999998,10400
26.650999999998,9484
26.650999999998,7904
26.650999999998,7744
26.650999999998,9548
26.650999999998,10870
26.698000000004,10814
26.698000000004,11332
26.698000000004,10414
26.698000000004,9656
26.698000000004,8858
26.698000000004,9104
26.698000000004,9896
26.698000000004,9882
26.698000000004,10518
26.7450000000026,9578
26.7450000000026,7698
26.7450000000026,7762
26.7450000000026,9522
26.7450000000026,10810
26.7450000000026,10784
26.7450000000026,11338
26.7450000000026,10460
26.7450000000026,9738
26.7929999999978,8854
26.7929999999978,9084
26.7929999999978,9794
26.7929999999978,9876
26.7929999999978,10496
26.7929999999978,9592
26.7929999999978,7684
26.7929999999978,8378
26.7929999999978,9630
26.7929999999978,10790
26.8400000000038,10790
26.8400000000038,11348
26.8400000000038,10522
26.8400000000038,9846
26.8400000000038,8848
26.8400000000038,9028
26.8400000000038,9536
26.8400000000038,9876
26.8400000000038,10450
26.887999999999,9588
26.887999999999,7684
26.887999999999,7986
26.887999999999,9618
26.887999999999,10974
26.887999999999,10810
26.887999999999,11314
26.887999999999,10280
26.887999999999,9536
26.887999999999,8818
26.9349999999977,8916
26.9349999999977,9250
26.9349999999977,9882
26.9349999999977,10400
26.9349999999977,9574
26.9349999999977,7766
26.9349999999977,7798
26.9349999999977,9604
26.9830000000002,10898
26.9830000000002,10816
26.9830000000002,11334
26.9830000000002,10394
26.9830000000002,9618
26.9830000000002,8880
26.9830000000002,9158
26.9830000000002,9856
26.9830000000002,9920
26.9830000000002,10332
27.0299999999988,9332
27.0299999999988,7940
27.0299999999988,7736
27.0299999999988,9552
27.0299999999988,10834
27.0299999999988,10798
27.0299999999988,11324
27.0299999999988,10440
27.0299999999988,9710
27.0769999999975,8864
27.0769999999975,9106
27.0769999999975,9828
27.0769999999975,9866
27.0769999999975,10502
27.0769999999975,9584
27.0769999999975,7672
27.0769999999975,7782
27.0769999999975,9536
27.0769999999975,10774
27.1240000000034,10780
27.1240000000034,11332
27.1240000000034,10508
27.1240000000034,9850
27.1240000000034,8834
27.1240000000034,9008
27.1240000000034,9592
27.1240000000034,9864
27.1240000000034,10450
27.1719999999987,9592
27.1719999999987,7684
27.1719999999987,7962
27.1719999999987,9604
27.1719999999987,10728
27.1719999999987,10764
27.1719999999987,11324
27.1719999999987,10552
27.1719999999987,9844
27.2180000000008,8804
27.2180000000008,8922
27.2180000000008,9384
27.2180000000008,9874
27.2180000000008,10408
27.2180000000008,9574
27.2180000000008,7680
27.2180000000008,7914
27.2180000000008,9634
27.2660000000033,10952
27.2660000000033,10836
27.2660000000033,11342
27.2660000000033,10410
27.2660000000033,9628
27.2660000000033,8874
27.2660000000033,9132
27.2660000000033,9146
27.2660000000033,9936
27.2660000000033,10354
27.3130000000019,9290
27.3130000000019,7970
27.3130000000019,7760
27.3130000000019,9568
27.3130000000019,10816
27.3130000000019,10800
27.3130000000019,11332
27.3130000000019,10508
27.3130000000019,9846
27.3610000000044,8848
27.3610000000044,9008
27.3610000000044,9568
27.3610000000044,9896
27.3610000000044,10364
27.3610000000044,9286
27.3610000000044,8202
27.3610000000044,7898
27.3610000000044,9520
27.4080000000031,10708
27.4080000000031,10790
27.4080000000031,11332
27.4080000000031,10626
27.4080000000031,9850
27.4080000000031,8710
27.4080000000031,8782
27.4080000000031,9152
27.4080000000031,9938
27.4080000000031,10368
27.4550000000017,9358
27.4550000000017,8428
27.4550000000017,8006
27.4550000000017,9516
27.4550000000017,10656
27.4550000000017,10774
27.4550000000017,11314
27.4550000000017,10716
27.4550000000017,9938
27.5030000000042,8212
27.5030000000042,8520
27.5030000000042,9156
27.5030000000042,9968
27.5030000000042,10342
27.5030000000042,9186
27.5030000000042,8120
27.5030000000042,8084
27.5030000000042,9458
27.5030000000042,10608
27.5500000000029,10772
27.5500000000029,11286
27.5500000000029,10774
27.5500000000029,9992
27.5500000000029,8054
27.5500000000029,8078
27.5500000000029,9162
27.5500000000029,10024
27.5500000000029,10378
27.5970000000016,9362
27.5970000000016,8258
27.5970000000016,7940
27.5970000000016,9496
27.5970000000016,10690
27.5970000000016,10780
27.5970000000016,11328
27.5970000000016,10676
27.5970000000016,9900
27.6440000000002,8216
27.6440000000002,7888
27.6440000000002,9182
27.6440000000002,10070
27.6440000000002,10358
27.6440000000002,9568
27.6440000000002,8582
27.6440000000002,8146
27.6440000000002,9460
27.6920000000027,10624
27.6920000000027,10772
27.6920000000027,11308
27.6920000000027,10754
27.6920000000027,9956
27.6920000000027,8068
27.6920000000027,8352
27.6920000000027,9158
27.6920000000027,10038
27.6920000000027,10210
27.7390000000014,9670
27.7390000000014,8828
27.7390000000014,8172
27.7390000000014,9450
27.7390000000014,10578
27.7390000000014,10774
27.7390000000014,11236
27.7390000000014,10816
27.7390000000014,10040
27.7860000000001,8116
27.7860000000001,7888
27.7860000000001,9162
27.7860000000001,10046
27.7860000000001,10400
27.7860000000001,9486
27.7860000000001,8412
27.7860000000001,8048
27.7860000000001,9474
27.8329999999987,10414
27.8329999999987,10754
27.8329999999987,11098
27.8329999999987,10830
27.8329999999987,10044
27.8329999999987,8166
27.8329999999987,7884
27.8329999999987,9172
27.8329999999987,10066
27.8799999999974,10368
27.8799999999974,9526
27.8799999999974,8516
27.8799999999974,8098
27.8799999999974,9480
27.8799999999974,10630
27.8799999999974,10772
27.8799999999974,11312
27.8799999999974,10738
27.8799999999974,9948
27.9279999999999,8106
27.9279999999999,8362
27.9279999999999,9188
27.9279999999999,10056
27.9279999999999,10236
27.9279999999999,9674
27.9279999999999,8864
27.9279999999999,8142
27.9279999999999,9440
27.9279999999999,10564
27.9749999999985,10748
27.9749999999985,11262
27.9749999999985,10762
27.9749999999985,9978
27.9749999999985,8022
27.9749999999985,8166
27.9749999999985,9142
27.9749999999985,10000
28.0220000000045,10362
28.0220000000045,9312
28.0220000000045,8196
28.0220000000045,8224
28.0220000000045,9466
28.0220000000045,10536
28.0220000000045,10752
28.0220000000045,11246
28.0220000000045,10752
28.0220000000045,9958
28.0699999999997,8016
28.0699999999997,8254
28.0699999999997,9120
28.0699999999997,9988
28.0699999999997,10358
28.0699999999997,9260
28.0699999999997,8160
28.0699999999997,7858
28.0699999999997,9490
28.1160000000018,10564
28.1160000000018,10754
28.1160000000018,11270
28.1160000000018,10754
28.1160000000018,9972
28.1160000000018,8012
28.1160000000018,8222
28.1160000000018,9140
28.1160000000018,10028
28.1160000000018,10414
28.1640000000043,9402
28.1640000000043,8274
28.1640000000043,7946
28.1640000000043,9464
28.1640000000043,10680
28.1640000000043,10768
28.1640000000043,11302
28.1640000000043,10610
28.1640000000043,9840
28.211000000003,8696
28.211000000003,7858
28.211000000003,9132
28.211000000003,10054
28.211000000003,10408
28.211000000003,9520
28.211000000003,8428
28.211000000003,8032
28.211000000003,9486
28.2580000000016,10656
28.2580000000016,10794
28.2580000000016,11328
28.2580000000016,10762
28.2580000000016,9988
28.2580000000016,8044
28.2580000000016,8212
28.2580000000016,9218
28.2580000000016,10028
28.3060000000041,10132
28.3060000000041,9676
28.3060000000041,8844
28.3060000000041,8126
28.3060000000041,9470
28.3060000000041,10574
28.3060000000041,10780
28.3060000000041,11242
28.3060000000041,10852
28.3060000000041,10060
28.3530000000028,8182
28.3530000000028,7924
28.3530000000028,9156
28.3530000000028,10030
28.3530000000028,10348
28.3530000000028,9454
28.3530000000028,8340
28.3530000000028,7996
28.3530000000028,9656
28.4000000000015,10430
28.4000000000015,10810
28.4000000000015,11052
28.4000000000015,10846
28.4000000000015,10080
28.4000000000015,8290
28.4000000000015,7950
28.4000000000015,9188
28.4000000000015,10060
28.4470000000001,10264
28.4470000000001,9592
28.4470000000001,8606
28.4470000000001,8160
28.4470000000001,9484
28.4470000000001,10618
28.4470000000001,10804
28.4470000000001,11298
28.4470000000001,10826
28.4939999999988,10030
28.4939999999988,8110
28.4939999999988,8062
28.4939999999988,9244
28.4939999999988,10102
28.4939999999988,9844
28.4939999999988,9804
28.4939999999988,9060
28.4939999999988,8550
28.4939999999988,9660
28.5420000000013,10436
28.5420000000013,10798
28.5420000000013,11106
28.5420000000013,10860
28.5420000000013,10082
28.5420000000013,8304
28.5420000000013,7924
28.5420000000013,9166
28.5420000000013,10066
28.5900000000038,9700
28.5900000000038,9956
28.5900000000038,9214
28.5900000000038,8614
28.5900000000038,9402
28.5900000000038,10132
28.5900000000038,10790
28.5900000000038,10856
28.5900000000038,10752
28.5900000000038,10066
28.6359999999986,8362
28.6359999999986,7940
28.6359999999986,9166
28.6359999999986,10060
28.6359999999986,10192
28.6359999999986,9716
28.6359999999986,8858
28.6359999999986,8156
28.6359999999986,9496
28.6840000000011,9952
28.6840000000011,10804
28.6840000000011,10816
28.6840000000011,11024
28.6840000000011,9922
28.6840000000011,8560
28.6840000000011,8068
28.6840000000011,9214
28.6840000000011,10132
28.7309999999998,9820
28.7309999999998,9850
28.7309999999998,9084
28.7309999999998,8624
28.7309999999998,9532
28.7309999999998,10362
28.7309999999998,10794
28.7309999999998,11044
28.7309999999998,10836
28.7309999999998,10086
28.7790000000023,8336
28.7790000000023,7930
28.7790000000023,9266
28.7790000000023,10204
28.7790000000023,9746
28.7790000000023,10010
28.7790000000023,9294
28.7790000000023,8572
28.7790000000023,9296
28.8260000000009,9932
28.8260000000009,10808
28.8260000000009,10814
28.8260000000009,10990
28.8260000000009,9942
28.8260000000009,8542
28.8260000000009,8048
28.8260000000009,9218
28.8260000000009,10116
28.8740000000034,9818
28.8740000000034,9844
28.8740000000034,9368
28.8740000000034,8464
28.8740000000034,9104
28.8740000000034,9824
28.8740000000034,10798
28.8740000000034,10856
28.8740000000034,11352
28.9210000000021,9938
28.9210000000021,8946
28.9210000000021,8314
28.9210000000021,9280
28.9210000000021,10182
28.9210000000021,9736
28.9210000000021,10044
28.9210000000021,9306
28.9210000000021,8546
28.9210000000021,9248
28.9680000000008,9870
28.9680000000008,10692
28.9680000000008,10846
28.9680000000008,11354
28.9680000000008,10260
28.9680000000008,9486
28.9680000000008,8878
28.9680000000008,9352
28.9680000000008,10008
29.0149999999994,9834
29.0149999999994,10472
29.0149999999994,9480
29.0149999999994,7704
29.0149999999994,8768
29.0149999999994,9702
29.0149999999994,10722
29.0149999999994,10846
29.0149999999994,11334
29.0619999999981,10230
29.0619999999981,9474
29.0619999999981,8814
29.0619999999981,9382
29.0619999999981,9520
29.0619999999981,9906
29.0619999999981,10440
29.0619999999981,9604
29.0619999999981,7790
29.0619999999981,7772
29.1100000000006,9520
29.1100000000006,10872
29.1100000000006,10774
29.1100000000006,11302
29.1100000000006,10342
29.1100000000006,9584
29.1100000000006,8868
29.1100000000006,9168
29.1100000000006,9928
29.1569999999992,9846
29.1569999999992,10508
29.1569999999992,9530
29.1569999999992,7940
29.1569999999992,7740
29.1569999999992,9486
29.1569999999992,10814
29.1569999999992,10772
29.1569999999992,11324
29.1569999999992,10462
29.2039999999979,9742
29.2039999999979,8840
29.2039999999979,9064
29.2039999999979,9732
29.2039999999979,9864
29.2039999999979,10476
29.2039999999979,9578
29.2039999999979,7668
29.2039999999979,8134
29.2510000000038,9474
29.2510000000038,10764
29.2510000000038,10768
29.2510000000038,11328
29.2510000000038,10538
29.2510000000038,9830
29.2510000000038,8804
29.2510000000038,8926
29.2510000000038,9340
29.2989999999991,9896
29.2989999999991,10420
29.2989999999991,9574
29.2989999999991,7798
29.2989999999991,7762
29.2989999999991,9522
29.2989999999991,10880
29.2989999999991,10784
29.2989999999991,11308
29.3450000000012,10614
29.3450000000012,9838
29.3450000000012,8704
29.3450000000012,8782
29.3450000000012,9132
29.3450000000012,9932
29.3450000000012,10388
29.3450000000012,9378
29.3450000000012,7940
29.3450000000012,7736
29.3930000000037,9480
29.3930000000037,10820
29.3930000000037,10774
29.3930000000037,11322
29.3930000000037,10424
29.3930000000037,9692
29.3930000000037,8844
29.3930000000037,9076
29.3930000000037,9130
29.4400000000023,9952
29.4400000000023,10374
29.4400000000023,9212
29.4400000000023,8038
29.4400000000023,7772
29.4400000000023,9484
29.4400000000023,10788
29.4400000000023,10772
29.4400000000023,11334
29.487000000001,10528
29.487000000001,9844
29.487000000001,8822
29.487000000001,8956
29.487000000001,9368
29.487000000001,10020
29.487000000001,10400
29.487000000001,9366
29.487000000001,8212
29.5339999999997,7930
29.5339999999997,9476
29.5339999999997,10706
29.5339999999997,10790
29.5339999999997,11334
29.5339999999997,10692
29.5339999999997,9920
29.5339999999997,8310
29.5339999999997,8602
29.5339999999997,9162
29.5820000000022,9994
29.5820000000022,10368
29.5820000000022,9222
29.5820000000022,8706
29.5820000000022,8114
29.5820000000022,9412
29.5820000000022,10594
29.5820000000022,10798
29.5820000000022,11262
29.6290000000008,10840
29.6290000000008,10046
29.6290000000008,8152
29.6290000000008,7894
29.6290000000008,9156
29.6290000000008,10090
29.6290000000008,10400
29.6290000000008,9562
29.6290000000008,8546
29.6290000000008,8080
29.6759999999995,9458
29.6759999999995,10626
29.6759999999995,10784
29.6759999999995,11302
29.6759999999995,10742
29.6759999999995,10082
29.6759999999995,8388
29.6759999999995,7924
29.6759999999995,9158
29.7229999999981,10066
29.7229999999981,10200
29.7229999999981,9674
29.7229999999981,8832
29.7229999999981,8186
29.7229999999981,9402
29.7229999999981,10562
29.7229999999981,10772
29.7229999999981,11276
29.7700000000041,10784
29.7700000000041,9992
29.7700000000041,8052
29.7700000000041,7976
29.7700000000041,9148
29.7700000000041,10066
29.7700000000041,9972
29.7700000000041,9774
29.7700000000041,9044
29.8170000000027,8452
29.8170000000027,9572
29.8170000000027,10444
29.8170000000027,10762
29.8170000000027,11184
29.8170000000027,10824
29.8170000000027,10024
29.8170000000027,8136
29.8170000000027,7872
29.8170000000027,9132
29.864999999998,10044
29.864999999998,10378
29.864999999998,9466
29.864999999998,8372
29.864999999998,7988
29.864999999998,9460
29.864999999998,10394
29.864999999998,10790
29.864999999998,11066
29.9120000000039,10834
29.9120000000039,10064
29.9120000000039,8260
29.9120000000039,7920
29.9120000000039,9156
29.9120000000039,10064
29.9120000000039,10296
29.9120000000039,9566
29.9120000000039,8582
29.9590000000026,8044
29.9590000000026,9450
29.9590000000026,10594
29.9590000000026,10758
29.9590000000026,11272
29.9590000000026,10696
29.9590000000026,9912
29.9590000000026,8202
29.9590000000026,8542
29.9590000000026,9152
30.0069999999978,10054
30.0069999999978,10280
30.0069999999978,9558
30.0069999999978,8560
30.0069999999978,8048
30.0069999999978,9458
30.0069999999978,10594
30.0069999999978,10758
30.0069999999978,11282
30.0540000000037,10712
30.0540000000037,9928
30.0540000000037,8124
30.0540000000037,8464
30.0540000000037,9146
30.0540000000037,9974
30.0540000000037,10256
30.0540000000037,9638
30.0540000000037,8740
30.0540000000037,8140
30.1010000000024,9428
30.1010000000024,10568
30.1010000000024,10790
30.1010000000024,11240
30.1010000000024,10816
30.1010000000024,10014
30.1010000000024,8114
30.1010000000024,7908
30.148000000001,9176
30.148000000001,10090
30.148000000001,10414
30.148000000001,9542
30.148000000001,8494
30.148000000001,8146
30.148000000001,9566
30.148000000001,10306
30.148000000001,10830
30.148000000001,10922
30.1960000000036,10824
30.1960000000036,10074
30.1960000000036,8524
30.1960000000036,8022
30.1960000000036,9208
30.1960000000036,10096
30.1960000000036,9928
30.1960000000036,9834
30.1960000000036,9090
30.2430000000022,8602
30.2430000000022,9644
30.2430000000022,10408
30.2430000000022,10788
30.2430000000022,11128
30.2430000000022,10850
30.2430000000022,10074
30.2430000000022,8260
30.2430000000022,8196
30.2430000000022,9250
30.2909999999974,10264
30.2909999999974,9726
30.2909999999974,9952
30.2909999999974,9192
30.2909999999974,8642
30.2909999999974,9420
30.2909999999974,10214
30.2909999999974,10790
30.2909999999974,10926
30.3369999999995,10816
30.3369999999995,10054
30.3369999999995,8258
30.3369999999995,7910
30.3369999999995,9176
30.3369999999995,10090
30.3369999999995,10328
30.3369999999995,9648
30.3369999999995,9192
30.3859999999986,8628
30.3859999999986,9434
30.3859999999986,10188
30.3859999999986,10798
30.3859999999986,10870
30.3859999999986,10758
30.3859999999986,10066
30.3859999999986,8376
30.3859999999986,7960
30.3859999999986,9202
30.4329999999973,10076
30.4329999999973,10192
30.4329999999973,9712
30.4329999999973,8922
30.4329999999973,8218
30.4329999999973,9484
30.4329999999973,10542
30.4329999999973,10814
30.4329999999973,11216
30.4800000000032,10860
30.4800000000032,10070
30.4800000000032,8696
30.4800000000032,8166
30.4800000000032,9264
30.4800000000032,10220
30.4800000000032,9710
30.4800000000032,9864
30.4800000000032,9120
30.5270000000019,8674
30.5270000000019,9588
30.5270000000019,10362
30.5270000000019,10780
30.5270000000019,11112
30.5270000000019,10816
30.5270000000019,10030
30.5270000000019,8150
30.5270000000019,7864
30.5750000000044,9152
30.5750000000044,10050
30.5750000000044,10398
30.5750000000044,9494
30.5750000000044,9120
30.5750000000044,8684
30.5750000000044,9620
30.5750000000044,10384
30.5750000000044,10804
30.5750000000044,11092
30.622000000003,10840
30.622000000003,10070
30.622000000003,8252
30.622000000003,7904
30.622000000003,9168
30.622000000003,10090
30.622000000003,10332
30.622000000003,9640
30.622000000003,8746
30.6690000000017,8156
30.6690000000017,9458
30.6690000000017,10580
30.6690000000017,10780
30.6690000000017,11278
30.6690000000017,10780
30.6690000000017,10074
30.6690000000017,8474
30.6690000000017,8012
30.6690000000017,9214
30.7170000000042,10064
30.7170000000042,10060
30.7170000000042,9772
30.7170000000042,9050
30.7170000000042,8376
30.7170000000042,9538
30.7170000000042,10466
30.7170000000042,10788
30.7170000000042,11174
30.7640000000029,10814
30.7640000000029,10028
30.7640000000029,8134
30.7640000000029,7894
30.7640000000029,9162
30.7640000000029,10164
30.7640000000029,9810
30.7640000000029,9864
30.7640000000029,9120
30.8110000000015,8668
30.8110000000015,9620
30.8110000000015,10358
30.8110000000015,10800
30.8110000000015,11066
30.8110000000015,10834
30.8110000000015,10066
30.8110000000015,8254
30.8110000000015,7930
30.8110000000015,9182
30.8580000000002,10090
30.8580000000002,10332
30.8580000000002,9614
30.8580000000002,8696
30.8580000000002,8146
30.8580000000002,9464
30.8580000000002,10214
30.8580000000002,10814
30.8580000000002,10876
30.9060000000027,10768
30.9060000000027,10074
30.9060000000027,8454
30.9060000000027,8012
30.9060000000027,9224
30.9060000000027,10074
30.9060000000027,10056
30.9060000000027,9778
30.9060000000027,9058
30.9530000000013,8406
30.9530000000013,9538
30.9530000000013,10490
30.9530000000013,10790
30.9530000000013,11158
30.9530000000013,10830
30.9530000000013,10046
30.9530000000013,8172
30.9530000000013,8110
31,9244
31,10192
31,9772
31,9860
31,9122
31,8680
31,9612
31,10398
31,10784
31,11108
31.0469999999987,10836
31.0469999999987,10050
31.0469999999987,8176
31.0469999999987,7880
31.0469999999987,9162
31.0469999999987,10076
31.0469999999987,10390
31.0469999999987,9538
31.0469999999987,8520
31.0950000000012,8684
31.0950000000012,9582
31.0950000000012,10352
31.0950000000012,10804
31.0950000000012,10984
31.0950000000012,10836
31.0950000000012,10082
31.0950000000012,8316
31.0950000000012,7962
31.1419999999998,9192
31.1419999999998,10076
31.1419999999998,10270
31.1419999999998,9650
31.1419999999998,8824
31.1419999999998,8110
31.1419999999998,9454
31.1419999999998,10578
31.1419999999998,10784
31.1900000000023,11246
31.1900000000023,10762
31.1900000000023,9964
31.1900000000023,8032
31.1900000000023,7980
31.1900000000023,9192
31.1900000000023,10038
31.1900000000023,10154
31.1900000000023,9722
31.1900000000023,8968
31.237000000001,8224
31.237000000001,9466
31.237000000001,10518
31.237000000001,10774
31.237000000001,11230
31.237000000001,10772
31.237000000001,9972
31.237000000001,8034
31.237000000001,8094
31.237000000001,9146
31.2850000000035,10024
31.2850000000035,10126
31.2850000000035,9738
31.2850000000035,8994
31.2850000000035,8290
31.2850000000035,9470
31.2850000000035,10512
31.2850000000035,10780
31.2850000000035,11216
31.3320000000022,10804
31.3320000000022,10004
31.3320000000022,8078
31.3320000000022,7952
31.3320000000022,9156
31.3320000000022,10050
31.3320000000022,10430
31.3320000000022,9438
31.3320000000022,8288
31.3799999999974,7998
31.3799999999974,9500
31.3799999999974,10470
31.3799999999974,10816
31.3799999999974,11134
31.3799999999974,10862
31.3799999999974,10080
31.3799999999974,8258
31.3799999999974,7908
31.4270000000033,9182
31.4270000000033,10092
31.4270000000033,10346
31.4270000000033,9670
31.4270000000033,8808
31.4270000000033,8208
31.4270000000033,9440
31.4270000000033,10594
31.4270000000033,10808
31.4270000000033,11256
31.474000000002,10830
31.474000000002,10030
31.474000000002,8140
31.474000000002,7910
31.474000000002,9258
31.474000000002,10178
31.474000000002,9828
31.474000000002,9876
31.474000000002,9162
31.5210000000006,8696
31.5210000000006,9612
31.5210000000006,10394
31.5210000000006,10794
31.5210000000006,11040
31.5210000000006,10850
31.5210000000006,10076
31.5210000000006,8260
31.5210000000006,7936
31.5679999999993,9188
31.5679999999993,10086
31.5679999999993,10346
31.5679999999993,9598
31.5679999999993,8706
31.5679999999993,8180
31.5679999999993,9512
31.5679999999993,10286
31.5679999999993,10808
31.6160000000018,10906
31.6160000000018,10800
31.6160000000018,10082
31.6160000000018,8340
31.6160000000018,7956
31.6160000000018,9202
31.6160000000018,10082
31.6160000000018,10266
31.6160000000018,9680
31.6160000000018,8878
31.6630000000005,8188
31.6630000000005,9424
31.6630000000005,10568
31.6630000000005,10780
31.6630000000005,11252
31.6630000000005,10722
31.6630000000005,9938
31.6630000000005,8104
31.6630000000005,7944
31.6630000000005,9176
31.7099999999991,10066
31.7099999999991,10290
31.7099999999991,9594
31.7099999999991,8690
31.7099999999991,8182
31.7099999999991,9460
31.7099999999991,10610
31.7099999999991,10774
31.7580000000016,11276
31.7580000000016,10686
31.7580000000016,9912
31.7580000000016,8350
31.7580000000016,8664
31.7580000000016,9146
31.7580000000016,9958
31.7580000000016,10358
31.7580000000016,9526
31.7580000000016,8510
31.8050000000003,8140
31.8050000000003,9486
31.8050000000003,10634
31.8050000000003,10784
31.8050000000003,11278
31.8050000000003,10650
31.8050000000003,9896
31.8050000000003,8494
31.8050000000003,8710
31.8050000000003,9148
31.851999999999,9956
31.851999999999,10394
31.851999999999,9274
31.851999999999,8516
31.851999999999,8134
31.851999999999,9466
31.851999999999,10640
31.851999999999,10780
31.851999999999,11286
31.8989999999976,10646
31.8989999999976,9892
31.8989999999976,8540
31.8989999999976,8732
31.8989999999976,9178
31.8989999999976,9978
31.8989999999976,10394
31.8989999999976,9238
31.8989999999976,8038
31.9460000000036,7792
31.9460000000036,9538
31.9460000000036,10644
31.9460000000036,10808
31.9460000000036,11308
31.9460000000036,10744
31.9460000000036,9956
31.9460000000036,8084
31.9460000000036,8408
31.9939999999988,9168
31.9939999999988,10004
31.9939999999988,10388
31.9939999999988,9270
31.9939999999988,8192
31.9939999999988,7848
31.9939999999988,9506
31.9939999999988,10748
31.9939999999988,10780
32.0409999999974,11318
32.0409999999974,10538
32.0409999999974,9854
32.0409999999974,8828
32.0409999999974,8196
32.0409999999974,9166
32.0409999999974,10020
32.0409999999974,10400
32.0409999999974,9348
32.0409999999974,8232
32.0889999999999,7924
32.0889999999999,9512
32.0889999999999,10708
32.0889999999999,10798
32.0889999999999,11324
32.0889999999999,10600
32.0889999999999,9856
32.0889999999999,8760
32.0889999999999,8834
32.0889999999999,9186
32.1359999999986,10056
32.1359999999986,10408
32.1359999999986,9440
32.1359999999986,8360
32.1359999999986,8016
32.1359999999986,9496
32.1359999999986,10676
32.1359999999986,10804
32.1829999999973,11318
32.1829999999973,10672
32.1829999999973,9902
32.1829999999973,8516
32.1829999999973,8730
32.1829999999973,9166
32.1829999999973,9958
32.1829999999973,10374
32.1829999999973,9522
32.2300000000032,8490
32.2300000000032,8116
32.2300000000032,9484
32.2300000000032,10656
32.2300000000032,10810
32.2300000000032,11302
32.2300000000032,10708
32.2300000000032,9938
32.2300000000032,8232
32.2300000000032,8592
32.2779999999984,9182
32.2779999999984,10004
32.2779999999984,10400
32.2779999999984,9254
32.2779999999984,8142
32.2779999999984,8228
32.2779999999984,9440
32.2779999999984,10588
32.2779999999984,10800
32.2779999999984,11276
32.3250000000044,10772
32.3250000000044,9972
32.3250000000044,8026
32.3250000000044,8238
32.3250000000044,9140
32.3250000000044,10014
32.3250000000044,10400
32.3250000000044,9322
32.3250000000044,8206
32.372000000003,7890
32.372000000003,9480
32.372000000003,10558
32.372000000003,10780
32.372000000003,11250
32.372000000003,10758
32.372000000003,9968
32.372000000003,8018
32.372000000003,8300
32.4190000000017,9146
32.4190000000017,10014
32.4190000000017,10410
32.4190000000017,9320
32.4190000000017,8206
32.4190000000017,7894
32.4190000000017,9476
32.4190000000017,10726
32.4190000000017,10774
32.4670000000042,11318
32.4670000000042,10538
32.4670000000042,9854
32.4670000000042,8822
32.4670000000042,8216
32.4670000000042,9158
32.4670000000042,10020
32.4670000000042,10410
32.4670000000042,9356
32.4670000000042,8216
32.5140000000029,7914
32.5140000000029,9494
32.5140000000029,10726
32.5140000000029,10804
32.5140000000029,11332
32.5140000000029,10624
32.5140000000029,9866
32.5140000000029,8706
32.5140000000029,8804
32.5610000000015,9162
32.5610000000015,10066
32.5610000000015,10410
32.5610000000015,9480
32.5610000000015,8382
32.5610000000015,8068
32.5610000000015,9470
32.5610000000015,10670
32.5610000000015,10798
32.609000000004,11308
32.609000000004,10682
32.609000000004,9910
32.609000000004,8406
32.609000000004,8700
32.609000000004,9168
32.609000000004,9972
32.609000000004,10352
32.609000000004,9562
32.6560000000027,8576
32.6560000000027,8172
32.6560000000027,9484
32.6560000000027,10654
32.6560000000027,10816
32.6560000000027,11296
32.6560000000027,10780
32.6560000000027,9982
32.6560000000027,8044
32.6560000000027,8242
32.7030000000013,9168
32.7030000000013,10034
32.7030000000013,10410
32.7030000000013,9372
32.7030000000013,8232
32.7030000000013,7982
32.7030000000013,9510
32.7030000000013,10538
32.7030000000013,10808
32.75,11206
32.75,10826
32.75,10034
32.75,8134
32.75,7904
32.75,9172
32.75,10066
32.75,10420
32.75,9506
32.75,8434
32.7989999999991,8100
32.7989999999991,9480
32.7989999999991,10662
32.7989999999991,10788
32.7989999999991,11298
32.7989999999991,10650
32.7989999999991,9876
32.7989999999991,8586
32.7989999999991,7890
32.8450000000012,9162
32.8450000000012,10074
32.8450000000012,10408
32.8450000000012,9542
32.8450000000012,8520
32.8450000000012,8116
32.8450000000012,9490
32.8450000000012,10662
32.8450000000012,10808
32.8930000000037,11292
32.8930000000037,10706
32.8930000000037,9932
32.8930000000037,8228
32.8930000000037,8598
32.8930000000037,9172
32.8930000000037,10014
32.8930000000037,10322
32.8930000000037,9660
32.8930000000037,8760
32.9400000000023,8206
32.9400000000023,9458
32.9400000000023,10598
32.9400000000023,10784
32.9400000000023,11266
32.9400000000023,10728
32.9400000000023,9946
32.9400000000023,8104
32.9400000000023,8460
32.9890000000014,9168
32.9890000000014,10014
32.9890000000014,10398
32.9890000000014,9284
32.9890000000014,8160
32.9890000000014,7888
32.9890000000014,9434
32.9890000000014,10584
32.9890000000014,10784
33.0350000000035,11262
33.0350000000035,10738
33.0350000000035,9952
33.0350000000035,8100
33.0350000000035,8488
33.0350000000035,9152
33.0350000000035,10004
33.0350000000035,10390
33.0350000000035,9266
33.0350000000035,8146
33.0829999999987,7862
33.0829999999987,9520
33.0829999999987,10768
33.0829999999987,10800
33.0829999999987,11328
33.0829999999987,10532
33.0829999999987,9856
33.0829999999987,8026
33.0829999999987,8310
33.1299999999974,9146
33.1299999999974,10030
33.1299999999974,10420
33.1299999999974,9366
33.1299999999974,8222
33.1299999999974,7946
33.1299999999974,9474
33.1299999999974,10702
33.1299999999974,10772
33.1299999999974,11312
33.1779999999999,10532
33.1779999999999,9844
33.1779999999999,8818
33.1779999999999,8252
33.1779999999999,9146
33.1779999999999,10038
33.1779999999999,10418
33.1779999999999,9378
33.1779999999999,8238
33.2249999999985,7936
33.2249999999985,9480
33.2249999999985,10706
33.2249999999985,10784
33.2249999999985,11314
33.2249999999985,10568
33.2249999999985,9840
33.2249999999985,8802
33.2249999999985,8864
33.2720000000045,9330
33.2720000000045,10046
33.2720000000045,10436
33.2720000000045,9430
33.2720000000045,8294
33.2720000000045,7988
33.2720000000045,9494
33.2720000000045,10696
33.2720000000045,10808
33.3190000000031,11298
33.3190000000031,10650
33.3190000000031,9882
33.3190000000031,8592
33.3190000000031,8750
33.3190000000031,9166
33.3190000000031,9998
33.3190000000031,10434
33.3190000000031,9264
33.3190000000031,8058
33.3660000000018,8088
33.3660000000018,9480
33.3660000000018,10644
33.3660000000018,10794
33.3660000000018,11278
33.3660000000018,10690
33.3660000000018,9916
33.3660000000018,8324
33.3660000000018,8628
33.4130000000005,9146
33.4130000000005,9978
33.4130000000005,10398
33.4130000000005,9228
33.4130000000005,8038
33.4130000000005,7776
33.4130000000005,9470
33.4130000000005,10654
33.4130000000005,10788
33.461000000003,11292
33.461000000003,10706
33.461000000003,9932
33.461000000003,8294
33.461000000003,8624
33.461000000003,9168
33.461000000003,10000
33.461000000003,10404
33.461000000003,9212
33.5080000000016,8100
33.5080000000016,7834
33.5080000000016,9530
33.5080000000016,10804
33.5080000000016,10814
33.5080000000016,11348
33.5080000000016,10532
33.5080000000016,9860
33.5080000000016,8064
33.5080000000016,8378
33.5550000000003,9156
33.5550000000003,10010
33.5550000000003,10408
33.5550000000003,9320
33.5550000000003,8212
33.5550000000003,7900
33.5550000000003,9486
33.5550000000003,10742
33.5550000000003,10778
33.601999999999,11306
33.601999999999,10492
33.601999999999,9808
33.601999999999,8844
33.601999999999,9018
33.601999999999,9158
33.601999999999,9998
33.601999999999,10400
33.601999999999,9222
33.601999999999,8114
33.6489999999976,7806
33.6489999999976,9500
33.6489999999976,10780
33.6489999999976,10784
33.6489999999976,11318
33.6489999999976,10472
33.6489999999976,9762
33.6489999999976,8858
33.6960000000036,9068
33.6960000000036,9774
33.6960000000036,9896
33.6960000000036,10400
33.6960000000036,9208
33.6960000000036,8104
33.6960000000036,7818
33.6960000000036,9538
33.6960000000036,10794
33.6960000000036,10808
33.7430000000022,11334
33.7430000000022,10538
33.7430000000022,9874
33.7430000000022,8844
33.7430000000022,8972
33.7430000000022,9448
33.7430000000022,9892
33.7430000000022,10466
33.7430000000022,9638
33.7909999999974,8172
33.7909999999974,7880
33.7909999999974,9512
33.7909999999974,10758
33.7909999999974,10804
33.7909999999974,11338
33.7909999999974,10568
33.7909999999974,9860
33.7909999999974,8822
33.7909999999974,8906
33.8380000000034,9336
33.8380000000034,9958
33.8380000000034,10466
33.8380000000034,9574
33.8380000000034,7904
33.8380000000034,7786
33.8380000000034,9502
33.8380000000034,10690
33.8380000000034,10810
33.885000000002,11324
33.885000000002,10702
33.885000000002,9936
33.885000000002,8378
33.885000000002,8690
33.885000000002,9186
33.885000000002,10024
33.885000000002,10420
33.885000000002,9266
33.9320000000007,8162
33.9320000000007,7890
33.9320000000007,9520
33.9320000000007,10764
33.9320000000007,10814
33.9320000000007,11332
33.9320000000007,10564
33.9320000000007,9860
33.9320000000007,8814
33.9789999999994,8176
33.9789999999994,9172
33.9789999999994,10076
33.9789999999994,10462
33.9789999999994,9486
33.9789999999994,8350
33.9789999999994,8084
33.9789999999994,9512
33.9789999999994,10686
33.9789999999994,10814
34.025999999998,11308
34.025999999998,10676
34.025999999998,9906
34.025999999998,8480
34.025999999998,8714
34.025999999998,9172
34.025999999998,10100
34.025999999998,10408
34.025999999998,9598
34.025999999998,8622
34.0740000000005,8160
34.0740000000005,9458
34.0740000000005,10634
34.0740000000005,10774
34.0740000000005,11272
34.0740000000005,10670
34.0740000000005,9896
34.0740000000005,8500
34.1200000000026,8720
34.1200000000026,9156
34.1200000000026,9988
34.1200000000026,10430
34.1200000000026,9284
34.1200000000026,8044
34.1200000000026,8140
34.1200000000026,9444
34.1200000000026,10640
34.1679999999978,10772
34.1679999999978,11266
34.1679999999978,10598
34.1679999999978,9846
34.1679999999978,8736
34.1679999999978,8822
34.1679999999978,9194
34.1679999999978,9922
34.1679999999978,10430
34.1679999999978,9604
34.2150000000038,7798
34.2150000000038,7760
34.2150000000038,9558
34.2150000000038,10716
34.2150000000038,10784
34.2150000000038,11312
34.2150000000038,10552
34.2150000000038,9860
34.2150000000038,8822
34.2150000000038,8940
34.2620000000024,9424
34.2620000000024,9916
34.2620000000024,10466
34.2620000000024,9638
34.2620000000024,7756
34.2620000000024,7842
34.2620000000024,9556
34.2620000000024,10948
34.2620000000024,10788
34.3090000000011,11306
34.3090000000011,10224
34.3090000000011,9466
34.3090000000011,8832
34.3090000000011,9394
34.3090000000011,9624
34.3090000000011,9890
34.3090000000011,10480
34.3090000000011,9624
34.3559999999998,7674
34.3559999999998,8104
34.3559999999998,9604
34.3559999999998,10994
34.3559999999998,10798
34.3559999999998,11314
34.3559999999998,10214
34.3559999999998,9458
34.3559999999998,8802
34.4040000000023,9408
34.4040000000023,10056
34.4040000000023,9814
34.4040000000023,10192
34.4040000000023,9450
34.4040000000023,8172
34.4040000000023,8104
34.4040000000023,9614
34.4040000000023,10994
34.4040000000023,10814
34.4510000000009,11324
34.4510000000009,10254
34.4510000000009,9510
34.4510000000009,8922
34.4510000000009,9366
34.4510000000009,10046
34.4510000000009,9850
34.4510000000009,10418
34.4510000000009,9484
34.4979999999996,7798
34.4979999999996,8834
34.4979999999996,9726
34.4979999999996,10656
34.4979999999996,10836
34.4979999999996,11322
34.4979999999996,10374
34.4979999999996,9630
34.4979999999996,8904
34.5449999999983,9188
34.5449999999983,9948
34.5449999999983,9876
34.5449999999983,10526
34.5449999999983,9556
34.5449999999983,7680
34.5449999999983,8696
34.5449999999983,9684
34.5449999999983,10834
34.5930000000008,10834
34.5930000000008,11332
34.5930000000008,10198
34.5930000000008,9428
34.5930000000008,8782
34.5930000000008,9460
34.5930000000008,9758
34.5930000000008,9912
34.5930000000008,10496
34.5930000000008,9630
34.6390000000029,7672
34.6390000000029,8062
34.6390000000029,9620
34.6390000000029,11006
34.6390000000029,10816
34.6390000000029,11324
34.6390000000029,10250
34.6390000000029,9506
34.6390000000029,8920
34.6869999999981,9378
34.6869999999981,10028
34.6869999999981,9818
34.6869999999981,10234
34.6869999999981,9430
34.6869999999981,7658
34.6869999999981,8048
34.6869999999981,9630
34.6869999999981,10994
34.6869999999981,10826
34.734000000004,11344
34.734000000004,10306
34.734000000004,9562
34.734000000004,8922
34.734000000004,9302
34.734000000004,9998
34.734000000004,9828
34.734000000004,10414
34.7810000000027,9454
34.7810000000027,7828
34.7810000000027,8870
34.7810000000027,9588
34.7810000000027,10928
34.7810000000027,10790
34.7810000000027,11302
34.7810000000027,10264
34.7810000000027,9526
34.7810000000027,8904
34.8280000000013,9316
34.8280000000013,10024
34.8280000000013,9828
34.8280000000013,10348
34.8280000000013,9458
34.8280000000013,7920
34.8280000000013,8870
34.8280000000013,9728
34.8280000000013,10738
34.8760000000038,10798
34.8760000000038,11282
34.8760000000038,9870
34.8760000000038,8860
34.8760000000038,8792
34.8760000000038,9408
34.8760000000038,10090
34.8760000000038,9846
34.8760000000038,10240
34.8760000000038,9464
34.9230000000025,8064
34.9230000000025,8916
34.9230000000025,9768
34.9230000000025,10764
34.9230000000025,10834
34.9230000000025,11308
34.9230000000025,10000
34.9230000000025,9086
34.9230000000025,8428
34.9700000000012,9290
34.9700000000012,10182
34.9700000000012,9814
34.9700000000012,10050
34.9700000000012,9320
34.9700000000012,7730
34.9700000000012,8804
34.9700000000012,9706
34.9700000000012,10644
35.0169999999998,10814
35.0169999999998,11296
35.0169999999998,10046
35.0169999999998,9182
35.0169999999998,8458
35.0169999999998,9238
35.0169999999998,10164
35.0169999999998,9830
35.0169999999998,10090
35.0639999999985,9378
35.0639999999985,8504
35.0639999999985,9166
35.0639999999985,9792
35.0639999999985,10784
35.0639999999985,10794
35.0639999999985,11278
35.0639999999985,10004
35.0639999999985,9122
35.0639999999985,8396
35.112000000001,9254
35.112000000001,10198
35.112000000001,9850
35.112000000001,10096
35.112000000001,9372
35.112000000001,8510
35.112000000001,9192
35.112000000001,9804
35.112000000001,10780
35.1589999999997,10808
35.1589999999997,11132
35.1589999999997,9928
35.1589999999997,8602
35.1589999999997,8100
35.1589999999997,9248
35.1589999999997,10146
35.1589999999997,9828
35.1589999999997,10082
35.2059999999983,9388
35.2059999999983,8444
35.2059999999983,9148
35.2059999999983,9840
35.2059999999983,10808
35.2059999999983,10844
35.2059999999983,11334
35.2059999999983,9860
35.2059999999983,8848
35.2059999999983,8244
35.2530000000042,9276
35.2530000000042,10264
35.2530000000042,9752
35.2530000000042,9968
35.2530000000042,9230
35.2530000000042,8628
35.2530000000042,8998
35.2530000000042,9778
35.2530000000042,10764
35.3000000000029,10804
35.3000000000029,11296
35.3000000000029,9846
35.3000000000029,8828
35.3000000000029,8228
35.3000000000029,9260
35.3000000000029,10276
35.3000000000029,9752
35.3000000000029,9948
35.3000000000029,9218
35.3470000000016,8638
35.3470000000016,9486
35.3470000000016,9782
35.3470000000016,10768
35.3470000000016,10804
35.3470000000016,11314
35.3470000000016,9844
35.3470000000016,8824
35.3950000000041,8248
35.3950000000041,9270
35.3950000000041,10266
35.3950000000041,9732
35.3950000000041,9928
35.3950000000041,9198
35.3950000000041,8644
35.3950000000041,9500
35.3950000000041,10326
35.3950000000041,10788
35.4409999999989,11040
35.4409999999989,10808
35.4409999999989,10060
35.4409999999989,8206
35.4409999999989,7898
35.4409999999989,9254
35.4409999999989,10184
35.4409999999989,9758
35.4409999999989,9886
35.4890000000014,9148
35.4890000000014,8664
35.4890000000014,9592
35.4890000000014,10394
35.4890000000014,10798
35.4890000000014,11092
35.4890000000014,10830
35.4890000000014,10080
35.4890000000014,8242
35.4890000000014,7908
35.5360000000001,9172
35.5360000000001,10092
35.5360000000001,10358
35.5360000000001,9604
35.5360000000001,8670
35.5360000000001,8658
35.5360000000001,9490
35.5360000000001,10306
35.5360000000001,10794
35.5840000000026,11024
35.5840000000026,10816
35.5840000000026,10080
35.5840000000026,8270
35.5840000000026,7940
35.5840000000026,9176
35.5840000000026,10082
35.5840000000026,10326
35.5840000000026,9602
35.6310000000012,8694
35.6310000000012,8176
35.6310000000012,9470
35.6310000000012,10604
35.6310000000012,10772
35.6310000000012,11276
35.6310000000012,10680
35.6310000000012,9922
35.6310000000012,8260
35.6790000000037,7930
35.6790000000037,9162
35.6790000000037,10056
35.6790000000037,10332
35.6790000000037,9522
35.6790000000037,8546
35.6790000000037,8100
35.6790000000037,9506
35.6790000000037,10644
35.6790000000037,10804
35.7260000000024,11308
35.7260000000024,10716
35.7260000000024,9946
35.7260000000024,8130
35.7260000000024,8526
35.7260000000024,9194
35.7260000000024,10090
35.7260000000024,10272
35.7260000000024,9666
35.773000000001,8844
35.773000000001,8146
35.773000000001,9448
35.773000000001,10564
35.773000000001,10774
35.773000000001,11276
35.773000000001,10718
35.773000000001,9946
35.773000000001,8058
35.8199999999997,8454
35.8199999999997,9156
35.8199999999997,9998
35.8199999999997,10374
35.8199999999997,9208
35.8199999999997,8766
35.8199999999997,8140
35.8199999999997,9464
35.8199999999997,10590
35.8199999999997,10768
35.8669999999984,11278
35.8669999999984,10690
35.8669999999984,9928
35.8669999999984,8208
35.8669999999984,8648
35.8669999999984,9142
35.8669999999984,9984
35.8669999999984,10404
35.8669999999984,9204
35.9140000000043,8078
35.9140000000043,7782
35.9140000000043,9474
35.9140000000043,10620
35.9140000000043,10778
35.9140000000043,11292
35.9140000000043,10680
35.9140000000043,9922
35.9140000000043,8242
35.9140000000043,8650
35.9619999999995,9152
35.9619999999995,9992
35.9619999999995,10400
35.9619999999995,9204
35.9619999999995,8104
35.9619999999995,7798
35.9619999999995,9500
35.9619999999995,10768
35.9619999999995,10762
36.0089999999982,11302
36.0089999999982,10426
36.0089999999982,9722
36.0089999999982,8350
36.0089999999982,8716
36.0089999999982,9136
36.0089999999982,9952
36.0089999999982,10400
36.0089999999982,9274
36.0560000000041,7982
36.0560000000041,7736
36.0560000000041,9536
36.0560000000041,10834
36.0560000000041,10794
36.0560000000041,11312
36.0560000000041,10414
36.0560000000041,9706
36.0560000000041,8864
36.1030000000028,9110
36.1030000000028,9148
36.1030000000028,9964
36.1030000000028,10408
36.1030000000028,9264
36.1030000000028,8016
36.1030000000028,7736
36.1030000000028,9552
36.1030000000028,10826
36.1030000000028,10794
36.1500000000015,11312
36.1500000000015,10440
36.1500000000015,9752
36.1500000000015,8868
36.1500000000015,9086
36.1500000000015,9820
36.1500000000015,9902
36.1500000000015,10400
36.1500000000015,9212
36.1970000000001,8116
36.1970000000001,7796
36.1970000000001,9522
36.1970000000001,10780
36.1970000000001,10778
36.1970000000001,11308
36.1970000000001,10476
36.1970000000001,9810
36.1970000000001,8858
36.2439999999988,9038
36.2439999999988,9732
36.2439999999988,9922
36.2439999999988,10492
36.2439999999988,9648
36.2439999999988,8192
36.2439999999988,7872
36.2439999999988,9542
36.2439999999988,10752
36.2920000000013,10810
36.2920000000013,11334
36.2920000000013,10600
36.2920000000013,9866
36.2920000000013,8760
36.2920000000013,8870
36.2920000000013,9176
36.2920000000013,9964
36.2920000000013,10444
36.2920000000013,9404
36.3380000000034,7936
36.3380000000034,7744
36.3380000000034,9466
36.3380000000034,10610
36.3380000000034,10768
36.3380000000034,11292
36.3380000000034,10702
36.3380000000034,9946
36.3380000000034,8070
36.3859999999986,8428
36.3859999999986,9148
36.3859999999986,9992
36.3859999999986,10364
36.3859999999986,9302
36.3859999999986,8202
36.3859999999986,7940
36.3859999999986,9500
36.3859999999986,10680
36.3859999999986,10780
36.4329999999973,11252
36.4329999999973,10810
36.4329999999973,10040
36.4329999999973,8172
36.4329999999973,7914
36.4329999999973,9158
36.4329999999973,10064
36.4329999999973,10358
36.4800000000032,9574
36.4800000000032,8644
36.4800000000032,8186
36.4800000000032,9460
36.4800000000032,10590
36.4800000000032,10774
36.4800000000032,11272
36.4800000000032,10738
36.4800000000032,9972
36.4800000000032,8052
36.5270000000019,8140
36.5270000000019,9222
36.5270000000019,10034
36.5270000000019,10028
36.5270000000019,9784
36.5270000000019,9094
36.5270000000019,8496
36.5270000000019,9598
36.5270000000019,10456
36.5740000000005,10774
36.5740000000005,11138
36.5740000000005,10804
36.5740000000005,10054
36.5740000000005,8234
36.5740000000005,7936
36.5740000000005,9158
36.5740000000005,10070
36.5740000000005,10312
36.5740000000005,9584
36.622000000003,8716
36.622000000003,8162
36.622000000003,9434
36.622000000003,10236
36.622000000003,10752
36.622000000003,10988
36.622000000003,10778
36.622000000003,10060
36.622000000003,8288
36.6690000000017,7946
36.6690000000017,9166
36.6690000000017,10056
36.6690000000017,10276
36.6690000000017,9634
36.6690000000017,8802
36.6690000000017,8182
36.6690000000017,9398
36.6690000000017,10558
36.7160000000003,10772
36.7160000000003,11262
36.7160000000003,10772
36.7160000000003,10000
36.7160000000003,8094
36.7160000000003,7972
36.7160000000003,9224
36.7160000000003,10096
36.7160000000003,9880
36.762999999999,9818
36.762999999999,9110
36.762999999999,8632
36.762999999999,9614
36.762999999999,10398
36.762999999999,10762
36.762999999999,11132
36.762999999999,10790
36.762999999999,10040
36.762999999999,8202
36.8110000000015,7884
36.8110000000015,9148
36.8110000000015,10050
36.8110000000015,10336
36.8110000000015,9566
36.8110000000015,8634
36.8110000000015,8654
36.8110000000015,9480
36.8110000000015,10264
36.8110000000015,10774
36.8580000000002,10938
36.8580000000002,10708
36.8580000000002,10074
36.8580000000002,8414
36.8580000000002,7982
36.8580000000002,9198
36.8580000000002,10034
36.8580000000002,10090
36.9049999999988,9738
36.9049999999988,9034
36.9049999999988,8356
36.9049999999988,9500
36.9049999999988,10470
36.9049999999988,10758
36.9049999999988,11214
36.9049999999988,10780
36.9049999999988,9870
36.9519999999975,8612
36.9519999999975,8110
36.9519999999975,9240
36.9519999999975,10198
36.9519999999975,9720
36.9519999999975,9870
36.9519999999975,9148
36.9519999999975,8664
36.9519999999975,9546
36.9519999999975,10292
36.9990000000034,10804
36.9990000000034,10856
36.9990000000034,10926
36.9990000000034,9982
36.9990000000034,8576
36.9990000000034,8106
36.9990000000034,9280
36.9990000000034,10126
36.9990000000034,9808
37.0460000000021,10092
37.0460000000021,9430
37.0460000000021,8296
37.0460000000021,9018
37.0460000000021,9768
37.0460000000021,10732
37.0460000000021,10780
37.0460000000021,11276
37.0460000000021,9886
37.0460000000021,8926
37.0939999999973,8304
37.0939999999973,9280
37.0939999999973,10182
37.0939999999973,9758
37.0939999999973,10020
37.0939999999973,9470
37.0939999999973,7786
37.0939999999973,8844
37.1410000000033,9736
37.1410000000033,10680
37.1410000000033,10836
37.1410000000033,11306
37.1410000000033,10164
37.1410000000033,9412
37.1410000000033,8802
37.1410000000033,9418
37.1410000000033,10014
37.1410000000033,9784
37.1880000000019,10192
37.1880000000019,9420
37.1880000000019,8034
37.1880000000019,8956
37.1880000000019,9582
37.1880000000019,10928
37.1880000000019,10778
37.1880000000019,11286
37.1880000000019,10236
37.1880000000019,9506
37.2350000000006,8894
37.2350000000006,9290
37.2350000000006,9962
37.2350000000006,9788
37.2350000000006,10312
37.2350000000006,9420
37.2350000000006,7858
37.2350000000006,8886
37.2350000000006,9700
37.2830000000031,10690
37.2830000000031,10778
37.2830000000031,11260
37.2830000000031,9942
37.2830000000031,9018
37.2830000000031,8886
37.2830000000031,9270
37.2830000000031,9964
37.2830000000031,9808
37.3300000000017,10424
37.3300000000017,9454
37.3300000000017,7726
37.3300000000017,8804
37.3300000000017,9696
37.3300000000017,10614
37.3300000000017,10798
37.3300000000017,11270
37.3300000000017,10044
37.3780000000042,9198
37.3780000000042,8452
37.3780000000042,9276
37.3780000000042,10090
37.3780000000042,9766
37.3780000000042,10486
37.3780000000042,9536
37.3780000000042,7648
37.3780000000042,8638
37.3780000000042,9660
37.4250000000029,10834
37.4250000000029,10808
37.4250000000029,11298
37.4250000000029,10192
37.4250000000029,9438
37.4250000000029,8868
37.4250000000029,9378
37.4250000000029,10008
37.4250000000029,9792
37.4720000000016,10270
37.4720000000016,9434
37.4720000000016,7924
37.4720000000016,8890
37.4720000000016,9738
37.4720000000016,10918
37.4720000000016,10798
37.4720000000016,11298
37.4720000000016,10332
37.5190000000002,9592
37.5190000000002,8868
37.5190000000002,9156
37.5190000000002,9928
37.5190000000002,9850
37.5190000000002,10496
37.5190000000002,9538
37.5190000000002,7664
37.5190000000002,8628
37.5659999999989,9640
37.5659999999989,10728
37.5659999999989,10780
37.5659999999989,11266
37.5659999999989,10090
37.5659999999989,9294
37.5659999999989,8516
37.5659999999989,9320
37.5659999999989,10086
37.5659999999989,9866
37.6129999999976,10492
37.6129999999976,9630
37.6129999999976,7664
37.6129999999976,8116
37.6129999999976,9634
37.6129999999976,10958
37.6129999999976,10816
37.6129999999976,11314
37.6129999999976,10342
37.6610000000001,9602
37.6610000000001,8858
37.6610000000001,9162
37.6610000000001,9928
37.6610000000001,9876
37.6610000000001,10508
37.6610000000001,9614
37.6610000000001,7658
37.6610000000001,8260
37.6610000000001,9532
37.7079999999987,10754
37.7079999999987,10772
37.7079999999987,11314
37.7079999999987,10572
37.7079999999987,9844
37.7079999999987,8766
37.7079999999987,8886
37.7079999999987,9166
37.7549999999974,9962
37.7549999999974,10408
37.7549999999974,9286
37.7549999999974,8042
37.7549999999974,7822
37.7549999999974,9536
37.7549999999974,10764
37.7549999999974,10772
37.7549999999974,11278
37.7549999999974,10466
37.8020000000033,9810
37.8020000000033,8828
37.8020000000033,8488
37.8020000000033,9162
37.8020000000033,10004
37.8020000000033,10388
37.8020000000033,9330
37.8020000000033,8234
37.8020000000033,7936
37.849000000002,9470
37.849000000002,10676
37.849000000002,10762
37.849000000002,11276
37.849000000002,10580
37.849000000002,9838
37.849000000002,8696
37.849000000002,8834
37.849000000002,9168
37.849000000002,10066
37.8970000000045,10368
37.8970000000045,9542
37.8970000000045,8572
37.8970000000045,8124
37.8970000000045,9464
37.8970000000045,10600
37.8970000000045,10758
37.8970000000045,11288
37.8970000000045,10726
37.9429999999993,9962
37.9429999999993,8048
37.9429999999993,8244
37.9429999999993,9152
37.9429999999993,10018
37.9429999999993,10404
37.9429999999993,9402
37.9429999999993,8288
37.9429999999993,8444
37.9910000000018,9530
37.9910000000018,10456
37.9910000000018,10774
37.9910000000018,11200
37.9910000000018,10794
37.9910000000018,10034
37.9910000000018,8176
37.9910000000018,7884
37.9910000000018,9148
38.0380000000005,10070
38.0380000000005,10348
38.0380000000005,9624
38.0380000000005,8730
38.0380000000005,8206
38.0380000000005,9428
38.0380000000005,10574
38.0380000000005,10768
38.0380000000005,11270
38.0380000000005,10748
38.0849999999991,9968
38.0849999999991,8452
38.0849999999991,7960
38.0849999999991,9188
38.0849999999991,10080
38.0849999999991,10030
38.0849999999991,9818
38.0849999999991,9122
38.0849999999991,8632
38.1319999999978,9542
38.1319999999978,10390
38.1319999999978,10772
38.1319999999978,11188
38.1319999999978,10810
38.1319999999978,10044
38.1319999999978,8208
38.1319999999978,7914
38.1319999999978,9270
38.1790000000037,10234
38.1790000000037,9702
38.1790000000037,9936
38.1790000000037,9218
38.1790000000037,8644
38.1790000000037,9448
38.1790000000037,10174
38.1790000000037,10808
38.1790000000037,10840
38.2260000000024,10932
38.2260000000024,10008
38.2260000000024,8546
38.2260000000024,8068
38.2260000000024,9254
38.2260000000024,10154
38.2260000000024,9876
38.2260000000024,9864
38.2260000000024,9140
38.2260000000024,8468
38.273000000001,9126
38.273000000001,9820
38.273000000001,10784
38.273000000001,10834
38.273000000001,11292
38.273000000001,9874
38.273000000001,8878
38.273000000001,8296
38.273000000001,9320
38.3199999999997,10208
38.3199999999997,9756
38.3199999999997,10020
38.3199999999997,9310
38.3199999999997,8588
38.3199999999997,9336
38.3199999999997,9768
38.3199999999997,10662
38.3199999999997,10850
38.3680000000022,11324
38.3680000000022,10162
38.3680000000022,9384
38.3680000000022,8730
38.3680000000022,9458
38.3680000000022,10076
38.3680000000022,9808
38.3680000000022,10200
38.3680000000022,9450
38.4150000000009,8068
38.4150000000009,8972
38.4150000000009,9804
38.4150000000009,10742
38.4150000000009,10852
38.4150000000009,11314
38.4150000000009,10082
38.4150000000009,9244
38.4150000000009,8494
38.4150000000009,9182
38.4619999999995,9902
38.4619999999995,9856
38.4619999999995,10506
38.4619999999995,9574
38.4619999999995,7662
38.4619999999995,8624
38.4619999999995,9666
38.4619999999995,10798
38.4619999999995,10816
38.5089999999982,11306
38.5089999999982,10154
38.5089999999982,9366
38.5089999999982,8648
38.5089999999982,9398
38.5089999999982,10096
38.5089999999982,9814
38.5089999999982,10158
38.5089999999982,9460
38.5089999999982,8180
38.5560000000041,8088
38.5560000000041,9594
38.5560000000041,10962
38.5560000000041,10788
38.5560000000041,11296
38.5560000000041,10182
38.5560000000041,9408
38.5560000000041,8740
38.5560000000041,9430
38.6039999999994,10090
38.6039999999994,9828
38.6039999999994,10218
38.6039999999994,9464
38.6039999999994,8084
38.6039999999994,8936
38.6039999999994,9772
38.6039999999994,10974
38.6039999999994,10810
38.650999999998,11302
38.650999999998,10210
38.650999999998,9458
38.650999999998,8824
38.650999999998,9420
38.650999999998,10080
38.650999999998,9828
38.650999999998,10300
38.650999999998,9486
38.650999999998,7944
38.6990000000005,8920
38.6990000000005,9746
38.6990000000005,10748
38.6990000000005,10814
38.6990000000005,11296
38.6990000000005,9926
38.6990000000005,8932
38.6990000000005,8314
38.6990000000005,9384
38.7459999999992,10060
38.7459999999992,9830
38.7459999999992,10332
38.7459999999992,9474
38.7459999999992,7920
38.7459999999992,8904
38.7459999999992,9742
38.7459999999992,10762
38.7459999999992,10816
38.7940000000017,11302
38.7940000000017,9938
38.7940000000017,8952
38.7940000000017,8330
38.7940000000017,9312
38.7940000000017,10244
38.7940000000017,9784
38.7940000000017,10060
38.7940000000017,9342
38.8410000000003,7806
38.8410000000003,8886
38.8410000000003,9742
38.8410000000003,10696
38.8410000000003,10844
38.8410000000003,11322
38.8410000000003,10054
38.8410000000003,9176
38.8410000000003,8442
38.8410000000003,9294
38.887999999999,10182
38.887999999999,9804
38.887999999999,10102
38.887999999999,9430
38.887999999999,8536
38.887999999999,9176
38.887999999999,9856
38.887999999999,10840
38.887999999999,10872
38.887999999999,11354
38.9349999999977,10218
38.9349999999977,9448
38.9349999999977,8782
38.9349999999977,9476
38.9349999999977,10110
38.9349999999977,9854
38.9349999999977,10382
38.9349999999977,9496
38.9349999999977,7910
38.9820000000036,8940
38.9820000000036,9752
38.9820000000036,10752
38.9820000000036,10824
38.9820000000036,11312
38.9820000000036,9952
38.9820000000036,8986
38.9820000000036,8340
39.0290000000023,9322
39.0290000000023,10064
39.0290000000023,9840
39.0290000000023,10362
39.0290000000023,9484
39.0290000000023,7936
39.0290000000023,8940
39.0290000000023,9774
39.0290000000023,10774
39.0290000000023,10824
39.0760000000009,11308
39.0760000000009,9902
39.0760000000009,8890
39.0760000000009,8284
39.0760000000009,9320
39.0760000000009,10240
39.0760000000009,9690
39.0760000000009,9946
39.0760000000009,9208
39.1229999999996,8660
39.1229999999996,9018
39.1229999999996,9794
39.1229999999996,10780
39.1229999999996,10804
39.1229999999996,11298
39.1229999999996,9840
39.1229999999996,8664
39.1229999999996,8116
39.1229999999996,9274
39.1710000000021,10200
39.1710000000021,9834
39.1710000000021,9802
39.1710000000021,9074
39.1710000000021,8460
39.1710000000021,9520
39.1710000000021,9886
39.1710000000021,10790
39.1710000000021,10830
39.2170000000042,10778
39.2170000000042,10102
39.2170000000042,8412
39.2170000000042,7972
39.2170000000042,9204
39.2170000000042,10056
39.2170000000042,10236
39.2170000000042,9654
39.2170000000042,8788
39.2649999999994,8212
39.2649999999994,9474
39.2649999999994,10618
39.2649999999994,10774
39.2649999999994,11286
39.2649999999994,10676
39.2649999999994,9926
39.2649999999994,8392
39.2649999999994,7926
39.3119999999981,9202
39.3119999999981,10074
39.3119999999981,10364
39.3119999999981,9566
39.3119999999981,8592
39.3119999999981,8176
39.3119999999981,9494
39.3119999999981,10640
39.3119999999981,10772
39.3119999999981,11286
39.359000000004,10610
39.359000000004,9864
39.359000000004,8706
39.359000000004,8904
39.359000000004,9186
39.359000000004,9968
39.359000000004,10444
39.359000000004,9474
39.359000000004,8428
39.4060000000027,8062
39.4060000000027,9496
39.4060000000027,10666
39.4060000000027,10764
39.4060000000027,11292
39.4060000000027,10548
39.4060000000027,9850
39.4060000000027,8808
39.4060000000027,8962
39.4530000000013,9440
39.4530000000013,9926
39.4530000000013,10472
39.4530000000013,9660
39.4530000000013,7750
39.4530000000013,7908
39.4530000000013,9486
39.4530000000013,10734
39.4530000000013,10772
39.5,11298
39.5,10486
39.5,9828
39.5,8858
39.5,9076
39.5,9712
39.5,9902
39.5,10492
39.5,9650
39.5,7672
39.5469999999987,8222
39.5469999999987,9556
39.5469999999987,10780
39.5469999999987,10810
39.5469999999987,11322
39.5469999999987,10508
39.5469999999987,9874
39.5469999999987,8860
39.5469999999987,9040
39.5950000000012,9634
39.5950000000012,9900
39.5950000000012,10482
39.5950000000012,9664
39.5950000000012,7674
39.5950000000012,8116
39.5950000000012,9598
39.5950000000012,10994
39.5950000000012,10816
39.5950000000012,11322
39.6410000000033,10224
39.6410000000033,9870
39.6410000000033,8854
39.6410000000033,9050
39.6410000000033,9648
39.6410000000033,9870
39.6410000000033,10470
39.6410000000033,9638
39.6889999999985,7654
39.6889999999985,8340
39.6889999999985,9582
39.6889999999985,10850
39.6889999999985,10774
39.6889999999985,11276
39.6889999999985,10158
39.6889999999985,9392
39.6889999999985,8720
39.6889999999985,9398
39.7360000000044,10056
39.7360000000044,9794
39.7360000000044,10466
39.7360000000044,9656
39.7360000000044,7720
39.7360000000044,7878
39.7360000000044,9558
39.7360000000044,10908
39.7360000000044,10780
39.7360000000044,11276
39.7830000000031,10272
39.7830000000031,9542
39.7830000000031,8880
39.7830000000031,9228
39.7830000000031,9958
39.7830000000031,9808
39.7830000000031,10444
39.7830000000031,9466
39.7830000000031,7688
39.8300000000017,8786
39.8300000000017,9496
39.8300000000017,10860
39.8300000000017,10762
39.8300000000017,11256
39.8300000000017,10256
39.8300000000017,9526
39.8300000000017,8868
39.8300000000017,9240
39.8780000000042,9988
39.8780000000042,9818
39.8780000000042,10450
39.8780000000042,9486
39.8780000000042,7690
39.8780000000042,8796
39.8780000000042,9676
39.8780000000042,10598
39.8780000000042,10794
39.9250000000029,11262
39.9250000000029,10040
39.9250000000029,9208
39.9250000000029,8864
39.9250000000029,9158
39.9250000000029,9886
39.9250000000029,9810
39.9250000000029,10476
39.9250000000029,9548
39.9250000000029,7664
39.9720000000016,8670
39.9720000000016,9638
39.9720000000016,10692
39.9720000000016,10774
39.9720000000016,11252
39.9720000000016,10066
39.9720000000016,9266
39.9720000000016,8536
39.9720000000016,9320
40.0190000000002,10076
40.0190000000002,9728
40.0190000000002,10472
40.0190000000002,9568
40.0190000000002,7654
40.0190000000002,8566
40.0190000000002,9602
40.0190000000002,10734
40.0190000000002,10788
40.0659999999989,11276
40.0659999999989,10148
40.0659999999989,9382
40.0659999999989,8762
40.0659999999989,9418
40.0659999999989,10046
40.0659999999989,9758
40.0659999999989,10204
40.0659999999989,9444
40.1129999999976,8042
40.1129999999976,8940
40.1129999999976,9562
40.1129999999976,10934
40.1129999999976,10790
40.1129999999976,11286
40.1129999999976,10300
40.1129999999976,9558
40.1129999999976,8878
40.1129999999976,9202
40.1610000000001,9964
40.1610000000001,9860
40.1610000000001,10518
40.1610000000001,9614
40.1610000000001,7694
40.1610000000001,8438
40.1610000000001,9608
40.1610000000001,10926
40.1610000000001,10788
40.2079999999987,11282
40.2079999999987,10204
40.2079999999987,9466
40.2079999999987,8822
40.2079999999987,8986
40.2079999999987,9372
40.2079999999987,9896
40.2079999999987,10436
40.2079999999987,9598
40.2079999999987,7828
40.2549999999974,7790
40.2549999999974,9532
40.2549999999974,10830
40.2549999999974,10774
40.2549999999974,11278
40.2549999999974,10342
40.2549999999974,9588
40.2549999999974,8868
40.3020000000033,9156
40.3020000000033,9902
40.3020000000033,9870
40.3020000000033,10496
40.3020000000033,9214
40.3020000000033,8114
40.3020000000033,7844
40.3020000000033,9494
40.3020000000033,10734
40.3020000000033,10744
40.349000000002,11272
40.349000000002,10460
40.349000000002,9828
40.349000000002,8834
40.349000000002,9022
40.349000000002,9556
40.349000000002,9864
40.349000000002,10434
40.349000000002,9634
40.3970000000045,7714
40.3970000000045,7874
40.3970000000045,9500
40.3970000000045,10712
40.3970000000045,10780
40.3970000000045,11298
40.3970000000045,10608
40.3970000000045,9870
40.3970000000045,8654
40.3970000000045,8822
40.4440000000031,9156
40.4440000000031,9926
40.4440000000031,10388
40.4440000000031,9244
40.4440000000031,8012
40.4440000000031,7822
40.4440000000031,9512
40.4440000000031,10772
40.4440000000031,10772
40.4910000000018,11286
40.4910000000018,10706
40.4910000000018,9946
40.4910000000018,8090
40.4910000000018,8386
40.4910000000018,9166
40.4910000000018,9988
40.4910000000018,10378
40.4910000000018,9330
40.5380000000005,8248
40.5380000000005,7950
40.5380000000005,9476
40.5380000000005,10662
40.5380000000005,10738
40.5380000000005,11266
40.5380000000005,10548
40.5380000000005,9840
40.5380000000005,8732
40.5849999999991,7926
40.5849999999991,9140
40.5849999999991,10018
40.5849999999991,10374
40.5849999999991,9496
40.5849999999991,8500
40.5849999999991,8124
40.5849999999991,9448
40.5849999999991,10600
40.5849999999991,10738
40.6319999999978,11260
40.6319999999978,10620
40.6319999999978,9896
40.6319999999978,8386
40.6319999999978,8736
40.6319999999978,9126
40.6319999999978,10030
40.6319999999978,10292
40.6319999999978,9562
40.6790000000037,8648
40.6790000000037,8142
40.6790000000037,9438
40.6790000000037,10580
40.6790000000037,10742
40.6790000000037,11266
40.6790000000037,10708
40.6790000000037,9948
40.6790000000037,8052
40.7260000000024,8248
40.7260000000024,9158
40.7260000000024,10020
40.7260000000024,10400
40.7260000000024,9438
40.7260000000024,8432
40.7260000000024,8052
40.7260000000024,9656
40.7260000000024,10404
40.7739999999976,10778
40.7739999999976,11124
40.7739999999976,10794
40.7739999999976,10074
40.7739999999976,8330
40.7739999999976,7952
40.7739999999976,9178
40.7739999999976,10034
40.7739999999976,10198
40.7739999999976,9722
40.8210000000036,8986
40.8210000000036,8360
40.8210000000036,9512
40.8210000000036,10460
40.8210000000036,10738
40.8210000000036,11214
40.8210000000036,10762
40.8210000000036,10000
40.8210000000036,8126
40.8680000000022,8052
40.8680000000022,9218
40.8680000000022,10200
40.8680000000022,9802
40.8680000000022,9844
40.8680000000022,9122
40.8680000000022,8668
40.8680000000022,9548
40.8680000000022,10326
40.8680000000022,10768
40.9150000000009,11024
40.9150000000009,10748
40.9150000000009,10082
40.9150000000009,8414
40.9150000000009,7962
40.9150000000009,9178
40.9150000000009,10030
40.9150000000009,10096
40.9619999999995,9748
40.9619999999995,9024
40.9619999999995,8556
40.9619999999995,9212
40.9619999999995,9818
40.9619999999995,10758
40.9619999999995,10774
40.9619999999995,11250
40.9619999999995,9804
40.9619999999995,8694
41.0089999999982,8124
41.0089999999982,9222
41.0089999999982,10254
41.0089999999982,9716
41.0089999999982,9912
41.0089999999982,9176
41.0089999999982,8638
41.0089999999982,9418
41.0089999999982,10204
41.0570000000007,10768
41.0570000000007,10836
41.0570000000007,11250
41.0570000000007,9946
41.0570000000007,9028
41.0570000000007,8356
41.0570000000007,9258
41.0570000000007,10164
41.0570000000007,9798
41.0570000000007,10054
41.1039999999994,9378
41.1039999999994,8514
41.1039999999994,9116
41.1039999999994,9748
41.1039999999994,10732
41.1039999999994,10738
41.1039999999994,11190
41.1039999999994,9840
41.1039999999994,8628
41.1500000000015,8090
41.1500000000015,9224
41.1500000000015,10096
41.1500000000015,9782
41.1500000000015,10066
41.1500000000015,9412
41.1500000000015,8342
41.1500000000015,8968
41.1500000000015,9736
41.198000000004,10726
41.198000000004,10754
41.198000000004,11250
41.198000000004,9808
41.198000000004,8796
41.198000000004,8218
41.198000000004,9264
41.198000000004,10204
41.198000000004,9716
41.2450000000026,9932
41.2450000000026,9208
41.2450000000026,8598
41.2450000000026,9340
41.2450000000026,9710
41.2450000000026,10686
41.2450000000026,10774
41.2450000000026,11240
41.2450000000026,9968
41.2450000000026,9076
41.2920000000013,8388
