25.476999999999,9294
25.476999999999,9864
25.5239999999976,8710
25.5239999999976,7592
25.5239999999976,7396
25.5239999999976,9032
25.5239999999976,10128
25.5239999999976,10272
25.5239999999976,10830
25.5239999999976,10348
25.5239999999976,9582
25.5710000000036,7982
25.5710000000036,7612
25.5710000000036,8832
25.5710000000036,9674
25.5710000000036,9182
25.5710000000036,9506
25.5710000000036,8832
25.5710000000036,7212
25.5710000000036,8008
25.5710000000036,9148
25.6180000000022,10358
25.6180000000022,10280
25.6180000000022,10860
25.6180000000022,10230
25.6180000000022,9494
25.6180000000022,7664
25.6180000000022,7494
25.6180000000022,8716
25.6180000000022,9532
25.6650000000009,9578
25.6650000000009,9326
25.6650000000009,8674
25.6650000000009,8160
25.6650000000009,8510
25.6650000000009,9258
25.6650000000009,10174
25.6650000000009,10306
25.6650000000009,10824
25.7130000000034,10000
25.7130000000034,9372
25.7130000000034,8182
25.7130000000034,8398
25.7130000000034,8736
25.7130000000034,9526
25.7130000000034,9928
25.7130000000034,9050
25.7130000000034,8232
25.760000000002,7756
25.760000000002,9058
25.760000000002,9840
25.760000000002,10236
25.760000000002,10318
25.760000000002,10830
25.760000000002,9850
25.760000000002,9222
25.760000000002,8370
25.760000000002,8598
25.8079999999973,8742
25.8079999999973,9450
25.8079999999973,9896
25.8079999999973,8736
25.8079999999973,7802
25.8079999999973,7554
25.8079999999973,9018
25.8079999999973,10054
25.8079999999973,10246
25.8550000000032,10696
25.8550000000032,10646
25.8550000000032,9368
25.8550000000032,8526
25.8550000000032,8366
25.8550000000032,8720
25.8550000000032,9346
25.8550000000032,9398
25.8550000000032,9910
25.9020000000019,8936
25.9020000000019,7540
25.9020000000019,7356
25.9020000000019,9104
25.9020000000019,10162
25.9020000000019,10300
25.9020000000019,10846
25.9020000000019,10362
25.9020000000019,9608
25.9490000000005,8048
25.9490000000005,7654
25.9490000000005,8906
25.9490000000005,9510
25.9490000000005,9348
25.9490000000005,9984
25.9490000000005,9068
25.9490000000005,7216
25.9490000000005,7648
25.9490000000005,9126
25.9959999999992,10292
25.9959999999992,10254
25.9959999999992,10840
25.9959999999992,10246
25.9959999999992,9512
25.9959999999992,7704
25.9959999999992,7500
25.9959999999992,8854
25.9959999999992,9638
25.9959999999992,9248
26.0429999999978,9574
26.0429999999978,8920
26.0429999999978,7616
26.0429999999978,8432
26.0429999999978,9248
26.0429999999978,10328
26.0429999999978,10306
26.0429999999978,10852
26.0429999999978,10110
26.0910000000003,9434
26.0910000000003,7744
26.0910000000003,8002
26.0910000000003,8714
26.0910000000003,9608
26.0910000000003,9222
26.0910000000003,9466
26.0910000000003,8824
26.0910000000003,7982
26.137999999999,8694
26.137999999999,9326
26.137999999999,10162
26.137999999999,10302
26.137999999999,10830
26.137999999999,9922
26.137999999999,9340
26.137999999999,8260
26.137999999999,8500
26.1860000000015,8730
26.1860000000015,9494
26.1860000000015,9766
26.1860000000015,9290
26.1860000000015,8650
26.1860000000015,8180
26.1860000000015,8988
26.1860000000015,9384
26.1860000000015,10224
26.1860000000015,10338
26.2330000000002,10798
26.2330000000002,9710
26.2330000000002,9044
26.2330000000002,8356
26.2330000000002,8664
26.2330000000002,9230
26.2330000000002,9420
26.2330000000002,9916
26.2330000000002,9012
26.2799999999988,8180
26.2799999999988,7690
26.2799999999988,8958
26.2799999999988,9874
26.2799999999988,10244
26.2799999999988,10338
26.2799999999988,10798
26.2799999999988,9582
26.2799999999988,8864
26.2799999999988,8260
26.3269999999975,8844
26.3269999999975,9428
26.3269999999975,9388
26.3269999999975,9920
26.3269999999975,8818
26.3269999999975,7916
26.3269999999975,7628
26.3269999999975,8916
26.375,10024
26.375,10256
26.375,10414
26.375,10808
26.375,9526
26.375,8772
26.375,8080
26.375,8942
26.375,9444
26.375,9366
26.4219999999987,9972
26.4219999999987,9048
26.4219999999987,7822
26.4219999999987,7586
26.4219999999987,8976
26.4219999999987,10056
26.4219999999987,10254
26.4219999999987,10552
26.4219999999987,10826
26.4689999999973,9494
26.4689999999973,8726
26.4689999999973,7970
26.4689999999973,8988
26.4689999999973,9458
26.4689999999973,9368
26.4689999999973,9962
26.4689999999973,9050
26.4689999999973,7340
26.4689999999973,7560
26.5160000000033,8988
26.5160000000033,10034
26.5160000000033,10230
26.5160000000033,10732
26.5160000000033,10500
26.5160000000033,9322
26.5160000000033,8454
26.5160000000033,7878
26.5160000000033,8808
26.5630000000019,9516
26.5630000000019,9244
26.5630000000019,9674
26.5630000000019,8916
26.5630000000019,7218
26.5630000000019,7376
26.5630000000019,9044
26.5630000000019,10188
26.5630000000019,10246
26.6109999999971,10790
26.6109999999971,10260
26.6109999999971,9526
26.6109999999971,7736
26.6109999999971,7494
26.6109999999971,8732
26.6109999999971,9484
26.6109999999971,9356
26.6109999999971,9330
26.6109999999971,8684
26.6580000000031,8114
26.6580000000031,8428
26.6580000000031,9218
26.6580000000031,10236
26.6580000000031,10264
26.6580000000031,10798
26.6580000000031,9968
26.6580000000031,9332
26.6580000000031,8152
26.7050000000017,8424
26.7050000000017,8722
26.7050000000017,9474
26.7050000000017,9866
26.7050000000017,8874
26.7050000000017,8006
26.7050000000017,7642
26.7050000000017,8824
26.7050000000017,9358
26.7050000000017,10194
26.752999999997,10318
26.752999999997,10752
26.752999999997,9624
26.752999999997,8942
26.752999999997,8334
26.752999999997,8752
26.752999999997,9330
26.752999999997,9342
26.752999999997,9892
26.8000000000029,8988
26.8000000000029,7400
26.8000000000029,7366
26.8000000000029,9040
26.8000000000029,10182
26.8000000000029,10260
26.8000000000029,10810
26.8000000000029,10404
26.8000000000029,9320
26.8470000000016,8378
26.8470000000016,7828
26.8470000000016,8824
26.8470000000016,9562
26.8470000000016,9254
26.8470000000016,9680
26.8470000000016,8942
26.8470000000016,7216
26.8470000000016,8252
26.8949999999968,9140
26.8949999999968,10414
26.8949999999968,10260
26.8949999999968,10814
26.8949999999968,10060
26.8949999999968,9384
26.8949999999968,7786
26.8949999999968,7504
26.8949999999968,8756
26.8949999999968,9566
26.9420000000027,9218
26.9420000000027,9384
26.9420000000027,8756
26.9420000000027,8048
26.9420000000027,8762
26.9420000000027,9320
26.9420000000027,10214
26.9420000000027,10318
26.9420000000027,10830
26.989999999998,9874
26.989999999998,9250
26.989999999998,8310
26.989999999998,7792
26.989999999998,8686
26.989999999998,9526
26.989999999998,9798
26.989999999998,9130
26.989999999998,8360
27.0360000000001,7992
27.0360000000001,9100
27.0360000000001,9660
27.0360000000001,10214
27.0360000000001,10318
27.0360000000001,10754
27.0360000000001,9558
27.0360000000001,8828
27.0360000000001,8218
27.0840000000026,8598
27.0840000000026,8696
27.0840000000026,9384
27.0840000000026,9866
27.0840000000026,8606
27.0840000000026,7716
27.0840000000026,7518
27.0840000000026,9002
27.0840000000026,10044
27.0840000000026,10208
27.1310000000012,10768
27.1310000000012,10290
27.1310000000012,9516
27.1310000000012,8104
27.1310000000012,7684
27.1310000000012,8844
27.1310000000012,9454
27.1310000000012,9310
27.1310000000012,9932
27.1310000000012,8988
27.1779999999999,7192
27.1779999999999,7746
27.1779999999999,9096
27.1779999999999,10270
27.1779999999999,10182
27.1779999999999,10800
27.1779999999999,10146
27.1779999999999,9408
27.1779999999999,7602
27.2249999999985,7514
27.2249999999985,8824
27.2249999999985,9690
27.2249999999985,9182
27.2249999999985,9484
27.2249999999985,8834
27.2249999999985,7914
27.2249999999985,8622
27.2249999999985,9264
27.2719999999972,10080
27.2719999999972,10292
27.2719999999972,10808
27.2719999999972,9902
27.2719999999972,9336
27.2719999999972,8252
27.2719999999972,8510
27.2719999999972,8694
27.2719999999972,9522
27.3199999999997,9758
27.3199999999997,9192
27.3199999999997,8424
27.3199999999997,8130
27.3199999999997,9064
27.3199999999997,9530
27.3199999999997,10230
27.3199999999997,10362
27.3199999999997,10788
27.3199999999997,9706
27.3669999999984,9032
27.3669999999984,8334
27.3669999999984,8686
27.3669999999984,9186
27.3669999999984,9474
27.3669999999984,9874
27.3669999999984,8900
27.3669999999984,8032
27.3669999999984,7678
27.4150000000009,8880
27.4150000000009,9952
27.4150000000009,10220
27.4150000000009,10440
27.4150000000009,10788
27.4150000000009,9450
27.4150000000009,8650
27.4150000000009,7966
27.4150000000009,8946
27.4150000000009,9038
27.4619999999995,9366
27.4619999999995,9860
27.4619999999995,8756
27.4619999999995,7576
27.4619999999995,7392
27.4619999999995,9044
27.4619999999995,10116
27.4619999999995,10240
27.510000000002,10798
27.510000000002,10326
27.510000000002,9566
27.510000000002,7972
27.510000000002,7612
27.510000000002,8812
27.510000000002,9494
27.510000000002,9286
27.510000000002,9840
27.510000000002,8936
27.5559999999969,7210
27.5559999999969,8208
27.5559999999969,9146
27.5559999999969,10342
27.5559999999969,10220
27.5559999999969,10816
27.5559999999969,10132
27.5559999999969,9414
27.5559999999969,7600
27.6030000000028,7530
27.6030000000028,8686
27.6030000000028,9516
27.6030000000028,9162
27.6030000000028,9470
27.6030000000028,8812
27.6030000000028,7930
27.6030000000028,8642
27.6030000000028,9250
27.6030000000028,10128
27.6500000000015,10280
27.6500000000015,10800
27.6500000000015,9854
27.6500000000015,9234
27.6500000000015,8306
27.6500000000015,8578
27.6500000000015,8660
27.6500000000015,9382
27.6500000000015,9850
27.6979999999967,8592
27.6979999999967,8216
27.6979999999967,7754
27.6979999999967,9064
27.6979999999967,9798
27.6979999999967,10224
27.6979999999967,10312
27.6979999999967,10768
27.6979999999967,9522
27.7450000000026,8776
27.7450000000026,8100
27.7450000000026,8922
27.7450000000026,9384
27.7450000000026,9290
27.7450000000026,9932
27.7450000000026,9004
27.7450000000026,7644
27.7450000000026,7482
27.7920000000013,9028
27.7920000000013,10086
27.7920000000013,10256
27.7920000000013,10762
27.7920000000013,10544
27.7920000000013,9356
27.7920000000013,8510
27.7920000000013,7944
27.7920000000013,8904
27.7920000000013,9516
27.8389999999999,9300
27.8389999999999,9942
27.8389999999999,8968
27.8389999999999,7206
27.8389999999999,7402
27.8389999999999,9028
27.8389999999999,10122
27.8389999999999,10254
27.8389999999999,10816
27.8870000000024,10342
27.8870000000024,9542
27.8870000000024,8166
27.8870000000024,7708
27.8870000000024,8854
27.8870000000024,9608
27.8870000000024,9244
27.8870000000024,9572
27.8870000000024,8920
27.8870000000024,7472
27.9329999999973,8402
27.9329999999973,9116
27.9329999999973,10244
27.9329999999973,10246
27.9329999999973,10808
27.9329999999973,10266
27.9329999999973,9552
27.9329999999973,7750
27.9809999999998,7504
27.9809999999998,8776
27.9809999999998,9566
27.9809999999998,9238
27.9809999999998,9420
27.9809999999998,8772
27.9809999999998,8028
27.9809999999998,8732
27.9809999999998,9172
27.9809999999998,10420
28.0279999999984,10246
28.0279999999984,10790
28.0279999999984,10018
28.0279999999984,9340
28.0279999999984,7982
28.0279999999984,8268
28.0279999999984,8714
28.0279999999984,9510
28.0279999999984,9880
28.0279999999984,9032
28.0749999999971,8222
28.0749999999971,7770
28.0749999999971,9060
28.0749999999971,9804
28.0749999999971,10224
28.0749999999971,10312
28.0749999999971,10780
28.0749999999971,9818
28.0749999999971,9156
28.122000000003,8296
28.122000000003,8596
28.122000000003,8792
28.122000000003,9434
28.122000000003,9892
28.122000000003,8690
28.122000000003,7770
28.122000000003,7544
28.122000000003,8978
28.1690000000017,10034
28.1690000000017,10214
28.1690000000017,10692
28.1690000000017,10486
28.1690000000017,9316
28.1690000000017,8444
28.1690000000017,7872
28.1690000000017,8760
28.1690000000017,9346
28.2169999999969,9358
28.2169999999969,9910
28.2169999999969,8972
28.2169999999969,7508
28.2169999999969,7346
28.2169999999969,9032
28.2169999999969,10128
28.2169999999969,10254
28.2169999999969,10788
28.2169999999969,10328
28.2640000000029,9568
28.2640000000029,7956
28.2640000000029,7572
28.2640000000029,8804
28.2640000000029,9542
28.2640000000029,9322
28.2640000000029,9972
28.2640000000029,8998
28.2640000000029,7192
28.2640000000029,7700
28.3119999999981,9132
28.3119999999981,10260
28.3119999999981,10236
28.3119999999981,10808
28.3119999999981,10272
28.3119999999981,9558
28.3119999999981,7772
28.3119999999981,7524
28.3119999999981,8768
28.3589999999967,9612
28.3589999999967,9286
28.3589999999967,9660
28.3589999999967,8940
28.3589999999967,7238
28.3589999999967,8342
28.3589999999967,9168
28.3589999999967,10382
28.3589999999967,10246
28.4069999999992,10826
28.4069999999992,10154
28.4069999999992,9430
28.4069999999992,7618
28.4069999999992,7500
28.4069999999992,8694
28.4069999999992,9522
28.4069999999992,9178
28.4069999999992,9522
28.4539999999979,8838
28.4539999999979,7826
28.4539999999979,8552
28.4539999999979,9214
28.4539999999979,10070
28.4539999999979,10272
28.4539999999979,10800
28.4539999999979,9936
28.4539999999979,9340
28.4539999999979,8218
28.5020000000004,8470
28.5020000000004,8680
28.5020000000004,9476
28.5020000000004,9866
28.5020000000004,9266
28.5020000000004,8598
28.5020000000004,8160
28.5020000000004,8930
28.5020000000004,9296
28.5489999999991,10220
28.5489999999991,10348
28.5489999999991,10830
28.5489999999991,9830
28.5489999999991,9178
28.5489999999991,8320
28.5489999999991,8596
28.5489999999991,8680
28.5489999999991,9424
28.5489999999991,9874
28.5970000000016,8706
28.5970000000016,7790
28.5970000000016,7962
28.5970000000016,9076
28.5970000000016,9650
28.5970000000016,10230
28.5970000000016,10346
28.5970000000016,10764
28.6440000000002,9640
28.6440000000002,8972
28.6440000000002,8378
28.6440000000002,8726
28.6440000000002,9260
28.6440000000002,9358
28.6440000000002,9906
28.6440000000002,8832
28.6440000000002,7554
28.6440000000002,7664
28.6909999999989,8986
28.6909999999989,9964
28.6909999999989,10272
28.6909999999989,10364
28.6909999999989,10800
28.6909999999989,9566
28.6909999999989,8832
28.6909999999989,8232
28.6909999999989,8870
28.6909999999989,9378
28.7379999999976,9340
28.7379999999976,9928
28.7379999999976,8998
28.7379999999976,7454
28.7379999999976,7618
28.7379999999976,9008
28.7379999999976,10008
28.7379999999976,10218
28.7379999999976,10486
28.7860000000001,10810
28.7860000000001,9440
28.7860000000001,8618
28.7860000000001,7966
28.7860000000001,8932
28.7860000000001,9440
28.7860000000001,9316
28.7860000000001,9962
28.7860000000001,9004
28.8320000000022,7186
28.8320000000022,7540
28.8320000000022,8992
28.8320000000022,10074
28.8320000000022,10218
28.8320000000022,10764
28.8320000000022,10266
28.8320000000022,9454
28.8320000000022,8182
28.8799999999974,7694
28.8799999999974,8850
28.8799999999974,9612
28.8799999999974,9280
28.8799999999974,9634
28.8799999999974,8930
28.8799999999974,7238
28.8799999999974,8334
28.8799999999974,9058
28.9270000000033,10138
28.9270000000033,10270
28.9270000000033,10788
28.9270000000033,10338
28.9270000000033,9574
28.9270000000033,7950
28.9270000000033,7582
28.9270000000033,8828
28.9270000000033,9674
28.9270000000033,9222
28.9749999999985,9584
28.9749999999985,8900
28.9749999999985,7570
28.9749999999985,8478
28.9749999999985,9096
28.9749999999985,10228
28.9749999999985,10208
28.9749999999985,10784
28.9749999999985,10246
28.9749999999985,9538
29.0219999999972,7746
29.0219999999972,7468
29.0219999999972,8726
29.0219999999972,9558
29.0219999999972,9228
29.0219999999972,9476
29.0219999999972,8834
29.0219999999972,7908
29.0219999999972,8628
29.0690000000031,9270
29.0690000000031,10332
29.0690000000031,10204
29.0690000000031,10824
29.0690000000031,10234
29.0690000000031,9520
29.0690000000031,7736
29.0690000000031,7488
29.0690000000031,8716
29.1169999999984,9512
29.1169999999984,9254
29.1169999999984,9448
29.1169999999984,8796
29.1169999999984,7972
29.1169999999984,8694
29.1169999999984,9312
29.1169999999984,10082
29.1169999999984,10332
29.1630000000005,10836
29.1630000000005,10244
29.1630000000005,9532
29.1630000000005,7750
29.1630000000005,7488
29.1630000000005,8730
29.1630000000005,9538
29.1630000000005,9238
29.1630000000005,9460
29.1630000000005,8804
29.211000000003,7956
29.211000000003,8660
29.211000000003,9286
29.211000000003,10118
29.211000000003,10296
29.211000000003,10826
29.211000000003,9926
29.211000000003,9428
29.211000000003,7616
29.2580000000016,7478
29.2580000000016,8670
29.2580000000016,9532
29.2580000000016,9588
29.2580000000016,9286
29.2580000000016,8638
29.2580000000016,8146
29.2580000000016,8906
29.2580000000016,9330
29.3059999999969,10208
29.3059999999969,10316
29.3059999999969,10762
29.3059999999969,9706
29.3059999999969,9032
29.3059999999969,8134
29.3059999999969,8392
29.3059999999969,8684
29.3059999999969,9476
29.3530000000028,9870
29.3530000000028,8936
29.3530000000028,8088
29.3530000000028,7678
29.3530000000028,8956
29.3530000000028,9896
29.3530000000028,10228
29.3530000000028,10312
29.3530000000028,10780
29.3530000000028,9496
29.4000000000015,8736
29.4000000000015,8300
29.4000000000015,8628
29.4000000000015,8878
29.4000000000015,9404
29.4000000000015,9870
29.4000000000015,8606
29.4000000000015,7704
29.4000000000015,7474
29.4000000000015,8950
29.4470000000001,10028
29.4470000000001,10214
29.4470000000001,10742
29.4470000000001,10244
29.4470000000001,9398
29.4470000000001,8252
29.4470000000001,7734
29.4470000000001,8896
29.4470000000001,9384
29.4950000000026,9336
29.4950000000026,9942
29.4950000000026,9018
29.4950000000026,7344
29.4950000000026,7350
29.4950000000026,9064
29.4950000000026,10162
29.4950000000026,10260
29.4950000000026,10772
29.5420000000013,10292
29.5420000000013,9558
29.5420000000013,7838
29.5420000000013,7498
29.5420000000013,8778
29.5420000000013,9546
29.5420000000013,9260
29.5420000000013,9712
29.5420000000013,8910
29.5900000000038,7218
29.5900000000038,8156
29.5900000000038,9158
29.5900000000038,10338
29.5900000000038,10220
29.5900000000038,10826
29.5900000000038,10210
29.5900000000038,9474
29.5900000000038,7694
29.5900000000038,7478
29.6370000000024,8678
29.6370000000024,9604
29.6370000000024,9214
29.6370000000024,9558
29.6370000000024,8896
29.6370000000024,7536
29.6370000000024,8432
29.6370000000024,9228
29.6370000000024,10332
29.6849999999977,10272
29.6849999999977,10804
29.6849999999977,10070
29.6849999999977,9402
29.6849999999977,7746
29.6849999999977,7972
29.6849999999977,8664
29.6849999999977,9516
29.6849999999977,9820
29.7320000000036,9418
29.7320000000036,8768
29.7320000000036,7976
29.7320000000036,8714
29.7320000000036,9294
29.7320000000036,10174
29.7320000000036,10306
29.7320000000036,10814
29.7320000000036,9890
29.7320000000036,9302
29.7799999999988,8254
29.7799999999988,8516
29.7799999999988,8700
29.7799999999988,9466
29.7799999999988,9874
29.7799999999988,9266
29.7799999999988,8560
29.7799999999988,8182
29.7799999999988,8942
29.8269999999975,9310
29.8269999999975,10218
29.8269999999975,10352
29.8269999999975,10798
29.8269999999975,9774
29.8269999999975,9090
29.8269999999975,8304
29.8269999999975,8634
29.8269999999975,8904
29.8269999999975,9448
29.875,9896
29.875,8730
29.875,7802
29.875,7998
29.875,9120
29.875,9568
29.875,10260
29.875,10408
29.875,10852
29.9219999999987,9856
29.9219999999987,9204
29.9219999999987,8326
29.9219999999987,8582
29.9219999999987,8722
29.9219999999987,9474
29.9219999999987,9890
29.9219999999987,8844
29.9219999999987,7936
29.9689999999973,8196
29.9689999999973,8994
29.9689999999973,9402
29.9689999999973,10228
29.9689999999973,10352
29.9689999999973,10794
29.9689999999973,9746
29.9689999999973,9068
29.9689999999973,8306
30.0160000000033,8648
30.0160000000033,9034
30.0160000000033,9404
30.0160000000033,9882
30.0160000000033,8634
30.0160000000033,7694
30.0160000000033,7468
30.0160000000033,9054
30.0160000000033,9788
30.0160000000033,10250
30.0630000000019,10364
30.0630000000019,10788
30.0630000000019,9618
30.0630000000019,8916
30.0630000000019,8320
30.0630000000019,8766
30.0630000000019,9346
30.0630000000019,9388
30.0630000000019,9910
30.1109999999971,8878
30.1109999999971,7566
30.1109999999971,7356
30.1109999999971,8992
30.1109999999971,10110
30.1109999999971,10204
30.1109999999971,10384
30.1109999999971,10784
30.1109999999971,9458
30.1109999999971,8658
30.1569999999992,7980
30.1569999999992,8920
30.1569999999992,9444
30.1569999999992,9330
30.1569999999992,9952
30.1569999999992,8994
30.1569999999992,7190
30.1569999999992,7550
30.2050000000017,9106
30.2050000000017,10230
30.2050000000017,10236
30.2050000000017,10754
30.2050000000017,10250
30.2050000000017,9372
30.2050000000017,8274
30.2050000000017,7782
30.2050000000017,8840
30.2050000000017,9582
30.2520000000004,9306
30.2520000000004,9666
30.2520000000004,8920
30.2520000000004,7218
30.2520000000004,8304
30.2520000000004,9156
30.2520000000004,10358
30.2520000000004,10244
30.2520000000004,10810
30.2520000000004,10138
30.3000000000029,9428
30.3000000000029,7936
30.3000000000029,7576
30.3000000000029,8818
30.3000000000029,9670
30.3000000000029,9186
30.3000000000029,9510
30.3000000000029,8818
30.3000000000029,7842
30.3470000000016,8606
30.3470000000016,9254
30.3470000000016,10128
30.3470000000016,10296
30.3470000000016,10830
30.3470000000016,10024
30.3470000000016,9362
30.3470000000016,7740
30.3470000000016,7504
30.3949999999968,8710
30.3949999999968,9516
30.3949999999968,9254
30.3949999999968,9394
30.3949999999968,8750
30.3949999999968,8034
30.3949999999968,8750
30.3949999999968,9330
30.3949999999968,10188
30.4420000000027,10322
30.4420000000027,10840
30.4420000000027,9936
30.4420000000027,9358
30.4420000000027,7644
30.4420000000027,7484
30.4420000000027,8664
30.4420000000027,9538
30.4420000000027,9542
30.4420000000027,9302
30.4890000000014,8650
30.4890000000014,8146
30.4890000000014,8874
30.4890000000014,9320
30.4890000000014,10210
30.4890000000014,10322
30.4890000000014,10810
30.4890000000014,9798
30.4890000000014,9112
30.5360000000001,8304
30.5360000000001,8106
30.5360000000001,8658
30.5360000000001,9512
30.5360000000001,9830
30.5360000000001,9068
30.5360000000001,8310
30.5360000000001,7914
30.5360000000001,9148
30.5360000000001,9712
30.5840000000026,10256
30.5840000000026,10372
30.5840000000026,10790
30.5840000000026,9696
30.5840000000026,9004
30.5840000000026,8330
30.5840000000026,8460
30.5840000000026,8706
30.5840000000026,9484
30.6310000000012,9866
30.6310000000012,8926
30.6310000000012,8080
30.6310000000012,7684
30.6310000000012,8972
30.6310000000012,9910
30.6310000000012,10256
30.6310000000012,10338
30.6310000000012,10780
30.6779999999999,9536
30.6779999999999,8792
30.6779999999999,8146
30.6779999999999,8602
30.6779999999999,8792
30.6779999999999,9424
30.6779999999999,9870
30.6779999999999,8706
30.6779999999999,7760
30.6779999999999,7566
30.7249999999985,8956
30.7249999999985,9992
30.7249999999985,10208
30.7249999999985,10670
30.7249999999985,10224
30.7249999999985,9378
30.7249999999985,8228
30.7249999999985,7724
30.7249999999985,8840
30.773000000001,9392
30.773000000001,9332
30.773000000001,9926
30.773000000001,9004
30.773000000001,7246
30.773000000001,7400
30.773000000001,9064
30.773000000001,10192
30.773000000001,10256
30.773000000001,10778
30.8199999999997,10270
30.8199999999997,9548
30.8199999999997,7776
30.8199999999997,7500
30.8199999999997,8844
30.8199999999997,9556
30.8199999999997,9254
30.8199999999997,9548
30.8669999999984,8904
30.8669999999984,7308
30.8669999999984,8306
30.8669999999984,9162
30.8669999999984,10374
30.8669999999984,10234
30.8669999999984,10762
30.8669999999984,9978
30.8669999999984,9330
30.8669999999984,8126
30.913999999997,8370
30.913999999997,8674
30.913999999997,9486
30.913999999997,9516
30.913999999997,9266
30.913999999997,8606
30.913999999997,8140
30.913999999997,8894
30.913999999997,9336
30.961000000003,10210
30.961000000003,10332
30.961000000003,10772
30.961000000003,9716
30.961000000003,9028
30.961000000003,8304
30.961000000003,8670
30.961000000003,9126
30.961000000003,9378
30.961000000003,9870
31.0089999999982,8932
31.0089999999982,8110
31.0089999999982,7720
31.0089999999982,8952
31.0089999999982,9892
31.0089999999982,10254
31.0089999999982,10332
31.0089999999982,10784
31.0089999999982,9562
31.0550000000003,8808
31.0550000000003,8182
31.0550000000003,8884
31.0550000000003,9394
31.0550000000003,9358
31.0550000000003,9866
31.0550000000003,8740
31.0550000000003,7808
31.0550000000003,7566
31.1030000000028,8956
31.1030000000028,10024
31.1030000000028,10208
31.1030000000028,10580
31.1030000000028,10626
31.1030000000028,9332
31.1030000000028,8454
31.1030000000028,7910
31.1030000000028,8838
31.1489999999976,9546
31.1489999999976,9336
31.1489999999976,9952
31.1489999999976,8972
31.1489999999976,7582
31.1489999999976,7422
31.1489999999976,8992
31.1489999999976,10112
31.1489999999976,10240
31.1489999999976,10778
31.1970000000001,10306
31.1970000000001,9466
31.1970000000001,8172
31.1970000000001,7730
31.1970000000001,8864
31.1970000000001,9608
31.1970000000001,9306
31.1970000000001,9548
31.1970000000001,8904
31.2439999999988,7292
31.2439999999988,7380
31.2439999999988,9050
31.2439999999988,10178
31.2439999999988,10254
31.2439999999988,10772
31.2439999999988,10276
31.2439999999988,9552
31.2439999999988,7792
31.2439999999988,7518
31.2909999999974,8762
31.2909999999974,9538
31.2909999999974,9194
31.2909999999974,9428
31.2909999999974,8772
31.2909999999974,7262
31.2909999999974,8296
31.2909999999974,9186
31.3380000000034,10418
31.3380000000034,10270
31.3380000000034,10816
31.3380000000034,10100
31.3380000000034,9392
31.3380000000034,7580
31.3380000000034,7694
31.3380000000034,8680
31.3380000000034,9542
31.3380000000034,9746
31.3859999999986,9192
31.3859999999986,8468
31.3859999999986,8166
31.3859999999986,8612
31.3859999999986,9270
31.3859999999986,10060
31.3859999999986,10302
31.3859999999986,10814
31.3859999999986,9932
31.4329999999973,9346
31.4329999999973,8208
31.4329999999973,8448
31.4329999999973,8716
31.4329999999973,9486
31.4329999999973,9866
31.4329999999973,8932
31.4329999999973,8090
31.4329999999973,7680
31.4329999999973,8920
31.4800000000032,9320
31.4800000000032,10210
31.4800000000032,10326
31.4800000000032,10778
31.4800000000032,9726
31.4800000000032,9054
31.4800000000032,8290
31.4800000000032,8660
31.4800000000032,9076
31.5279999999984,9412
31.5279999999984,9886
31.5279999999984,8638
31.5279999999984,7710
31.5279999999984,7504
31.5279999999984,8962
31.5279999999984,10070
31.5279999999984,10228
31.5279999999984,10316
31.5749999999971,10758
31.5749999999971,9536
31.5749999999971,8796
31.5749999999971,8176
31.5749999999971,8886
31.5749999999971,9418
31.5749999999971,9368
31.5749999999971,9956
31.5749999999971,9032
31.5749999999971,7432
31.622000000003,7372
31.622000000003,9060
31.622000000003,10172
31.622000000003,10282
31.622000000003,10804
31.622000000003,10342
31.622000000003,9522
31.622000000003,8706
31.622000000003,7998
31.6690000000017,8958
31.6690000000017,9466
31.6690000000017,9376
31.6690000000017,9974
31.6690000000017,9048
31.6690000000017,7402
31.6690000000017,7364
31.6690000000017,9050
31.6690000000017,10168
31.6690000000017,10276
31.7169999999969,10790
31.7169999999969,10342
31.7169999999969,9566
31.7169999999969,8026
31.7169999999969,7628
31.7169999999969,8906
31.7169999999969,9512
31.7169999999969,9382
31.7169999999969,9998
31.7640000000029,9064
31.7640000000029,7372
31.7640000000029,7396
31.7640000000029,9058
31.7640000000029,10192
31.7640000000029,10296
31.7640000000029,10804
31.7640000000029,10358
31.7640000000029,9566
31.8119999999981,8090
31.8119999999981,7658
31.8119999999981,8946
31.8119999999981,9470
31.8119999999981,9356
31.8119999999981,9984
31.8119999999981,9050
31.8119999999981,7330
31.8119999999981,7412
31.8589999999967,9076
31.8589999999967,10204
31.8589999999967,10302
31.8589999999967,10808
31.8589999999967,10362
31.8589999999967,9566
31.8589999999967,8084
31.8589999999967,7662
31.8589999999967,8848
31.8589999999967,9470
31.9060000000027,9346
31.9060000000027,9968
31.9060000000027,9028
31.9060000000027,7262
31.9060000000027,7432
31.9060000000027,9086
31.9060000000027,10210
31.9060000000027,10270
31.9060000000027,10778
31.9530000000013,10290
31.9530000000013,9566
31.9530000000013,7838
31.9530000000013,7534
31.9530000000013,8776
31.9530000000013,9608
31.9530000000013,9192
31.9530000000013,9690
31.9530000000013,8920
32.0009999999966,7212
32.0009999999966,8232
32.0009999999966,9142
32.0009999999966,10348
32.0009999999966,10250
32.0009999999966,10788
32.0009999999966,10076
32.0009999999966,9368
32.0009999999966,7608
32.0480000000025,7808
32.0480000000025,8704
32.0480000000025,9548
32.0480000000025,9788
32.0480000000025,9192
32.0480000000025,8878
32.0480000000025,7944
32.0480000000025,8628
32.0480000000025,9280
32.0480000000025,10054
32.0950000000012,10302
32.0950000000012,10816
32.0950000000012,9936
32.0950000000012,9342
32.0950000000012,8218
32.0950000000012,8438
32.0950000000012,8680
32.0950000000012,9448
32.0950000000012,9838
32.1419999999998,9212
32.1419999999998,8506
32.1419999999998,8166
32.1419999999998,8986
32.1419999999998,9444
32.1419999999998,10224
32.1419999999998,10352
32.1419999999998,10780
32.1419999999998,9710
32.1419999999998,9024
32.1900000000023,8288
32.1900000000023,8678
32.1900000000023,9148
32.1900000000023,9384
32.1900000000023,9866
32.1900000000023,8716
32.1900000000023,7612
32.1900000000023,7720
32.1900000000023,8946
32.237000000001,9900
32.237000000001,10246
32.237000000001,10332
32.237000000001,10774
32.237000000001,9532
32.237000000001,8788
32.237000000001,8110
32.237000000001,8900
32.237000000001,9414
32.2839999999997,9362
32.2839999999997,9952
32.2839999999997,9028
32.2839999999997,7448
32.2839999999997,7622
32.2839999999997,8936
32.2839999999997,10000
32.2839999999997,10192
32.2839999999997,10562
32.2839999999997,10680
32.3309999999983,9340
32.3309999999983,8484
32.3309999999983,7908
32.3309999999983,8840
32.3309999999983,9538
32.3309999999983,9336
32.3309999999983,9964
32.3309999999983,9002
32.3309999999983,7210
32.377999999997,7462
32.377999999997,8972
32.377999999997,10100
32.377999999997,10230
32.377999999997,10762
32.377999999997,10296
32.377999999997,9470
32.377999999997,8146
32.377999999997,7698
32.377999999997,8844
32.4250000000029,9630
32.4250000000029,9330
32.4250000000029,9604
32.4250000000029,8940
32.4250000000029,7254
32.4250000000029,7370
32.4250000000029,9054
32.4250000000029,10172
32.4720000000016,10272
32.4720000000016,10772
32.4720000000016,10328
32.4720000000016,9546
32.4720000000016,7972
32.4720000000016,7616
32.4720000000016,8840
32.4720000000016,9690
32.4720000000016,9300
32.4720000000016,9598
32.5190000000002,8926
32.5190000000002,7556
32.5190000000002,7462
32.5190000000002,9074
32.5190000000002,10208
32.5190000000002,10246
32.5190000000002,10764
32.5190000000002,10256
32.5190000000002,9542
32.5659999999989,7780
32.5659999999989,7518
32.5659999999989,8786
32.5659999999989,9620
32.5659999999989,9214
32.5659999999989,9496
32.5659999999989,8838
32.5659999999989,7936
32.5659999999989,8136
32.5659999999989,9148
32.6140000000014,10336
32.6140000000014,10240
32.6140000000014,10824
32.6140000000014,10218
32.6140000000014,9484
32.6140000000014,7698
32.6140000000014,7494
32.6140000000014,8726
32.6140000000014,9506
32.6600000000035,9300
32.6600000000035,9412
32.6600000000035,8756
32.6600000000035,8058
32.6600000000035,8320
32.6600000000035,9186
32.6600000000035,10424
32.6600000000035,10276
32.6600000000035,10830
32.7079999999987,10126
32.7079999999987,9384
32.7079999999987,7596
32.7079999999987,7520
32.7079999999987,8680
32.7079999999987,9542
32.7079999999987,9648
32.7079999999987,9254
32.7079999999987,8500
32.7549999999974,8160
32.7549999999974,8542
32.7549999999974,9240
32.7549999999974,10136
32.7549999999974,10290
32.7549999999974,10814
32.7549999999974,9978
32.7549999999974,9326
32.7549999999974,8116
32.7549999999974,8342
32.8029999999999,8690
32.8029999999999,9484
32.8029999999999,9856
32.8029999999999,8956
32.8029999999999,8080
32.8029999999999,7684
32.8029999999999,8884
32.8029999999999,9296
32.8029999999999,10210
32.8499999999985,10322
32.8499999999985,10780
32.8499999999985,9738
32.8499999999985,9048
32.8499999999985,8278
32.8499999999985,8642
32.8499999999985,8994
32.8499999999985,9368
32.8499999999985,9850
32.8499999999985,8684
32.8969999999972,7600
32.8969999999972,7446
32.8969999999972,8992
32.8969999999972,10106
32.8969999999972,10224
32.8969999999972,10744
32.8969999999972,10276
32.8969999999972,9454
32.9440000000031,8720
32.9440000000031,8062
32.9440000000031,8936
32.9440000000031,9404
32.9440000000031,9316
32.9440000000031,9938
32.9440000000031,8992
32.9440000000031,7216
32.9440000000031,7452
32.9440000000031,9048
32.9910000000018,10208
32.9910000000018,10188
32.9910000000018,10752
32.9910000000018,10164
32.9910000000018,9424
32.9910000000018,8026
32.9910000000018,7628
32.9910000000018,8828
32.9910000000018,9624
33.038999999997,9202
33.038999999997,9538
33.038999999997,8858
33.038999999997,7770
33.038999999997,8480
33.038999999997,9230
33.038999999997,10270
33.038999999997,10266
33.038999999997,10810
33.038999999997,10034
33.086000000003,9346
33.086000000003,7744
33.086000000003,7514
33.086000000003,8742
33.086000000003,9546
33.086000000003,9228
33.086000000003,9450
33.086000000003,8762
33.086000000003,7996
33.1330000000016,8670
33.1330000000016,9290
33.1330000000016,10126
33.1330000000016,10306
33.1330000000016,10820
33.1330000000016,9922
33.1330000000016,9348
33.1330000000016,8238
33.1330000000016,7500
33.1800000000003,8696
33.1800000000003,9552
33.1800000000003,9536
33.1800000000003,9336
33.1800000000003,8650
33.1800000000003,8130
33.1800000000003,8850
33.1800000000003,9326
33.1800000000003,10210
33.2280000000028,10326
33.2280000000028,10804
33.2280000000028,9792
33.2280000000028,9100
33.2280000000028,8260
33.2280000000028,8124
33.2280000000028,8700
33.2280000000028,9538
33.2280000000028,9834
33.2280000000028,9130
33.2750000000015,8362
33.2750000000015,8006
33.2750000000015,9094
33.2750000000015,9648
33.2750000000015,10236
33.2750000000015,10348
33.2750000000015,10754
33.2750000000015,9604
33.2750000000015,8886
33.2750000000015,8294
33.3220000000001,8530
33.3220000000001,8720
33.3220000000001,9480
33.3220000000001,9890
33.3220000000001,8870
33.3220000000001,7976
33.3220000000001,7662
33.3220000000001,8880
33.3220000000001,9982
33.3680000000022,10220
33.3680000000022,10352
33.3680000000022,10780
33.3680000000022,9454
33.3680000000022,8644
33.3680000000022,7944
33.3680000000022,8638
33.3680000000022,9054
33.4170000000013,9414
33.4170000000013,9886
33.4170000000013,8644
33.4170000000013,7704
33.4170000000013,7518
33.4170000000013,8942
33.4170000000013,10056
33.4170000000013,10200
33.4170000000013,10706
33.4170000000013,10236
33.4630000000034,9376
33.4630000000034,8248
33.4630000000034,7750
33.4630000000034,8850
33.4630000000034,9394
33.4630000000034,9336
33.4630000000034,9922
33.4630000000034,9034
33.4630000000034,7354
33.4630000000034,7376
33.5109999999986,9048
33.5109999999986,10192
33.5109999999986,10264
33.5109999999986,10754
33.5109999999986,10302
33.5109999999986,9548
33.5109999999986,7898
33.5109999999986,7524
33.5109999999986,8778
33.5579999999973,9644
33.5579999999973,9260
33.5579999999973,9702
33.5579999999973,8900
33.5579999999973,7212
33.5579999999973,8182
33.5579999999973,9104
33.5579999999973,10352
33.5579999999973,10240
33.6059999999998,10768
33.6059999999998,10030
33.6059999999998,9342
33.6059999999998,7786
33.6059999999998,8018
33.6059999999998,8674
33.6059999999998,9566
33.6059999999998,9194
33.6059999999998,9424
33.6529999999984,8762
33.6529999999984,8018
33.6529999999984,8706
33.6529999999984,9294
33.6529999999984,10152
33.6529999999984,10296
33.6529999999984,10800
33.6529999999984,9844
33.6529999999984,9222
33.6529999999984,8280
33.6999999999971,8550
33.6999999999971,8686
33.6999999999971,9420
33.6999999999971,9756
33.6999999999971,9136
33.6999999999971,8392
33.6999999999971,8058
33.6999999999971,9044
33.6999999999971,9520
33.747000000003,10198
33.747000000003,10316
33.747000000003,10742
33.747000000003,9584
33.747000000003,8854
33.747000000003,8274
33.747000000003,8792
33.747000000003,9330
33.747000000003,9322
33.747000000003,9890
33.7940000000017,9002
33.7940000000017,7432
33.7940000000017,7586
33.7940000000017,8916
33.7940000000017,9984
33.7940000000017,10178
33.7940000000017,10522
33.7940000000017,10548
33.7940000000017,9286
33.8410000000003,8388
33.8410000000003,7872
33.8410000000003,8812
33.8410000000003,9536
33.8410000000003,9294
33.8410000000003,9814
33.8410000000003,8922
33.8410000000003,7206
33.8410000000003,7390
33.8890000000029,9022
33.8890000000029,10128
33.8890000000029,10236
33.8890000000029,10768
33.8890000000029,10322
33.8890000000029,9516
33.8890000000029,8090
33.8890000000029,7672
33.8890000000029,8858
33.8890000000029,9618
33.9369999999981,9280
33.9369999999981,9552
33.9369999999981,8894
33.9369999999981,7490
33.9369999999981,7438
33.9369999999981,9080
33.9369999999981,10208
33.9369999999981,10240
33.9369999999981,10754
33.9839999999967,10282
33.9839999999967,9546
33.9839999999967,7822
33.9839999999967,7520
33.9839999999967,8792
33.9839999999967,9628
33.9839999999967,9168
33.9839999999967,9458
33.9839999999967,8786
33.9839999999967,7956
34.0319999999992,8186
34.0319999999992,9116
34.0319999999992,10328
34.0319999999992,10240
34.0319999999992,10794
34.0319999999992,10138
34.0319999999992,9392
34.0319999999992,7608
34.0789999999979,7464
34.0789999999979,8680
34.0789999999979,9512
34.0789999999979,9542
34.0789999999979,9294
34.0789999999979,8606
34.0789999999979,8134
34.0789999999979,8878
34.0789999999979,9214
34.0789999999979,10198
34.1270000000004,10260
34.1270000000004,10790
34.1270000000004,9992
34.1270000000004,9322
34.1270000000004,8038
34.1270000000004,8278
34.1270000000004,8700
34.1270000000004,9502
34.1270000000004,9854
34.1739999999991,9064
34.1739999999991,8268
34.1739999999991,7848
34.1739999999991,9120
34.1739999999991,9346
34.1739999999991,10168
34.1739999999991,10312
34.1739999999991,10816
34.1739999999991,9948
34.1739999999991,9330
34.2209999999977,8180
34.2209999999977,8388
34.2209999999977,8710
34.2209999999977,9486
34.2209999999977,9860
34.2209999999977,8994
34.2209999999977,8176
34.2209999999977,7720
34.2209999999977,9014
34.2680000000037,9782
34.2680000000037,10188
34.2680000000037,10300
34.2680000000037,10790
34.2680000000037,9834
34.2680000000037,9214
34.2680000000037,8270
34.2680000000037,8526
34.2680000000037,8710
34.3150000000023,9458
34.3150000000023,9880
34.3150000000023,8864
34.3150000000023,7944
34.3150000000023,7636
34.3150000000023,8844
34.3150000000023,9922
34.3150000000023,10174
34.3150000000023,10348
34.3150000000023,10752
34.362000000001,9680
34.362000000001,9008
34.362000000001,8284
34.362000000001,8648
34.362000000001,9110
34.362000000001,9388
34.362000000001,9866
34.362000000001,8638
34.362000000001,7694
34.4100000000035,7514
34.4100000000035,8958
34.4100000000035,10054
34.4100000000035,10200
34.4100000000035,10624
34.4100000000035,10676
34.4100000000035,9384
34.4100000000035,8540
34.4100000000035,8300
34.4100000000035,8678
34.4570000000022,9168
34.4570000000022,9376
34.4570000000022,9864
34.4570000000022,8648
34.4570000000022,7678
34.4570000000022,7520
34.4570000000022,8972
34.4570000000022,10070
34.4570000000022,10218
34.5049999999974,10558
34.5049999999974,10798
34.5049999999974,9454
34.5049999999974,8638
34.5049999999974,7956
34.5049999999974,8978
34.5049999999974,8906
34.5049999999974,9424
34.5049999999974,9880
34.5520000000033,8746
34.5520000000033,7792
34.5520000000033,7592
34.5520000000033,8946
34.5520000000033,9998
34.5520000000033,10204
34.5520000000033,10476
34.5520000000033,10778
34.5520000000033,9412
34.599000000002,8578
34.599000000002,7962
34.599000000002,8936
34.599000000002,9444
34.599000000002,9362
34.599000000002,9840
34.599000000002,8668
34.599000000002,7622
34.599000000002,7448
34.599000000002,8982
34.6469999999972,10066
34.6469999999972,10200
34.6469999999972,10680
34.6469999999972,10228
34.6469999999972,9372
34.6469999999972,8252
34.6469999999972,7754
34.6469999999972,8840
34.6469999999972,9568
34.6940000000031,9326
34.6940000000031,9902
34.6940000000031,9012
34.6940000000031,7406
34.6940000000031,7366
34.6940000000031,9038
34.6940000000031,10142
34.6940000000031,10254
34.6940000000031,10744
34.7410000000018,10306
34.7410000000018,9530
34.7410000000018,7976
34.7410000000018,7590
34.7410000000018,8808
34.7410000000018,9628
34.7410000000018,9166
34.7410000000018,9890
34.7410000000018,8922
34.7410000000018,7176
34.788999999997,7834
34.788999999997,9084
34.788999999997,10256
34.788999999997,10194
34.788999999997,10768
34.788999999997,10132
34.788999999997,9394
34.788999999997,7628
34.788999999997,7468
34.836000000003,8678
34.836000000003,9500
34.836000000003,9474
34.836000000003,9294
34.836000000003,8860
34.836000000003,7698
34.836000000003,8444
34.836000000003,9230
34.836000000003,10364
34.836000000003,10260
34.8830000000016,10800
34.8830000000016,10046
34.8830000000016,9340
34.8830000000016,7688
34.8830000000016,7844
34.8830000000016,8658
34.8830000000016,9486
34.8830000000016,9758
34.8830000000016,9116
34.9300000000003,8360
34.9300000000003,7970
34.9300000000003,8648
34.9300000000003,9270
34.9300000000003,10092
34.9300000000003,10270
34.9300000000003,10768
34.9300000000003,9874
34.9300000000003,9276
34.976999999999,8252
34.976999999999,8496
34.976999999999,8696
34.976999999999,9450
34.976999999999,9866
34.976999999999,8894
34.976999999999,8034
34.976999999999,8142
34.976999999999,8900
35.0250000000015,9332
35.0250000000015,10194
35.0250000000015,10306
35.0250000000015,10790
35.0250000000015,9824
35.0250000000015,9158
35.0250000000015,8324
35.0250000000015,8532
35.0250000000015,8696
35.0250000000015,9440
35.0720000000001,9866
35.0720000000001,8824
35.0720000000001,7890
35.0720000000001,7626
35.0720000000001,8992
35.0720000000001,9352
35.0720000000001,10204
35.0720000000001,10322
35.0720000000001,10774
35.1189999999988,9762
35.1189999999988,9058
35.1189999999988,8278
35.1189999999988,8612
35.1189999999988,8848
35.1189999999988,9448
35.1189999999988,9890
35.1189999999988,8796
35.1189999999988,7844
35.1659999999974,7596
35.1659999999974,8920
35.1659999999974,9394
35.1659999999974,10224
35.1659999999974,10342
35.1659999999974,10798
35.1659999999974,9794
35.1659999999974,9116
35.1659999999974,8290
35.2139999999999,8596
35.2139999999999,8720
35.2139999999999,9450
35.2139999999999,9882
35.2139999999999,8838
35.2139999999999,7904
