25.5390000000043,9178
25.5390000000043,10034
25.5390000000043,10418
25.5390000000043,9418
25.5390000000043,8514
25.5390000000043,8160
25.5390000000043,9558
25.5390000000043,10744
25.5390000000043,10860
25.586000000003,11396
25.586000000003,10852
25.586000000003,10162
25.586000000003,8244
25.586000000003,7966
25.586000000003,9276
25.586000000003,10270
25.586000000003,9840
25.586000000003,9854
25.6340000000055,9234
25.6340000000055,8684
25.6340000000055,9608
25.6340000000055,10440
25.6340000000055,10814
25.6340000000055,10968
25.6340000000055,10880
25.6340000000055,10172
25.6340000000055,8644
25.6810000000041,8130
25.6810000000041,9234
25.6810000000041,10060
25.6810000000041,9974
25.6810000000041,9756
25.6810000000041,9100
25.6810000000041,8500
25.6810000000041,9520
25.6810000000041,10544
25.6810000000041,10808
25.7290000000066,11128
25.7290000000066,10908
25.7290000000066,10210
25.7290000000066,9054
25.7290000000066,8448
25.7290000000066,9322
25.7290000000066,10146
25.7290000000066,9758
25.7290000000066,9984
25.7750000000015,9458
25.7750000000015,8644
25.7750000000015,9384
25.7750000000015,10086
25.7750000000015,10800
25.7750000000015,10852
25.7750000000015,10970
25.7750000000015,9926
25.7750000000015,8848
25.823000000004,8270
25.823000000004,9270
25.823000000004,10246
25.823000000004,9762
25.823000000004,9896
25.823000000004,9294
25.823000000004,8366
25.823000000004,9122
25.823000000004,9792
25.8700000000026,10808
25.8700000000026,10872
25.8700000000026,11328
25.8700000000026,10112
25.8700000000026,9300
25.8700000000026,8592
25.8700000000026,9336
25.8700000000026,10086
25.8700000000026,9792
25.8700000000026,10112
25.9170000000013,9538
25.9170000000013,8478
25.9170000000013,9168
25.9170000000013,9814
25.9170000000013,10824
25.9170000000013,10906
25.9170000000013,11388
25.9170000000013,10480
25.9170000000013,9830
25.9639999999999,8886
25.9639999999999,9120
25.9639999999999,9818
25.9639999999999,9902
25.9639999999999,10470
25.9639999999999,9670
25.9639999999999,7878
25.9639999999999,8114
25.9639999999999,9656
25.9639999999999,10984
26.0120000000024,10880
26.0120000000024,11374
26.0120000000024,10528
26.0120000000024,9922
26.0120000000024,8868
26.0120000000024,9064
26.0120000000024,9156
26.0120000000024,9972
26.0590000000011,10408
26.0590000000011,9212
26.0590000000011,8258
26.0590000000011,8026
26.0590000000011,9568
26.0590000000011,10790
26.0590000000011,10844
26.0590000000011,11348
26.0590000000011,10680
26.0590000000011,9984
26.1059999999998,8324
26.1059999999998,8788
26.1059999999998,9142
26.1059999999998,10030
26.1059999999998,10322
26.1059999999998,9516
26.1059999999998,8694
26.1059999999998,8252
26.1059999999998,9516
26.1530000000057,10696
26.1530000000057,10824
26.1530000000057,11354
26.1530000000057,10798
26.1530000000057,10100
26.1530000000057,8152
26.1530000000057,8042
26.1530000000057,9176
26.1530000000057,10024
26.1530000000057,10408
26.2000000000044,9404
26.2000000000044,8496
26.2000000000044,8136
26.2000000000044,9494
26.2000000000044,10548
26.2000000000044,10798
26.2000000000044,11152
26.2000000000044,10912
26.2000000000044,10208
26.247000000003,8406
26.247000000003,8028
26.247000000003,9208
26.247000000003,10020
26.247000000003,10214
26.247000000003,9568
26.247000000003,8796
26.247000000003,8324
26.247000000003,9536
26.2940000000017,10666
26.2940000000017,10824
26.2940000000017,11328
26.2940000000017,10852
26.2940000000017,10158
26.2940000000017,8260
26.2940000000017,7952
26.2940000000017,9274
26.2940000000017,10230
26.3420000000042,9830
26.3420000000042,9802
26.3420000000042,9158
26.3420000000042,8596
26.3420000000042,9562
26.3420000000042,10480
26.3420000000042,10784
26.3420000000042,11098
26.3420000000042,10898
26.3420000000042,10194
26.3890000000029,8406
26.3890000000029,7998
26.3890000000029,9204
26.3890000000029,10024
26.3890000000029,10218
26.3890000000029,9624
26.3890000000029,8878
26.3890000000029,8372
26.3890000000029,9500
26.4360000000015,10280
26.4360000000015,10794
26.4360000000015,10886
26.4360000000015,10834
26.4360000000015,10082
26.4360000000015,8726
26.4360000000015,8188
26.4360000000015,9260
26.4360000000015,10250
26.4830000000002,9846
26.4830000000002,9818
26.4830000000002,9188
26.4830000000002,8612
26.4830000000002,9562
26.4830000000002,10482
26.4830000000002,10794
26.4830000000002,11080
26.4830000000002,10896
26.5310000000027,10200
26.5310000000027,8444
26.5310000000027,8018
26.5310000000027,9212
26.5310000000027,10008
26.5310000000027,9768
26.5310000000027,9982
26.5310000000027,9444
26.5310000000027,8658
26.5310000000027,9408
26.5770000000048,10116
26.5770000000048,10804
26.5770000000048,10846
26.5770000000048,10886
26.5770000000048,9982
26.5770000000048,8768
26.5770000000048,8218
26.5770000000048,9270
26.5770000000048,10266
26.625,9804
26.625,9866
26.625,9248
26.625,8684
26.625,9166
26.625,9778
26.625,10794
26.625,10856
26.625,11354
26.6720000000059,10014
26.6720000000059,9156
26.6720000000059,8516
26.6720000000059,9326
26.6720000000059,10128
26.6720000000059,9788
26.6720000000059,10064
26.6720000000059,9526
26.6720000000059,8582
26.7190000000046,9284
26.7190000000046,9838
26.7190000000046,10824
26.7190000000046,10870
26.7190000000046,11364
26.7190000000046,9956
26.7190000000046,9080
26.7190000000046,8880
26.7190000000046,9330
26.7190000000046,9982
26.7660000000033,9840
26.7660000000033,10358
26.7660000000033,9582
26.7660000000033,7780
26.7660000000033,8904
26.7660000000033,9736
26.7660000000033,10680
26.7660000000033,10886
26.7660000000033,11370
26.7660000000033,10346
26.8140000000058,9634
26.8140000000058,8884
26.8140000000058,9254
26.8140000000058,9936
26.8140000000058,9846
26.8140000000058,10472
26.8140000000058,9592
26.8140000000058,8022
26.8140000000058,7946
26.8610000000044,9630
26.8610000000044,10862
26.8610000000044,10886
26.8610000000044,11406
26.8610000000044,10686
26.8610000000044,9988
26.8610000000044,8402
26.8610000000044,8834
26.8610000000044,9158
26.9089999999997,9946
26.9089999999997,10418
26.9089999999997,9258
26.9089999999997,8110
26.9089999999997,8234
26.9089999999997,9538
26.9089999999997,10686
26.9089999999997,10826
26.9089999999997,11344
26.9560000000056,10810
26.9560000000056,10112
26.9560000000056,8180
26.9560000000056,7976
26.9560000000056,9168
26.9560000000056,10014
26.9560000000056,10394
26.9560000000056,9412
26.9560000000056,8506
26.9560000000056,8134
27.0030000000042,9572
27.0030000000042,10738
27.0030000000042,10840
27.0030000000042,11364
27.0030000000042,10774
27.0030000000042,10076
27.0030000000042,8134
27.0030000000042,8074
27.0030000000042,9230
27.0509999999995,10030
27.0509999999995,10132
27.0509999999995,9702
27.0509999999995,9002
27.0509999999995,8424
27.0509999999995,9466
27.0509999999995,10604
27.0509999999995,10808
27.0509999999995,11230
27.0980000000054,10898
27.0980000000054,10204
27.0980000000054,8372
27.0980000000054,8002
27.0980000000054,9194
27.0980000000054,10018
27.0980000000054,10270
27.0980000000054,9582
27.0980000000054,9320
27.1450000000041,8704
27.1450000000041,9512
27.1450000000041,10362
27.1450000000041,10794
27.1450000000041,10932
27.1450000000041,10888
27.1450000000041,10192
27.1450000000041,8582
27.1450000000041,8088
27.1450000000041,9224
27.1920000000027,10056
27.1920000000027,10074
27.1920000000027,9746
27.1920000000027,9068
27.1920000000027,8474
27.1920000000027,9494
27.1920000000027,10562
27.1920000000027,10798
27.1920000000027,11170
27.1920000000027,10918
27.2390000000014,10214
27.2390000000014,8432
27.2390000000014,8016
27.2390000000014,9312
27.2390000000014,10184
27.2390000000014,9782
27.2390000000014,9998
27.2390000000014,9484
27.2860000000001,8658
27.2860000000001,9394
27.2860000000001,10046
27.2860000000001,10824
27.2860000000001,10882
27.2860000000001,11324
27.2860000000001,9916
27.2860000000001,9012
27.2860000000001,8398
27.2860000000001,9316
27.3340000000026,10174
27.3340000000026,9778
27.3340000000026,10000
27.3340000000026,9450
27.3340000000026,7872
27.3340000000026,8968
27.3340000000026,9758
27.3340000000026,10762
27.3340000000026,10866
27.3810000000012,11332
27.3810000000012,10200
27.3810000000012,9454
27.3810000000012,8760
27.3810000000012,9384
27.3810000000012,10046
27.3810000000012,9834
27.3810000000012,10142
27.3810000000012,9552
27.3810000000012,7966
27.4290000000037,8992
27.4290000000037,9738
27.4290000000037,10764
27.4290000000037,10836
27.4290000000037,11308
27.4290000000037,10076
27.4290000000037,9258
27.4290000000037,8568
27.4290000000037,9168
27.4750000000058,9882
27.4750000000058,9814
27.4750000000058,10456
27.4750000000058,9568
27.4750000000058,7746
27.4750000000058,8860
27.4750000000058,9710
27.4750000000058,10660
27.4750000000058,10860
27.523000000001,11352
27.523000000001,10290
27.523000000001,9582
27.523000000001,8966
27.523000000001,9326
27.523000000001,9952
27.523000000001,9804
27.523000000001,10220
27.523000000001,9542
27.5699999999997,7910
27.5699999999997,7914
27.5699999999997,9628
27.5699999999997,10942
27.5699999999997,10844
27.5699999999997,11344
27.5699999999997,10456
27.5699999999997,9824
27.5699999999997,8878
27.5699999999997,9100
27.6180000000022,9782
27.6180000000022,9846
27.6180000000022,10472
27.6180000000022,9628
27.6180000000022,7816
27.6180000000022,8542
27.6180000000022,9664
27.6180000000022,10808
27.6180000000022,10830
27.6650000000009,11360
27.6650000000009,10588
27.6650000000009,9922
27.6650000000009,8720
27.6650000000009,8956
27.6650000000009,9176
27.6650000000009,9912
27.6650000000009,10430
27.6650000000009,9608
27.7130000000034,7970
27.7130000000034,7914
27.7130000000034,9608
27.7130000000034,10880
27.7130000000034,10844
27.7130000000034,11358
27.7130000000034,10526
27.7130000000034,9912
27.7130000000034,8860
27.7130000000034,8424
27.760000000002,9156
27.760000000002,9972
27.760000000002,10408
27.760000000002,9214
27.760000000002,8242
27.760000000002,8012
27.760000000002,9556
27.760000000002,10784
27.760000000002,10834
27.8080000000045,11354
27.8080000000045,10650
27.8080000000045,9968
27.8080000000045,8432
27.8080000000045,8844
27.8080000000045,9158
27.8080000000045,10040
27.8080000000045,10368
27.8080000000045,9510
27.8080000000045,8674
27.8550000000032,8224
27.8550000000032,9548
27.8550000000032,10692
27.8550000000032,10824
27.8550000000032,11354
27.8550000000032,10804
27.8550000000032,10102
27.8550000000032,8176
27.9020000000019,7998
27.9020000000019,9168
27.9020000000019,10018
27.9020000000019,10404
27.9020000000019,9404
27.9020000000019,8490
27.9020000000019,8120
27.9020000000019,9526
27.9020000000019,10558
27.9020000000019,10800
27.9500000000044,11180
27.9500000000044,10916
27.9500000000044,10224
27.9500000000044,8460
27.9500000000044,8048
27.9500000000044,9222
27.9500000000044,10018
27.9500000000044,10178
27.9500000000044,9674
27.997000000003,8962
27.997000000003,8408
27.997000000003,9490
27.997000000003,10630
27.997000000003,10820
27.997000000003,11236
27.997000000003,10902
27.997000000003,10210
27.997000000003,8378
27.997000000003,8008
28.0440000000017,9296
28.0440000000017,10164
28.0440000000017,9736
28.0440000000017,9906
28.0440000000017,9284
28.0440000000017,8714
28.0440000000017,9542
28.0440000000017,10352
28.0440000000017,10808
28.0920000000042,10918
28.0920000000042,10896
28.0920000000042,10000
28.0920000000042,8808
28.0920000000042,8254
28.0920000000042,9302
28.0920000000042,10162
28.0920000000042,9762
28.0920000000042,9856
28.1390000000029,9230
28.1390000000029,8694
28.1390000000029,9186
28.1390000000029,9810
28.1390000000029,10804
28.1390000000029,10872
28.1390000000029,11348
28.1390000000029,10082
28.1390000000029,9250
28.1390000000029,8562
28.1860000000015,9330
28.1860000000015,10106
28.1860000000015,9794
28.1860000000015,10100
28.1860000000015,9512
28.1860000000015,8524
28.1860000000015,9204
28.1860000000015,9784
28.1860000000015,10790
28.234000000004,10830
28.234000000004,11334
28.234000000004,9876
28.234000000004,9496
28.234000000004,8782
28.234000000004,9394
28.234000000004,9994
28.234000000004,9782
28.234000000004,10074
28.2810000000027,9510
28.2810000000027,8180
28.2810000000027,9080
28.2810000000027,9778
28.2810000000027,10788
28.2810000000027,10856
28.2810000000027,11322
28.2810000000027,10086
28.2810000000027,9258
28.3280000000013,8572
28.3280000000013,9330
28.3280000000013,9900
28.3280000000013,9830
28.3280000000013,10476
28.3280000000013,9588
28.3280000000013,7756
28.3280000000013,8854
28.3280000000013,9726
28.3280000000013,10702
28.375,10882
28.375,11364
28.375,10372
28.375,9660
28.375,8920
28.375,9224
28.375,9892
28.375,9820
28.375,10450
28.4230000000025,9572
28.4230000000025,7760
28.4230000000025,7924
28.4230000000025,9634
28.4230000000025,10870
28.4230000000025,10860
28.4230000000025,11380
28.4230000000025,10600
28.4230000000025,9932
28.4230000000025,8686
28.4690000000046,8956
28.4690000000046,9176
28.4690000000046,9906
28.4690000000046,10424
28.4690000000046,9608
28.4690000000046,7962
28.4690000000046,7916
28.4690000000046,9630
28.4690000000046,10886
28.5169999999998,10870
28.5169999999998,11388
28.5169999999998,10584
28.5169999999998,9926
28.5169999999998,8162
28.5169999999998,8114
28.5169999999998,9198
28.5169999999998,10020
28.5169999999998,10410
28.5640000000058,9392
28.5640000000058,8468
28.5640000000058,8126
28.5640000000058,9568
28.5640000000058,10742
28.5640000000058,10834
28.5640000000058,11370
28.5640000000058,10804
28.5640000000058,10110
28.5640000000058,8172
28.612000000001,8094
28.612000000001,9204
28.612000000001,10028
28.612000000001,10046
28.612000000001,9798
28.612000000001,9146
28.612000000001,8592
28.612000000001,9548
28.612000000001,10532
28.6589999999997,10798
28.6589999999997,11052
28.6589999999997,10892
28.6589999999997,10200
28.6589999999997,8408
28.6589999999997,8018
28.6589999999997,9212
28.6589999999997,10024
28.6589999999997,10224
28.7070000000022,9660
28.7070000000022,8922
28.7070000000022,8388
28.7070000000022,9502
28.7070000000022,10174
28.7070000000022,10816
28.7070000000022,10872
28.7070000000022,11098
28.7070000000022,9912
28.7540000000008,8874
28.7540000000008,8300
28.7540000000008,9312
28.7540000000008,10220
28.7540000000008,9758
28.7540000000008,9922
28.7540000000008,9342
28.7540000000008,8700
28.7540000000008,9502
28.7540000000008,10328
28.8009999999995,10810
28.8009999999995,10898
28.8009999999995,10902
28.8009999999995,10054
28.8009999999995,8776
28.8009999999995,8232
28.8009999999995,9286
28.8009999999995,10060
28.8009999999995,9748
28.8480000000054,10060
28.8480000000054,9474
28.8480000000054,8536
28.8480000000054,9240
28.8480000000054,9792
28.8480000000054,10790
28.8480000000054,10830
28.8480000000054,11262
28.8480000000054,9856
28.8480000000054,8900
28.8960000000006,8304
28.8960000000006,9286
28.8960000000006,10162
28.8960000000006,9716
28.8960000000006,9866
28.8960000000006,9248
28.8960000000006,8704
28.8960000000006,9158
28.9430000000066,9788
28.9430000000066,10790
28.9430000000066,10846
28.9430000000066,11344
28.9430000000066,9974
28.9430000000066,9106
28.9430000000066,8478
28.9430000000066,9340
28.9430000000066,10122
28.9430000000066,9762
28.9900000000052,10004
28.9900000000052,9470
28.9900000000052,8632
28.9900000000052,9352
28.9900000000052,9988
28.9900000000052,10798
28.9900000000052,10856
28.9900000000052,11056
28.9900000000052,9910
29.0380000000005,9398
29.0380000000005,8608
29.0380000000005,9384
29.0380000000005,10046
29.0380000000005,9784
29.0380000000005,10096
29.0380000000005,9502
29.0380000000005,8382
29.0380000000005,9146
29.0380000000005,9782
29.0840000000026,10788
29.0840000000026,10834
29.0840000000026,11338
29.0840000000026,9928
29.0840000000026,9034
29.0840000000026,8406
29.0840000000026,9312
29.0840000000026,9992
29.0840000000026,9820
29.1320000000051,10220
29.1320000000051,9556
29.1320000000051,7832
29.1320000000051,8958
29.1320000000051,9748
29.1320000000051,10748
29.1320000000051,10852
29.1320000000051,11328
29.1320000000051,10158
29.1790000000037,9388
29.1790000000037,8602
29.1790000000037,9382
29.1790000000037,10070
29.1790000000037,9818
29.1790000000037,10100
29.1790000000037,9532
29.1790000000037,8176
29.1790000000037,8232
29.1790000000037,9656
29.2270000000062,10974
29.2270000000062,10860
29.2270000000062,11354
29.2270000000062,10426
29.2270000000062,9746
29.2270000000062,8880
29.2270000000062,9126
29.2270000000062,9886
29.2270000000062,9866
29.273000000001,10496
29.273000000001,9640
29.273000000001,7806
29.273000000001,8598
29.273000000001,9692
29.273000000001,10826
29.273000000001,10850
29.273000000001,11378
29.273000000001,10630
29.3210000000036,9942
29.3210000000036,8510
29.3210000000036,8900
29.3210000000036,9172
29.3210000000036,9942
29.3210000000036,10446
29.3210000000036,9398
29.3210000000036,8080
29.3210000000036,7950
29.3680000000022,9608
29.3680000000022,10844
29.3680000000022,10852
29.3680000000022,11378
29.3680000000022,10610
29.3680000000022,9932
29.3680000000022,8654
29.3680000000022,8942
29.3680000000022,9212
29.3680000000022,10064
29.4150000000009,10414
29.4150000000009,9506
29.4150000000009,8660
29.4150000000009,8216
29.4150000000009,9538
29.4150000000009,10702
29.4150000000009,10820
29.4150000000009,11358
29.4150000000009,10798
29.4619999999995,10096
29.4619999999995,8160
29.4619999999995,8080
29.4619999999995,9152
29.4619999999995,10004
29.4619999999995,10404
29.4619999999995,9340
29.4619999999995,8388
29.4619999999995,8062
29.4619999999995,9460
29.510000000002,10614
29.510000000002,10804
29.510000000002,11288
29.510000000002,10886
29.510000000002,10194
29.510000000002,8346
29.510000000002,7980
29.510000000002,9202
29.5570000000007,10066
29.5570000000007,10302
29.5570000000007,9644
29.5570000000007,8896
29.5570000000007,8370
29.5570000000007,9530
29.5570000000007,10662
29.5570000000007,10830
29.5570000000007,11338
29.5570000000007,10898
29.6040000000066,10198
29.6040000000066,8366
29.6040000000066,7998
29.6040000000066,9300
29.6040000000066,10240
29.6040000000066,9782
29.6040000000066,9972
29.6040000000066,9412
29.6040000000066,8684
29.6510000000053,9434
29.6510000000053,10204
29.6510000000053,10810
29.6510000000053,10880
29.6510000000053,10974
29.6510000000053,9956
29.6510000000053,8848
29.6510000000053,8304
29.6510000000053,9310
29.6510000000053,10236
29.6990000000005,9756
29.6990000000005,9916
29.6990000000005,9316
29.6990000000005,8684
29.6990000000005,9122
29.6990000000005,9804
29.6990000000005,10804
29.6990000000005,10892
29.6990000000005,11358
29.7460000000065,10198
29.7460000000065,9440
29.7460000000065,8706
29.7460000000065,9414
29.7460000000065,10040
29.7460000000065,9804
29.7460000000065,10086
29.7460000000065,9512
29.7460000000065,8150
29.7930000000051,9068
29.7930000000051,9772
29.7930000000051,10974
29.7930000000051,10860
29.7930000000051,11358
29.7930000000051,10420
29.7930000000051,9752
29.7930000000051,8860
29.7930000000051,9140
29.7930000000051,9870
29.8410000000003,9854
29.8410000000003,10482
29.8410000000003,9628
29.8410000000003,7802
29.8410000000003,8638
29.8410000000003,9710
29.8410000000003,10856
29.8410000000003,10898
29.8410000000003,11380
29.8880000000063,10456
29.8880000000063,9784
29.8880000000063,8906
29.8880000000063,8804
29.8880000000063,9178
29.8880000000063,9932
29.8880000000063,10418
29.8880000000063,9208
29.8880000000063,8166
29.8880000000063,7982
29.9350000000049,9598
29.9350000000049,10814
29.9350000000049,10846
29.9350000000049,11364
29.9350000000049,10644
29.9350000000049,9958
29.9350000000049,8442
29.9350000000049,8886
29.9820000000036,9168
29.9820000000036,9938
29.9820000000036,10374
29.9820000000036,9526
29.9820000000036,8700
29.9820000000036,8248
29.9820000000036,9558
29.9820000000036,10716
29.9820000000036,10850
29.9820000000036,11374
30.0300000000061,10876
30.0300000000061,10178
30.0300000000061,8310
30.0300000000061,7982
30.0300000000061,9208
30.0300000000061,10050
30.0300000000061,10318
30.0300000000061,9538
30.0300000000061,8730
30.0770000000048,8260
30.0770000000048,9584
30.0770000000048,10430
30.0770000000048,10790
30.0770000000048,11080
30.0770000000048,10922
30.0770000000048,10214
30.0770000000048,8536
30.0770000000048,8074
30.0770000000048,9224
30.125,10018
30.125,10118
30.125,9710
30.125,9032
30.125,8458
30.125,9484
30.125,10608
30.125,10824
30.125,11132
30.1710000000021,10918
30.1710000000021,10220
30.1710000000021,8464
30.1710000000021,8034
30.1710000000021,9322
30.1710000000021,10174
30.1710000000021,9782
30.1710000000021,10018
30.1710000000021,9466
30.2190000000046,8632
30.2190000000046,9366
30.2190000000046,9964
30.2190000000046,10798
30.2190000000046,10856
30.2190000000046,11080
30.2190000000046,9900
30.2190000000046,8854
30.2190000000046,8284
30.2190000000046,9294
30.2660000000033,10204
30.2660000000033,9746
30.2660000000033,9906
30.2660000000033,9306
30.2660000000033,8700
30.2660000000033,9536
30.2660000000033,9774
30.2660000000033,10788
30.2660000000033,10840
30.3140000000058,11334
30.3140000000058,9988
30.3140000000058,9116
30.3140000000058,8480
30.3140000000058,9330
30.3140000000058,10112
30.3140000000058,9758
30.3140000000058,10004
30.3140000000058,9454
30.3600000000006,8608
30.3600000000006,9358
30.3600000000006,9994
30.3600000000006,10798
30.3600000000006,10866
30.3600000000006,11030
30.3600000000006,9910
30.3600000000006,9404
30.3600000000006,8720
30.4080000000031,9398
30.4080000000031,10046
30.4080000000031,9792
30.4080000000031,10092
30.4080000000031,9520
30.4080000000031,8320
30.4080000000031,9122
30.4080000000031,9804
30.4080000000031,10790
30.4080000000031,10886
30.4550000000017,11338
30.4550000000017,10148
30.4550000000017,9358
30.4550000000017,8602
30.4550000000017,9382
30.4550000000017,9844
30.4550000000017,9880
30.4550000000017,10472
30.4550000000017,9656
30.5020000000004,7842
30.5020000000004,8356
30.5020000000004,9654
30.5020000000004,10880
30.5020000000004,10856
30.5020000000004,11354
30.5020000000004,10390
30.5020000000004,9686
30.5020000000004,8860
30.5020000000004,9168
30.5490000000063,9882
30.5490000000063,9838
30.5490000000063,10470
30.5490000000063,9592
30.5490000000063,8026
30.5490000000063,7920
30.5490000000063,9594
30.5490000000063,10850
30.596000000005,10850
30.596000000005,11378
30.596000000005,10564
30.596000000005,9916
30.596000000005,8778
30.596000000005,8976
30.596000000005,9306
30.596000000005,9912
30.596000000005,10444
30.596000000005,9654
30.6440000000002,7952
30.6440000000002,7914
30.6440000000002,9558
30.6440000000002,10758
30.6440000000002,10850
30.6440000000002,11378
30.6440000000002,10784
30.6440000000002,10086
30.6440000000002,8146
30.6910000000062,8180
30.6910000000062,9192
30.6910000000062,10028
30.6910000000062,10408
30.6910000000062,9402
30.6910000000062,8480
30.6910000000062,8126
30.6910000000062,9566
30.6910000000062,10752
30.6910000000062,10846
30.7380000000048,11384
30.7380000000048,10814
30.7380000000048,10112
30.7380000000048,8176
30.7380000000048,8042
30.7380000000048,9248
30.7380000000048,10064
30.7380000000048,10046
30.7380000000048,9772
30.7850000000035,9130
30.7850000000035,8520
30.7850000000035,9538
30.7850000000035,10552
30.7850000000035,10800
30.7850000000035,11118
30.7850000000035,10908
30.7850000000035,10210
30.7850000000035,8464
30.833000000006,8044
30.833000000006,9222
30.833000000006,10010
30.833000000006,10164
30.833000000006,9720
30.833000000006,9032
30.833000000006,8442
30.833000000006,9474
30.833000000006,9982
30.8790000000008,10810
30.8790000000008,10882
30.8790000000008,11296
30.8790000000008,9902
30.8790000000008,9008
30.8790000000008,8398
30.8790000000008,9312
30.8790000000008,10172
30.8790000000008,9794
30.8790000000008,10020
30.9259999999995,9470
30.9259999999995,8632
30.9259999999995,9352
30.9259999999995,9964
30.9259999999995,10810
30.9259999999995,10888
30.9259999999995,11334
30.9259999999995,9956
30.9259999999995,9074
30.9730000000054,8452
30.9730000000054,9346
30.9730000000054,9972
30.9730000000054,9844
30.9730000000054,10352
30.9730000000054,9572
30.9730000000054,7780
30.9730000000054,8900
30.9730000000054,9726
31.0210000000006,10676
31.0210000000006,10870
31.0210000000006,11344
31.0210000000006,10302
31.0210000000006,9592
31.0210000000006,8900
31.0210000000006,9306
31.0210000000006,9962
31.0210000000006,9854
31.0680000000066,10450
31.0680000000066,9598
31.0680000000066,7782
31.0680000000066,7936
31.0680000000066,9604
31.0680000000066,10840
31.0680000000066,10856
31.0680000000066,11374
31.0680000000066,10590
31.0680000000066,9926
31.1150000000052,8684
31.1150000000052,8942
31.1150000000052,9188
31.1150000000052,9922
31.1150000000052,10434
31.1150000000052,9502
31.1150000000052,8012
31.1150000000052,7914
31.1150000000052,9594
31.1620000000039,10846
31.1620000000039,10850
31.1620000000039,11360
31.1620000000039,10578
31.1620000000039,10092
31.1620000000039,8152
31.1620000000039,8062
31.1620000000039,9172
31.1620000000039,10010
31.2090000000026,10394
31.2090000000026,9408
31.2090000000026,8496
31.2090000000026,8120
31.2090000000026,9548
31.2090000000026,10728
31.2090000000026,10826
31.2090000000026,11358
31.2090000000026,10754
31.2570000000051,10074
31.2570000000051,8124
31.2570000000051,8186
31.2570000000051,9208
31.2570000000051,9974
31.2570000000051,10136
31.2570000000051,9726
31.2570000000051,9044
31.2570000000051,8454
31.2570000000051,9480
31.3040000000037,10572
31.3040000000037,10788
31.3040000000037,11168
31.3040000000037,10882
31.3040000000037,10184
31.3040000000037,8366
31.3040000000037,7998
31.3040000000037,9192
31.3040000000037,10038
31.3040000000037,10256
31.3520000000062,9612
31.3520000000062,8870
31.3520000000062,8678
31.3520000000062,9460
31.3520000000062,10256
31.3520000000062,10784
31.3520000000062,10862
31.3520000000062,10856
31.3520000000062,10038
31.398000000001,8750
31.398000000001,8216
31.398000000001,9264
31.398000000001,10234
31.398000000001,9794
31.398000000001,9850
31.398000000001,9230
31.398000000001,8670
31.4460000000036,9612
31.4460000000036,10444
31.4460000000036,10800
31.4460000000036,10942
31.4460000000036,10880
31.4460000000036,10152
31.4460000000036,9244
31.4460000000036,8552
31.4460000000036,9320
31.4460000000036,10100
31.4930000000022,9798
31.4930000000022,10100
31.4930000000022,9522
31.4930000000022,8488
31.4930000000022,9192
31.4930000000022,9820
31.4930000000022,10800
31.4930000000022,10882
31.4930000000022,11338
31.5400000000009,10136
31.5400000000009,9340
31.5400000000009,8582
31.5400000000009,9362
31.5400000000009,10070
31.5400000000009,9814
31.5400000000009,10472
31.5400000000009,9664
31.5400000000009,7862
31.5400000000009,8198
31.5869999999995,9644
31.5869999999995,10974
31.5869999999995,10856
31.5869999999995,11354
31.5869999999995,10450
31.5869999999995,9814
31.5869999999995,8884
31.5869999999995,9106
31.5869999999995,9772
31.635000000002,9886
31.635000000002,10462
31.635000000002,9664
31.635000000002,7868
31.635000000002,8018
31.635000000002,9588
31.635000000002,10788
31.635000000002,10862
31.635000000002,11370
31.6820000000007,10772
31.6820000000007,10074
31.6820000000007,8142
31.6820000000007,8212
31.6820000000007,9192
31.6820000000007,10014
31.6820000000007,10398
31.6820000000007,9402
31.6820000000007,8488
31.6820000000007,8120
31.7300000000032,9558
31.7300000000032,10538
31.7300000000032,10816
31.7300000000032,11030
31.7300000000032,10902
31.7300000000032,10198
31.7300000000032,8628
31.7300000000032,8140
31.7300000000032,9254
31.7770000000019,10126
31.7770000000019,9938
31.7770000000019,9798
31.7770000000019,9178
31.7770000000019,8612
31.7770000000019,9592
31.7770000000019,10492
31.7770000000019,10824
31.7770000000019,10958
31.7770000000019,10908
31.8240000000005,10008
31.8240000000005,8828
31.8240000000005,8278
31.8240000000005,9310
31.8240000000005,10230
31.8240000000005,9762
31.8240000000005,9948
31.8240000000005,9526
31.8710000000065,8116
31.8710000000065,9048
31.8710000000065,9782
31.8710000000065,10768
31.8710000000065,10876
31.8710000000065,11342
31.8710000000065,10228
31.8710000000065,9490
31.8710000000065,8798
31.8710000000065,9408
31.9190000000017,9994
31.9190000000017,9818
31.9190000000017,10184
31.9190000000017,9548
31.9190000000017,7864
31.9190000000017,8956
31.9190000000017,9640
31.9190000000017,10918
31.9190000000017,10866
31.9190000000017,11370
31.9660000000003,10552
31.9660000000003,9912
31.9660000000003,8798
31.9660000000003,8994
31.9660000000003,9382
31.9660000000003,9920
31.9660000000003,10436
31.9660000000003,9620
31.9660000000003,7970
32.0130000000063,7900
32.0130000000063,9602
32.0130000000063,10862
32.0130000000063,10850
32.0130000000063,11358
32.0130000000063,10552
32.0130000000063,9910
32.0130000000063,8786
32.0130000000063,8198
32.0600000000049,9168
32.0600000000049,10028
32.0600000000049,10410
32.0600000000049,9418
32.0600000000049,8514
32.0600000000049,8136
32.0600000000049,9538
32.0600000000049,10734
32.0600000000049,10834
32.1080000000002,11360
32.1080000000002,10780
32.1080000000002,10096
32.1080000000002,8156
32.1080000000002,8058
32.1080000000002,9182
32.1080000000002,10038
32.1080000000002,10046
32.1080000000002,9810
32.1080000000002,9178
32.1550000000061,8602
32.1550000000061,9568
32.1550000000061,10490
32.1550000000061,10794
32.1550000000061,11034
32.1550000000061,10906
32.1550000000061,10198
32.1550000000061,8514
32.1550000000061,8068
32.2020000000048,9222
32.2020000000048,10086
32.2020000000048,10132
32.2020000000048,9736
32.2020000000048,9076
32.2020000000048,8480
32.2020000000048,9490
32.2020000000048,10562
32.2020000000048,10800
32.2490000000034,10866
32.2490000000034,11308
32.2490000000034,9928
32.2490000000034,9044
32.2490000000034,8442
32.2490000000034,9332
32.2490000000034,10136
32.2490000000034,9784
32.2490000000034,10028
32.2970000000059,9496
32.2970000000059,8614
32.2970000000059,9332
32.2970000000059,9900
32.2970000000059,10824
32.2970000000059,10906
32.2970000000059,11370
32.2970000000059,10074
32.2970000000059,9244
32.2970000000059,8588
32.3440000000046,9362
32.3440000000046,9866
32.3440000000046,9844
32.3440000000046,10480
32.3440000000046,9608
32.3440000000046,7782
32.3440000000046,8716
32.3440000000046,9690
32.3440000000046,10762
32.3910000000033,10844
32.3910000000033,11328
32.3910000000033,10322
32.3910000000033,9620
32.3910000000033,8930
32.3910000000033,9248
32.3910000000033,9906
32.3910000000033,9810
32.3910000000033,10400
32.3910000000033,9566
32.4380000000019,7962
32.4380000000019,7914
32.4380000000019,9608
32.4380000000019,10852
32.4380000000019,10852
32.4380000000019,11364
32.4380000000019,10580
32.4380000000019,9932
32.4850000000006,8720
32.4850000000006,8962
32.4850000000006,9238
32.4850000000006,9880
32.4850000000006,10410
32.4850000000006,9604
32.4850000000006,7944
32.4850000000006,7890
32.4850000000006,9520
32.4850000000006,10718
32.5330000000031,10800
32.5330000000031,11314
32.5330000000031,10670
32.5330000000031,9920
32.5330000000031,8098
32.5330000000031,8696
32.5330000000031,9146
32.5330000000031,9958
32.5330000000031,10420
32.5790000000052,9186
32.5790000000052,8196
32.5790000000052,7980
32.5790000000052,9530
32.5790000000052,10768
32.5790000000052,10814
32.5790000000052,11352
32.5790000000052,10608
32.5790000000052,10122
32.5790000000052,8196
32.6270000000004,7926
32.6270000000004,9192
32.6270000000004,10054
32.6270000000004,10382
32.6270000000004,9532
32.6270000000004,8726
32.6270000000004,8254
32.6270000000004,9484
32.6270000000004,10672
32.6730000000025,10798
32.6730000000025,11338
32.6730000000025,10798
32.6730000000025,10106
32.6730000000025,8176
32.6730000000025,7970
32.6730000000025,9172
32.6730000000025,10070
32.6730000000025,9988
32.721000000005,9804
32.721000000005,9168
32.721000000005,8612
32.721000000005,9566
32.721000000005,10500
32.721000000005,10808
32.721000000005,10984
32.721000000005,10866
32.721000000005,10178
32.7680000000037,8628
32.7680000000037,8140
32.7680000000037,9240
32.7680000000037,10092
32.7680000000037,9958
32.7680000000037,9802
32.7680000000037,9162
32.7680000000037,8592
32.7680000000037,9562
32.7680000000037,9794
32.8160000000062,10778
32.8160000000062,10844
32.8160000000062,11322
32.8160000000062,9926
32.8160000000062,9034
32.8160000000062,8432
32.8160000000062,9320
32.8160000000062,10132
32.8160000000062,9768
32.8630000000048,10008
32.8630000000048,9454
32.8630000000048,8618
32.8630000000048,9332
32.8630000000048,9928
32.8630000000048,10784
32.8630000000048,10870
32.8630000000048,11200
32.8630000000048,9870
32.9100000000035,8942
32.9100000000035,8838
32.9100000000035,9402
32.9100000000035,9998
32.9100000000035,9802
32.9100000000035,10136
32.9100000000035,9526
32.9100000000035,7936
32.9100000000035,9008
32.9570000000022,9766
32.9570000000022,10752
32.9570000000022,10852
32.9570000000022,11322
32.9570000000022,10174
32.9570000000022,9414
32.9570000000022,8752
32.9570000000022,9412
32.9570000000022,10024
32.9570000000022,9784
33.0040000000008,10446
33.0040000000008,9660
33.0040000000008,7862
33.0040000000008,8068
33.0040000000008,9650
33.0040000000008,10948
33.0040000000008,10844
33.0040000000008,11344
33.0040000000008,10446
33.0509999999995,9798
33.0509999999995,8884
33.0509999999995,9110
33.0509999999995,9788
33.0509999999995,9818
33.0509999999995,10450
33.0509999999995,9660
33.0509999999995,7838
33.0509999999995,7992
33.0509999999995,9558
33.0980000000054,10780
33.0980000000054,10844
33.0980000000054,11370
33.0980000000054,10722
33.0980000000054,10034
33.0980000000054,8106
33.0980000000054,8592
33.0980000000054,9176
33.0980000000054,9972
33.1460000000006,10398
33.1460000000006,9222
33.1460000000006,8242
33.1460000000006,8016
33.1460000000006,9568
33.1460000000006,10784
33.1460000000006,10846
33.1460000000006,11360
33.1460000000006,10722
33.1920000000027,10204
33.1920000000027,8406
33.1920000000027,8028
33.1920000000027,9222
33.1920000000027,10004
33.1920000000027,10224
33.1920000000027,9684
33.1920000000027,8978
33.1920000000027,8424
33.2400000000052,9454
33.2400000000052,10608
33.2400000000052,10810
33.2400000000052,11170
33.2400000000052,10898
33.2400000000052,10200
33.2400000000052,8396
33.2400000000052,8016
33.2400000000052,9214
33.2400000000052,10034
33.2870000000039,10234
33.2870000000039,9700
33.2870000000039,9474
33.2870000000039,8634
33.2870000000039,9348
33.2870000000039,9982
33.2870000000039,10808
33.2870000000039,10882
33.2870000000039,11338
33.3340000000026,9952
33.3340000000026,9070
33.3340000000026,8474
33.3340000000026,9330
33.3340000000026,10148
33.3340000000026,9808
33.3340000000026,10080
33.3340000000026,9506
33.3340000000026,8568
33.3810000000012,9258
33.3810000000012,9830
33.3810000000012,10716
33.3810000000012,10866
33.3810000000012,11344
33.3810000000012,10348
33.3810000000012,9634
33.3810000000012,8904
33.3810000000012,9198
33.3810000000012,9926
33.4290000000037,9850
33.4290000000037,10502
33.4290000000037,9634
33.4290000000037,7806
33.4290000000037,8644
33.4290000000037,9686
33.4290000000037,10804
33.4290000000037,10856
33.4290000000037,11348
33.4760000000024,10378
33.4760000000024,9660
33.4760000000024,8834
33.4760000000024,8880
33.4760000000024,9168
33.4760000000024,9972
33.4760000000024,10456
33.4760000000024,9238
33.4760000000024,8160
33.5240000000049,7972
33.5240000000049,9552
33.5240000000049,10798
33.5240000000049,10834
33.5240000000049,11374
33.5240000000049,10680
33.5240000000049,9984
33.5240000000049,8216
33.5240000000049,8804
33.5699999999997,9208
33.5699999999997,10070
33.5699999999997,10306
33.5699999999997,9650
33.5699999999997,8922
33.5699999999997,8412
33.5699999999997,9480
33.5699999999997,10634
33.5699999999997,10824
33.5699999999997,11210
33.6180000000022,10928
33.6180000000022,10230
33.6180000000022,8494
33.6180000000022,8084
33.6180000000022,9254
33.6180000000022,10020
33.6180000000022,10148
33.6180000000022,9794
33.6180000000022,9142
33.6650000000009,8566
33.6650000000009,9556
33.6650000000009,9828
33.6650000000009,10798
33.6650000000009,10872
33.6650000000009,11354
33.6650000000009,9984
33.6650000000009,9112
33.6650000000009,8484
33.6650000000009,9330
33.7130000000034,10142
33.7130000000034,9794
33.7130000000034,10070
33.7130000000034,9506
33.7130000000034,8552
33.7130000000034,9264
33.7130000000034,9824
33.7130000000034,10800
33.7130000000034,10870
33.760000000002,11360
33.760000000002,9978
33.760000000002,9096
33.760000000002,8956
33.760000000002,9302
33.760000000002,9972
33.760000000002,9846
33.760000000002,10410
33.760000000002,9602
33.8080000000045,7756
33.8080000000045,8874
33.8080000000045,9742
33.8080000000045,10676
33.8080000000045,10862
33.8080000000045,11348
33.8080000000045,10302
33.8080000000045,9592
33.8080000000045,8950
33.8080000000045,9300
33.8550000000032,9968
33.8550000000032,9846
33.8550000000032,10384
33.8550000000032,9598
33.8550000000032,7986
33.8550000000032,7904
33.8550000000032,9602
33.8550000000032,10866
33.8550000000032,10840
33.9030000000057,11352
33.9030000000057,10490
33.9030000000057,9880
33.9030000000057,8840
33.9030000000057,9090
33.9030000000057,9736
33.9030000000057,9912
33.9030000000057,10472
33.9030000000057,9690
33.9500000000044,7898
33.9500000000044,7930
33.9500000000044,9542
33.9500000000044,10754
33.9500000000044,10820
33.9500000000044,11348
33.9500000000044,10660
33.9500000000044,9972
33.9500000000044,8288
33.997000000003,8828
33.997000000003,9156
33.997000000003,9972
33.997000000003,10460
33.997000000003,9258
33.997000000003,8146
33.997000000003,7950
33.997000000003,9548
33.997000000003,10826
33.997000000003,10836
34.0440000000017,11360
34.0440000000017,10588
34.0440000000017,9922
34.0440000000017,8160
34.0440000000017,8028
34.0440000000017,9178
34.0440000000017,10050
34.0440000000017,10434
34.0440000000017,9480
34.0910000000003,8602
34.0910000000003,8176
34.0910000000003,9536
34.0910000000003,10718
34.0910000000003,10834
34.0910000000003,11370
34.0910000000003,10790
34.0910000000003,10090
34.0910000000003,8156
34.0910000000003,8126
34.1390000000029,9228
34.1390000000029,10070
34.1390000000029,10138
34.1390000000029,9774
34.1390000000029,9110
34.1390000000029,8504
34.1390000000029,9526
34.1390000000029,10558
34.1390000000029,10804
34.1860000000015,11184
34.1860000000015,10916
34.1860000000015,10228
34.1860000000015,8458
34.1860000000015,8062
34.1860000000015,9240
34.1860000000015,10040
34.1860000000015,10200
34.1860000000015,9748
34.234000000004,9060
34.234000000004,8452
34.234000000004,9530
34.234000000004,10600
34.234000000004,10840
34.234000000004,10908
34.234000000004,11374
34.234000000004,10024
34.234000000004,9166
34.234000000004,8540
34.2810000000027,9342
34.2810000000027,10122
34.2810000000027,9788
34.2810000000027,10074
34.2810000000027,9506
34.2810000000027,8576
34.2810000000027,9274
34.2810000000027,9830
34.2810000000027,10790
34.3290000000052,10850
34.3290000000052,11188
34.3290000000052,9874
34.3290000000052,8910
34.3290000000052,8334
34.3290000000052,9306
34.3290000000052,10198
34.3290000000052,9742
34.3290000000052,10090
34.375,9516
34.375,8224
34.375,9106
34.375,9810
34.375,10804
34.375,10888
34.375,11368
34.375,10204
34.375,9428
34.4230000000025,8658
34.4230000000025,9438
34.4230000000025,10040
34.4230000000025,9818
34.4230000000025,10112
34.4230000000025,9542
34.4230000000025,8048
34.4230000000025,9054
34.4230000000025,9654
34.4230000000025,10974
34.4700000000012,10850
34.4700000000012,11344
34.4700000000012,10398
34.4700000000012,9710
34.4700000000012,8804
34.4700000000012,9172
34.4700000000012,9866
34.4700000000012,9804
34.4700000000012,10444
34.5169999999998,9578
34.5169999999998,7736
34.5169999999998,8864
34.5169999999998,9702
34.5169999999998,10676
34.5169999999998,10834
34.5169999999998,11324
34.5169999999998,10172
34.5169999999998,9402
34.5640000000058,8730
34.5640000000058,9110
34.5640000000058,9778
34.5640000000058,9830
34.5640000000058,10454
34.5640000000058,9608
34.5640000000058,7766
34.5640000000058,8704
34.5640000000058,9690
34.612000000001,10732
34.612000000001,10840
34.612000000001,11342
34.612000000001,10290
34.612000000001,9568
34.612000000001,8920
34.612000000001,9320
34.612000000001,9956
34.612000000001,9788
34.612000000001,10162
34.6589999999997,9530
34.6589999999997,7858
34.6589999999997,7986
34.6589999999997,9620
34.6589999999997,10964
34.6589999999997,10826
34.6589999999997,11332
34.6589999999997,10342
34.6589999999997,9644
34.6589999999997,8850
34.7070000000022,9240
34.7070000000022,9928
34.7070000000022,9820
34.7070000000022,10378
34.7070000000022,9584
34.7070000000022,7750
34.7070000000022,8910
34.7070000000022,9614
34.7070000000022,10888
34.7530000000042,10850
34.7530000000042,11364
34.7530000000042,10508
34.7530000000042,9892
34.7530000000042,8864
34.7530000000042,9094
34.7530000000042,9666
34.7530000000042,9896
34.7530000000042,10456
34.8000000000029,9674
34.8000000000029,7852
34.8000000000029,8120
34.8000000000029,9666
34.8000000000029,10988
34.8000000000029,10876
34.8000000000029,11390
34.8000000000029,10518
34.8000000000029,9882
34.8470000000016,8116
34.8470000000016,8648
34.8470000000016,9198
34.8470000000016,9988
34.8470000000016,10418
34.8470000000016,9212
34.8470000000016,8224
34.8470000000016,8022
34.8470000000016,9602
34.8470000000016,10768
34.8950000000041,10840
34.8950000000041,11364
34.8950000000041,10660
34.8950000000041,9968
34.8950000000041,8336
34.8950000000041,7956
34.8950000000041,9194
34.8950000000041,10038
34.8950000000041,10342
34.9420000000027,9476
34.9420000000027,8612
34.9420000000027,8198
34.9420000000027,9538
34.9420000000027,10690
34.9420000000027,10794
34.9420000000027,11306
34.9420000000027,10680
34.9420000000027,9988
34.9890000000014,8202
34.9890000000014,8796
34.9890000000014,9166
34.9890000000014,9962
34.9890000000014,10300
34.9890000000014,9532
34.9890000000014,8716
34.9890000000014,8238
34.9890000000014,9548
35.0370000000039,10690
35.0370000000039,10820
35.0370000000039,11358
35.0370000000039,10798
35.0370000000039,10076
35.0370000000039,8146
35.0370000000039,8176
35.0370000000039,9186
35.0370000000039,10028
35.0370000000039,10390
35.083000000006,9356
35.083000000006,8402
35.083000000006,8078
35.083000000006,9460
35.083000000006,10580
35.083000000006,10808
35.083000000006,11262
35.083000000006,10862
35.083000000006,10154
35.1310000000012,8274
35.1310000000012,7952
35.1310000000012,9204
35.1310000000012,10066
35.1310000000012,10358
35.1310000000012,9556
35.1310000000012,8750
35.1310000000012,8274
35.1310000000012,9530
35.1310000000012,10698
35.1779999999999,10824
35.1779999999999,11364
35.1779999999999,10808
35.1779999999999,10102
35.1779999999999,8162
35.1779999999999,8116
35.1779999999999,9258
35.1779999999999,10066
35.2260000000024,10138
35.2260000000024,9768
35.2260000000024,9104
35.2260000000024,8494
35.2260000000024,9520
35.2260000000024,10558
35.2260000000024,10820
35.2260000000024,11154
35.2260000000024,10926
35.2260000000024,10200
35.273000000001,8422
35.273000000001,8044
35.273000000001,9228
35.273000000001,10034
35.273000000001,10234
35.273000000001,9602
35.273000000001,8834
35.273000000001,8316
35.273000000001,9526
35.3210000000036,10336
35.3210000000036,10814
35.3210000000036,10954
35.3210000000036,10880
35.3210000000036,10174
35.3210000000036,8638
35.3210000000036,8150
35.3210000000036,9266
35.3210000000036,10122
35.3210000000036,10038
35.3670000000056,9774
35.3670000000056,9116
35.3670000000056,8500
35.3670000000056,9526
35.3670000000056,10552
35.3670000000056,10794
35.3670000000056,11230
35.3670000000056,10866
35.3670000000056,10158
35.4150000000009,8280
35.4150000000009,7980
35.4150000000009,9202
35.4150000000009,10234
35.4150000000009,9830
35.4150000000009,9846
35.4150000000009,9224
35.4150000000009,8624
35.4150000000009,9594
35.4619999999995,10470
35.4619999999995,10814
35.4619999999995,11088
35.4619999999995,10938
35.4619999999995,10204
35.4619999999995,8542
35.4619999999995,8114
35.4619999999995,9270
35.4619999999995,10030
35.4619999999995,10126
35.5090000000055,9772
35.5090000000055,9116
35.5090000000055,8504
35.5090000000055,9532
35.5090000000055,9874
35.5090000000055,10816
35.5090000000055,10872
35.5090000000055,11210
35.5090000000055,9886
35.5560000000041,8958
35.5560000000041,8370
35.5560000000041,9336
35.5560000000041,10194
35.5560000000041,9756
35.5560000000041,9958
35.5560000000041,9378
35.5560000000041,8690
35.5560000000041,9464
35.6040000000066,10276
35.6040000000066,10814
35.6040000000066,10892
35.6040000000066,10870
35.6040000000066,10102
35.6040000000066,8722
35.6040000000066,8196
35.6040000000066,9290
35.6040000000066,10102
35.6510000000053,9794
35.6510000000053,10102
35.6510000000053,9520
35.6510000000053,8510
35.6510000000053,9218
35.6510000000053,9818
35.6510000000053,10808
35.6510000000053,10870
35.6510000000053,11354
35.6510000000053,9982
35.698000000004,9100
35.698000000004,8490
35.698000000004,9356
35.698000000004,10142
35.698000000004,9774
35.698000000004,10030
35.698000000004,9474
35.698000000004,8638
35.698000000004,8958
35.7460000000065,9746
35.7460000000065,10764
35.7460000000065,10834
35.7460000000065,11322
35.7460000000065,10090
35.7460000000065,9264
35.7460000000065,8568
35.7460000000065,9332
35.7460000000065,10116
35.7930000000051,9802
35.7930000000051,10106
35.7930000000051,9516
35.7930000000051,8530
35.7930000000051,9234
35.7930000000051,9808
35.7930000000051,10800
35.7930000000051,10860
35.7930000000051,11276
35.8400000000038,9896
35.8400000000038,8982
35.8400000000038,8802
35.8400000000038,9404
35.8400000000038,10044
35.8400000000038,9840
35.8400000000038,10184
35.8400000000038,9556
35.8400000000038,7874
35.8400000000038,8986
35.8870000000024,9756
35.8870000000024,10784
35.8870000000024,10866
35.8870000000024,11344
35.8870000000024,10152
35.8870000000024,9356
35.8870000000024,8606
35.8870000000024,9384
35.8870000000024,10100
35.9340000000011,9810
35.9340000000011,10132
35.9340000000011,9530
35.9340000000011,7838
35.9340000000011,8480
35.9340000000011,9676
35.9340000000011,10840
35.9340000000011,10860
35.9340000000011,11352
35.9340000000011,10328
35.9809999999998,9638
35.9809999999998,8910
35.9809999999998,9274
35.9809999999998,9956
35.9809999999998,9854
35.9809999999998,10424
35.9809999999998,9592
35.9809999999998,7786
36.0290000000023,8890
36.0290000000023,9726
36.0290000000023,10698
36.0290000000023,10850
36.0290000000023,11374
36.0290000000023,10542
36.0290000000023,9920
36.0290000000023,8822
36.0290000000023,9048
36.0290000000023,9654
36.0760000000009,9922
36.0760000000009,10472
36.0760000000009,9664
36.0760000000009,7930
36.0760000000009,7910
36.0760000000009,9624
36.0760000000009,10948
36.0760000000009,10856
36.0760000000009,11380
36.1240000000034,10512
36.1240000000034,9890
36.1240000000034,8860
36.1240000000034,9104
36.1240000000034,9212
36.1240000000034,10024
36.1240000000034,10454
36.1240000000034,9322
36.1240000000034,8376
36.1240000000034,8078
36.1700000000055,9556
36.1700000000055,10772
36.1700000000055,10836
36.1700000000055,11358
36.1700000000055,10676
36.1700000000055,9994
36.1700000000055,8228
36.1700000000055,8824
36.1700000000055,9186
36.2180000000008,9998
36.2180000000008,10460
36.2180000000008,9218
36.2180000000008,8858
36.2180000000008,8356
36.2180000000008,9542
36.2180000000008,10690
36.2180000000008,10840
36.2180000000008,11334
36.2649999999994,10888
36.2649999999994,10168
36.2649999999994,8300
36.2649999999994,7972
36.2649999999994,9208
36.2649999999994,10074
36.2649999999994,10346
36.2649999999994,9566
36.2649999999994,8766
36.2649999999994,8284
36.3120000000054,9548
36.3120000000054,10708
36.3120000000054,10840
36.3120000000054,11368
36.3120000000054,10856
36.3120000000054,10142
36.3120000000054,8232
36.3120000000054,8166
36.3120000000054,9258
36.359000000004,10132
36.359000000004,9956
36.359000000004,9866
36.359000000004,9230
36.359000000004,8668
36.359000000004,9592
36.359000000004,10492
36.359000000004,10820
36.359000000004,11070
36.4070000000065,10942
36.4070000000065,10200
36.4070000000065,8506
36.4070000000065,8052
36.4070000000065,9230
36.4070000000065,10056
36.4070000000065,10198
36.4070000000065,9772
36.4070000000065,9106
36.4540000000052,8624
36.4540000000052,9280
36.4540000000052,9880
36.4540000000052,10804
36.4540000000052,10840
36.4540000000052,10970
36.4540000000052,9948
36.4540000000052,8786
36.4540000000052,8212
36.4540000000052,9266
36.5010000000038,10256
36.5010000000038,9808
36.5010000000038,9916
36.5010000000038,9306
36.5010000000038,8706
36.5010000000038,9520
36.5010000000038,9782
36.5010000000038,10804
36.5010000000038,10850
36.5480000000025,11338
36.5480000000025,10014
36.5480000000025,9146
36.5480000000025,8494
36.5480000000025,9342
36.5480000000025,10158
36.5480000000025,9802
36.5480000000025,10076
36.5480000000025,9502
36.5950000000012,8536
36.5950000000012,9280
36.5950000000012,9854
36.5950000000012,10800
36.5950000000012,10852
36.5950000000012,11088
36.5950000000012,9906
36.5950000000012,8838
36.5950000000012,8258
36.6419999999998,9366
36.6419999999998,10070
36.6419999999998,9798
36.6419999999998,10138
36.6419999999998,9496
36.6419999999998,8198
36.6419999999998,9142
36.6419999999998,9808
36.6419999999998,10798
36.6419999999998,10856
36.6890000000058,11348
36.6890000000058,10010
36.6890000000058,9140
36.6890000000058,8500
36.6890000000058,9332
36.6890000000058,10148
36.6890000000058,9794
36.6890000000058,10056
36.6890000000058,9502
36.737000000001,8586
36.737000000001,8914
36.737000000001,9756
36.737000000001,10734
36.737000000001,10866
36.737000000001,11360
36.737000000001,10256
36.737000000001,9512
36.737000000001,8796
36.737000000001,9408
36.7839999999997,10010
36.7839999999997,9824
36.7839999999997,10158
36.7839999999997,9512
36.7839999999997,7880
36.7839999999997,9014
36.7839999999997,9778
36.7839999999997,10794
36.7839999999997,10862
36.8320000000022,11342
36.8320000000022,10128
36.8320000000022,9332
36.8320000000022,8832
36.8320000000022,9152
36.8320000000022,9896
36.8320000000022,9874
36.8320000000022,10508
36.8320000000022,9604
36.8780000000042,7828
36.8780000000042,8608
36.8780000000042,9664
36.8780000000042,10716
36.8780000000042,10840
36.8780000000042,11342
36.8780000000042,10272
36.8780000000042,9552
36.8780000000042,8904
36.9259999999995,9372
36.9259999999995,10010
36.9259999999995,9834
36.9259999999995,10460
36.9259999999995,9634
36.9259999999995,7930
36.9259999999995,7908
36.9259999999995,9628
36.9259999999995,10944
36.9259999999995,10862
36.9730000000054,11368
36.9730000000054,10490
36.9730000000054,9854
36.9730000000054,8868
36.9730000000054,9100
36.9730000000054,9782
36.9730000000054,9880
36.9730000000054,10476
36.9730000000054,9620
37.0210000000006,7844
37.0210000000006,7986
37.0210000000006,9566
37.0210000000006,10816
37.0210000000006,10834
37.0210000000006,11358
37.0210000000006,10584
37.0210000000006,9928
37.0210000000006,8700
37.0680000000066,8972
37.0680000000066,9302
37.0680000000066,9912
37.0680000000066,10444
37.0680000000066,9614
37.0680000000066,7944
37.0680000000066,7894
37.0680000000066,9614
37.0680000000066,10758
37.0680000000066,10826
37.1150000000052,11352
37.1150000000052,10672
37.1150000000052,9992
37.1150000000052,8208
37.1150000000052,8828
37.1150000000052,9156
37.1150000000052,9972
37.1150000000052,10444
37.1150000000052,9240
37.1620000000039,8124
37.1620000000039,7956
37.1620000000039,9584
37.1620000000039,10840
37.1620000000039,10852
37.1620000000039,11384
37.1620000000039,10608
37.1620000000039,9938
37.1620000000039,8680
37.1620000000039,8028
37.2100000000064,9178
37.2100000000064,10038
37.2100000000064,10418
37.2100000000064,9404
37.2100000000064,8506
37.2100000000064,8130
37.2100000000064,9538
37.2100000000064,10744
37.2100000000064,10834
37.2570000000051,11352
37.2570000000051,10722
37.2570000000051,10024
37.2570000000051,8074
37.2570000000051,8664
37.2570000000051,9204
37.2570000000051,10054
37.2570000000051,10290
37.2570000000051,9624
37.3040000000037,8884
37.3040000000037,8366
37.3040000000037,9500
37.3040000000037,10682
37.3040000000037,10830
37.3040000000037,11344
37.3040000000037,10866
37.3040000000037,10154
37.3040000000037,8242
37.3520000000062,7930
37.3520000000062,9194
37.3520000000062,10074
37.3520000000062,10388
37.3520000000062,9536
37.3520000000062,8726
37.3520000000062,8258
37.3520000000062,9618
37.3520000000062,10466
37.3520000000062,10836
37.3990000000049,11024
37.3990000000049,10926
37.3990000000049,10158
37.3990000000049,8710
37.3990000000049,8192
37.3990000000049,9286
37.3990000000049,10542
37.3990000000049,9874
37.3990000000049,9834
37.4460000000036,9218
37.4460000000036,8632
37.4460000000036,9572
37.4460000000036,10516
37.4460000000036,10824
37.4460000000036,11096
37.4460000000036,10928
37.4460000000036,10200
37.4460000000036,8454
37.4930000000022,8022
37.4930000000022,9312
37.4930000000022,10184
37.4930000000022,9784
37.4930000000022,10008
37.4930000000022,9428
37.4930000000022,8660
37.4930000000022,9402
37.4930000000022,10110
37.4930000000022,10810
37.5410000000047,10830
37.5410000000047,10870
37.5410000000047,10064
37.5410000000047,8706
37.5410000000047,8166
37.5410000000047,9264
37.5410000000047,10224
37.5410000000047,9882
37.5410000000047,9850
37.5880000000034,9230
37.5880000000034,8648
37.5880000000034,9588
37.5880000000034,9810
37.5880000000034,10814
37.5880000000034,10872
37.5880000000034,11342
37.5880000000034,9952
37.5880000000034,9064
37.5880000000034,8438
37.635000000002,9326
37.635000000002,10162
37.635000000002,9782
37.635000000002,10028
37.635000000002,9474
37.635000000002,8638
37.635000000002,9336
37.635000000002,10076
37.6820000000007,10808
37.6820000000007,10836
37.6820000000007,10892
37.6820000000007,10030
37.6820000000007,8730
37.6820000000007,8180
37.6820000000007,9340
37.6820000000007,10110
37.6820000000007,9798
37.6820000000007,10116
37.7300000000032,9494
37.7300000000032,8500
37.7300000000032,9182
37.7300000000032,9774
37.7300000000032,10784
37.7300000000032,10820
37.7300000000032,11142
37.7300000000032,9864
37.7300000000032,8878
37.7770000000019,8278
37.7770000000019,9286
37.7770000000019,10250
37.7770000000019,9756
37.7770000000019,9926
37.7770000000019,9322
37.7770000000019,8274
37.7770000000019,9104
37.7770000000019,9792
37.7770000000019,10800
37.8240000000005,10860
37.8240000000005,11358
37.8240000000005,10076
37.8240000000005,9228
37.8240000000005,8560
37.8240000000005,9336
37.8240000000005,10110
37.8240000000005,9772
37.8240000000005,10080
37.8710000000065,9496
37.8710000000065,8572
37.8710000000065,9270
37.8710000000065,9844
37.8710000000065,10816
37.8710000000065,10852
37.8710000000065,11288
37.8710000000065,9892
37.8710000000065,9510
37.9190000000017,8834
37.9190000000017,9408
37.9190000000017,10008
37.9190000000017,9814
37.9190000000017,10148
37.9190000000017,9530
37.9190000000017,7986
37.9190000000017,9012
37.9190000000017,9748
37.9660000000003,10774
37.9660000000003,10844
37.9660000000003,11334
37.9660000000003,10054
37.9660000000003,9214
37.9660000000003,8546
37.9660000000003,9330
37.9660000000003,10112
37.9660000000003,9788
37.9660000000003,10462
38.0130000000063,9556
38.0130000000063,7770
38.0130000000063,8850
38.0130000000063,9726
38.0130000000063,10680
38.0130000000063,10870
38.0130000000063,11358
38.0130000000063,10286
38.0130000000063,9558
38.0600000000049,8904
38.0600000000049,9372
38.0600000000049,9974
38.0600000000049,9808
38.0600000000049,10154
38.0600000000049,9510
38.0600000000049,7982
38.0600000000049,8998
38.0600000000049,9628
38.1080000000002,10974
38.1080000000002,10836
38.1080000000002,11338
38.1080000000002,10358
38.1080000000002,9666
38.1080000000002,8858
38.1080000000002,9222
38.1080000000002,9912
38.1080000000002,9810
38.1080000000002,10354
38.1540000000023,9526
38.1540000000023,7766
38.1540000000023,8894
38.1540000000023,9722
38.1540000000023,10748
38.1540000000023,10856
38.1540000000023,11342
38.1540000000023,10172
38.1540000000023,9392
38.2010000000009,8658
38.2010000000009,9116
38.2010000000009,9828
38.2010000000009,9846
38.2010000000009,10480
38.2010000000009,9582
38.2010000000009,7802
38.2010000000009,8654
38.2010000000009,9674
38.2479999999996,10672
38.2479999999996,10836
38.2479999999996,11332
38.2479999999996,10224
38.2479999999996,9484
38.2479999999996,8802
38.2479999999996,9402
38.2479999999996,10020
38.2479999999996,9798
38.2960000000021,10102
38.2960000000021,9500
38.2960000000021,8260
38.2960000000021,8290
38.2960000000021,9648
38.2960000000021,10836
38.2960000000021,10834
38.2960000000021,11322
38.2960000000021,10266
38.2960000000021,9552
38.3430000000008,8906
38.3430000000008,9352
38.3430000000008,9992
38.3430000000008,9808
38.3430000000008,10162
38.3430000000008,9526
38.3430000000008,7988
38.3430000000008,9002
38.3430000000008,9772
38.3899999999994,10978
38.3899999999994,10844
38.3899999999994,11344
38.3899999999994,10384
38.3899999999994,9684
38.3899999999994,8916
38.3899999999994,9192
38.3899999999994,9916
38.3899999999994,9846
38.4370000000054,10492
38.4370000000054,9572
38.4370000000054,7790
38.4370000000054,8814
38.4370000000054,9696
38.4370000000054,10660
38.4370000000054,10836
38.4370000000054,11328
38.4370000000054,10184
38.4370000000054,9420
38.484000000004,8678
38.484000000004,9110
38.484000000004,9778
38.484000000004,9864
38.484000000004,10480
38.484000000004,9598
38.484000000004,7818
38.484000000004,8506
38.5320000000065,9686
38.5320000000065,10810
38.5320000000065,10872
38.5320000000065,11364
38.5320000000065,10374
38.5320000000065,9674
38.5320000000065,8910
38.5320000000065,9234
38.5320000000065,9900
38.5320000000065,9820
38.5790000000052,10424
38.5790000000052,9532
38.5790000000052,7980
38.5790000000052,7916
38.5790000000052,9612
38.5790000000052,10898
38.5790000000052,10866
38.5790000000052,11364
38.5790000000052,10522
38.5790000000052,9910
38.6260000000038,8840
38.6260000000038,9090
38.6260000000038,9670
38.6260000000038,9892
38.6260000000038,10466
38.6260000000038,9644
38.6260000000038,7884
38.6260000000038,8044
38.6260000000038,9530
38.6730000000025,10758
38.6730000000025,10852
38.6730000000025,11374
38.6730000000025,10706
38.6730000000025,10020
38.6730000000025,8160
38.6730000000025,8746
38.6730000000025,9182
38.6730000000025,9968
38.721000000005,10382
38.721000000005,9198
38.721000000005,8196
38.721000000005,8028
38.721000000005,9578
38.721000000005,10804
38.721000000005,10856
38.721000000005,11370
38.721000000005,10680
38.7669999999998,10174
38.7669999999998,8278
38.7669999999998,7972
38.7669999999998,9222
38.7669999999998,10082
38.7669999999998,10364
38.7669999999998,9594
38.7669999999998,8838
38.7669999999998,8336
38.7669999999998,9496
38.8150000000023,10672
38.8150000000023,10820
38.8150000000023,11348
38.8150000000023,10816
38.8150000000023,10106
38.8150000000023,8166
38.8150000000023,7992
38.8150000000023,9176
38.8150000000023,10046
38.862000000001,10424
38.862000000001,9448
38.862000000001,9162
38.862000000001,8568
38.862000000001,9522
38.862000000001,10548
38.862000000001,10816
38.862000000001,11226
38.862000000001,10918
38.9100000000035,10204
38.9100000000035,8382
38.9100000000035,7998
38.9100000000035,9198
38.9100000000035,10056
38.9100000000035,10280
38.9100000000035,9640
38.9100000000035,8916
38.9100000000035,8392
38.9570000000022,9466
38.9570000000022,10650
38.9570000000022,10798
38.9570000000022,11322
38.9570000000022,10778
38.9570000000022,10074
38.9570000000022,8094
38.9570000000022,7998
38.9570000000022,9188
38.9570000000022,10040
39.0040000000008,10246
39.0040000000008,9686
39.0040000000008,9002
39.0040000000008,8448
39.0040000000008,9440
39.0040000000008,10626
39.0040000000008,10800
39.0040000000008,11322
39.0040000000008,10814
39.0509999999995,10106
39.0509999999995,8162
39.0509999999995,7966
39.0509999999995,9168
39.0509999999995,10092
39.0509999999995,10148
39.0509999999995,9784
39.0509999999995,9152
39.0509999999995,8546
39.0509999999995,9506
39.0980000000054,10558
39.0980000000054,10798
39.0980000000054,11266
39.0980000000054,10866
39.0980000000054,10168
39.0980000000054,8264
39.0980000000054,7940
39.0980000000054,9176
39.1450000000041,10064
39.1450000000041,10384
39.1450000000041,9542
39.1450000000041,8742
39.1450000000041,8260
39.1450000000041,9510
39.1450000000041,10706
39.1450000000041,10830
39.1450000000041,11020
39.1450000000041,10906
39.1920000000027,10198
39.1920000000027,8546
39.1920000000027,8090
39.1920000000027,9234
39.1920000000027,10044
39.1920000000027,10168
39.1920000000027,9762
39.1920000000027,9120
39.1920000000027,8496
39.2400000000052,9522
39.2400000000052,10578
39.2400000000052,10814
39.2400000000052,11252
39.2400000000052,10908
39.2400000000052,10194
39.2400000000052,8372
39.2400000000052,8006
39.2400000000052,9202
39.2400000000052,10070
39.2870000000039,10302
39.2870000000039,9638
39.2870000000039,9398
39.2870000000039,8690
39.2870000000039,9444
39.2870000000039,10254
39.2870000000039,10804
39.2870000000039,10964
39.2870000000039,10856
39.3350000000064,10128
39.3350000000064,8668
39.3350000000064,8152
39.3350000000064,9264
39.3350000000064,10168
39.3350000000064,9962
39.3350000000064,9824
39.3350000000064,9204
39.3350000000064,8622
39.3810000000012,9572
39.3810000000012,10522
39.3810000000012,10816
39.3810000000012,11194
39.3810000000012,10942
39.3810000000012,10220
39.3810000000012,9074
39.3810000000012,8458
39.3810000000012,9352
39.3810000000012,10154
39.4290000000037,9784
39.4290000000037,10054
39.4290000000037,9510
39.4290000000037,8614
39.4290000000037,9310
39.4290000000037,9932
39.4290000000037,10800
39.4290000000037,10944
39.4290000000037,11030
39.4760000000024,9912
39.4760000000024,8824
39.4760000000024,8268
39.4760000000024,9284
39.4760000000024,10260
39.4760000000024,9746
39.4760000000024,9916
39.4760000000024,9512
39.4760000000024,8316
39.5240000000049,9100
39.5240000000049,9794
39.5240000000049,10804
39.5240000000049,10850
39.5240000000049,11358
39.5240000000049,10044
39.5240000000049,9168
39.5240000000049,8520
39.5240000000049,9322
39.5699999999997,10128
39.5699999999997,9768
39.5699999999997,10046
39.5699999999997,9510
39.5699999999997,8606
39.5699999999997,9302
39.5699999999997,9936
39.5699999999997,10752
39.5699999999997,10820
39.5699999999997,11314
39.6180000000022,10074
39.6180000000022,9244
39.6180000000022,8562
39.6180000000022,9322
39.6180000000022,10086
39.6180000000022,9766
39.6180000000022,10090
39.6180000000022,9496
39.6180000000022,8532
39.6650000000009,9208
39.6650000000009,9808
39.6650000000009,10804
39.6650000000009,10844
39.6650000000009,11334
39.6650000000009,9948
39.6650000000009,9058
39.6650000000009,8444
39.6650000000009,9330
39.6650000000009,10158
39.7119999999995,9788
39.7119999999995,10292
39.7119999999995,9546
39.7119999999995,7786
39.7119999999995,8884
39.7119999999995,9726
39.7119999999995,10726
39.7119999999995,10856
39.7590000000055,11352
39.7590000000055,10254
39.7590000000055,9506
39.7590000000055,8832
39.7590000000055,9402
39.7590000000055,9994
39.7590000000055,9810
39.7590000000055,10182
39.7590000000055,9526
39.7590000000055,7900
39.8070000000007,8972
39.8070000000007,9630
39.8070000000007,10944
39.8070000000007,10866
39.8070000000007,11368
39.8070000000007,10512
39.8070000000007,9882
39.8070000000007,8834
39.8070000000007,9070
39.8540000000066,9670
39.8540000000066,9896
39.8540000000066,10466
39.8540000000066,9640
39.8540000000066,7908
39.8540000000066,7946
39.8540000000066,9630
39.8540000000066,10952
39.8540000000066,10860
39.8540000000066,11360
39.9010000000053,10466
39.9010000000053,9820
39.9010000000053,8854
39.9010000000053,8714
39.9010000000053,9186
39.9010000000053,10008
39.9010000000053,10456
39.9010000000053,9266
39.9010000000053,8304
39.948000000004,8042
39.948000000004,9538
39.948000000004,10774
39.948000000004,10824
39.948000000004,11360
39.948000000004,10656
39.948000000004,9972
39.948000000004,8336
39.948000000004,8848
39.9950000000026,9178
39.9950000000026,10080
39.9950000000026,10384
39.9950000000026,9592
39.9950000000026,8808
39.9950000000026,8314
39.9950000000026,9532
39.9950000000026,10698
39.9950000000026,10840
40.0420000000013,11352
40.0420000000013,10862
40.0420000000013,10164
40.0420000000013,8260
40.0420000000013,7952
40.0420000000013,9198
40.0420000000013,10064
40.0420000000013,10364
40.0420000000013,9562
40.0420000000013,8768
40.0900000000038,8278
40.0900000000038,9506
40.0900000000038,10682
40.0900000000038,10798
40.0900000000038,10998
40.0900000000038,10888
40.0900000000038,10198
40.0900000000038,8524
40.0900000000038,8070
40.1370000000024,9230
40.1370000000024,10024
40.1370000000024,10172
40.1370000000024,9720
40.1370000000024,9060
40.1370000000024,8454
40.1370000000024,9476
40.1370000000024,10598
40.1370000000024,10800
40.1840000000011,11282
40.1840000000011,10882
40.1840000000011,10182
40.1840000000011,8306
40.1840000000011,7970
40.1840000000011,9192
40.1840000000011,10208
40.1840000000011,9756
40.1840000000011,9906
40.2309999999998,9286
40.2309999999998,8714
40.2309999999998,9530
40.2309999999998,10394
40.2309999999998,10780
40.2309999999998,11060
40.2309999999998,10892
40.2309999999998,10194
40.2309999999998,8418
40.2309999999998,8002
40.2780000000057,9194
40.2780000000057,10020
40.2780000000057,10266
40.2780000000057,9618
40.2780000000057,8880
40.2780000000057,8352
40.2780000000057,9486
40.2780000000057,10654
40.2780000000057,10800
40.3260000000009,11334
40.3260000000009,10870
40.3260000000009,10184
40.3260000000009,8550
40.3260000000009,8070
40.3260000000009,9224
40.3260000000009,10070
40.3260000000009,10154
40.3260000000009,9766
40.372000000003,9112
40.372000000003,8510
40.372000000003,9538
40.372000000003,10562
40.372000000003,10814
40.372000000003,11234
40.372000000003,10912
40.372000000003,10210
40.372000000003,8414
40.4200000000055,8022
40.4200000000055,9212
40.4200000000055,10034
40.4200000000055,10282
40.4200000000055,9690
40.4200000000055,9444
40.4200000000055,8664
40.4200000000055,9336
40.4200000000055,10050
40.4200000000055,10814
40.4670000000042,10866
40.4670000000042,11016
40.4670000000042,9962
40.4670000000042,8776
40.4670000000042,8242
40.4670000000042,9286
40.4670000000042,10296
40.4670000000042,9784
40.4670000000042,9956
40.4670000000042,9366
40.5149999999994,8706
40.5149999999994,9470
40.5149999999994,10286
40.5149999999994,10800
40.5149999999994,10866
40.5149999999994,11344
40.5149999999994,10102
40.5149999999994,9266
40.5620000000054,8566
40.5620000000054,9316
40.5620000000054,10110
40.5620000000054,9794
40.5620000000054,10128
40.5620000000054,9516
40.5620000000054,8490
40.5620000000054,9178
40.5620000000054,9818
40.5620000000054,10814
40.609000000004,10872
40.609000000004,11378
40.609000000004,10024
40.609000000004,9148
40.609000000004,8506
40.609000000004,9336
40.609000000004,10122
40.609000000004,9810
40.609000000004,10280
40.6560000000027,9538
40.6560000000027,7816
40.6560000000027,8940
40.6560000000027,9748
40.6560000000027,10762
40.6560000000027,10866
40.6560000000027,11354
40.6560000000027,10200
40.6560000000027,9428
40.6560000000027,8660
40.7040000000052,9408
40.7040000000052,10030
40.7040000000052,9782
40.7040000000052,10122
40.7040000000052,9502
40.7040000000052,8316
40.7040000000052,9106
40.7040000000052,9660
40.7040000000052,10820
40.7510000000038,10830
40.7510000000038,11324
40.7510000000038,10272
40.7510000000038,9548
40.7510000000038,8854
40.7510000000038,9332
40.7510000000038,9988
40.7510000000038,9818
40.7510000000038,10200
40.7980000000025,9532
40.7980000000025,7898
40.7980000000025,8976
40.7980000000025,9762
40.7980000000025,10774
40.7980000000025,10852
40.7980000000025,11338
40.7980000000025,10138
40.7980000000025,9326
40.8450000000012,8884
40.8450000000012,9112
40.8450000000012,9886
40.8450000000012,9866
40.8450000000012,10512
40.8450000000012,9594
40.8450000000012,7812
40.8450000000012,8660
40.8450000000012,9680
40.8450000000012,10716
40.8930000000037,10834
40.8930000000037,11318
40.8930000000037,10234
40.8930000000037,9480
40.8930000000037,8848
40.8930000000037,9376
40.8930000000037,10034
40.8930000000037,9892
40.8930000000037,10476
40.9400000000023,9648
40.9400000000023,7888
40.9400000000023,8052
40.9400000000023,9638
40.9400000000023,10980
40.9400000000023,10846
40.9400000000023,11344
40.9400000000023,10362
40.9400000000023,9664
40.987000000001,8886
40.987000000001,9202
40.987000000001,9932
40.987000000001,9846
40.987000000001,10466
40.987000000001,9582
40.987000000001,7792
40.987000000001,7914
40.987000000001,9578
41.0339999999997,10862
41.0339999999997,10840
41.0339999999997,11364
41.0339999999997,10516
41.0339999999997,9896
41.0339999999997,8840
41.0339999999997,9084
41.0339999999997,9742
41.0339999999997,9910
41.0339999999997,10480
41.0810000000056,9666
41.0810000000056,7898
41.0810000000056,8016
41.0810000000056,9644
41.0810000000056,10984
41.0810000000056,10862
41.0810000000056,11370
41.0810000000056,10686
41.0810000000056,9994
41.0810000000056,8228
41.1290000000008,8848
41.1290000000008,9176
41.1290000000008,9988
41.1290000000008,10460
41.1290000000008,9214
41.1290000000008,8196
41.1290000000008,8002
41.1290000000008,9588
41.1290000000008,10830
41.1759999999995,10866
41.1759999999995,11388
41.1759999999995,10672
41.1759999999995,9984
41.1759999999995,8342
41.1759999999995,8864
41.1759999999995,9204
41.1759999999995,10086
41.1759999999995,10398
41.2230000000054,9588
41.2230000000054,8812
41.2230000000054,8304
41.2230000000054,9520
41.2230000000054,10696
41.2230000000054,10816
41.2230000000054,11358
41.2230000000054,10814
41.2230000000054,10110
41.2700000000041,8170
41.2700000000041,8038
41.2700000000041,9182
41.2700000000041,10056
41.2700000000041,10450
41.2700000000041,9464
41.2700000000041,9186
41.2700000000041,8568
41.2700000000041,9536
41.2700000000041,10544
41.3180000000066,10808
41.3180000000066,11240
41.3180000000066,10876
41.3180000000066,10182
41.3180000000066,8300
41.3180000000066,7950
41.3180000000066,9182
41.3180000000066,10066
41.3180000000066,10374
41.3650000000052,9594
41.3650000000052,8822
41.3650000000052,8296
41.3650000000052,9502
41.3650000000052,10696
41.3650000000052,10820
41.3650000000052,11354
41.3650000000052,10798
41.3650000000052,10214
41.4120000000039,8516
41.4120000000039,8044
41.4120000000039,9222
41.4120000000039,10070
41.4120000000039,10218
41.4120000000039,9794
41.4120000000039,9142
41.4120000000039,8516
41.4120000000039,9506
41.4600000000064,10584
41.4600000000064,10824
41.4600000000064,11276
41.4600000000064,10906
41.4600000000064,10214
41.4600000000064,8362
41.4600000000064,7988
41.4600000000064,9198
41.4600000000064,10080
41.4600000000064,10326
41.5070000000051,9968
41.5070000000051,9376
41.5070000000051,8704
41.5070000000051,9460
41.5070000000051,10342
41.5070000000051,10824
41.5070000000051,10938
41.5070000000051,10836
41.5070000000051,10174
41.5540000000037,8634
41.5540000000037,8130
41.5540000000037,9248
41.5540000000037,10110
41.5540000000037,10082
41.5540000000037,9792
41.5540000000037,9142
41.5540000000037,8524
41.5540000000037,9520
41.6020000000062,10588
41.6020000000062,10834
41.6020000000062,11260
41.6020000000062,10922
41.6020000000062,10228
41.6020000000062,8418
41.6020000000062,8370
41.6020000000062,9330
41.6020000000062,10198
41.6020000000062,9778
41.6490000000049,9994
41.6490000000049,9434
41.6490000000049,8680
41.6490000000049,9434
41.6490000000049,10172
41.6490000000049,10846
41.6490000000049,10880
41.6490000000049,11096
41.6490000000049,9942
41.6960000000036,8860
41.6960000000036,8296
41.6960000000036,9316
41.6960000000036,10260
41.6960000000036,9766
41.6960000000036,9946
41.6960000000036,9348
41.6960000000036,8242
41.6960000000036,9126
41.6960000000036,9828
41.7430000000022,10816
41.7430000000022,10872
41.7430000000022,11348
41.7430000000022,10076
41.7430000000022,9224
41.7430000000022,8542
41.7430000000022,9330
41.7430000000022,10138
41.7900000000009,9810
41.7900000000009,10116
41.7900000000009,9526
41.7900000000009,8546
41.7900000000009,9244
41.7900000000009,9838
41.7900000000009,10690
41.7900000000009,10862
41.7900000000009,11352
41.7900000000009,10246
41.8380000000034,9512
41.8380000000034,8890
41.8380000000034,9404
41.8380000000034,10034
41.8380000000034,9834
41.8380000000034,10168
41.8380000000034,9556
41.8380000000034,7946
41.8380000000034,9004
41.8860000000059,9758
41.8860000000059,10784
41.8860000000059,10860
41.8860000000059,11352
41.8860000000059,10086
41.8860000000059,9230
41.8860000000059,8532
41.8860000000059,9310
41.8860000000059,9946
41.8860000000059,9860
41.9330000000045,10490
41.9330000000045,9578
41.9330000000045,7786
41.9330000000045,8834
41.9330000000045,9710
41.9330000000045,10698
41.9330000000045,10840
41.9330000000045,11328
41.9330000000045,10164
41.9800000000032,9366
41.9800000000032,8622
41.9800000000032,9358
41.9800000000032,10076
41.9800000000032,9802
41.9800000000032,10132
41.9800000000032,9520
41.9800000000032,8408
41.9800000000032,9142
42.0280000000057,9656
42.0280000000057,10742
42.0280000000057,10836
42.0280000000057,11334
42.0280000000057,10244
42.0280000000057,9502
42.0280000000057,8890
42.0280000000057,9418
42.0280000000057,10030
42.0280000000057,9828
42.0750000000044,10168
42.0750000000044,9552
42.0750000000044,7940
42.0750000000044,9012
42.0750000000044,9766
42.0750000000044,10784
42.0750000000044,10852
42.0750000000044,11334
42.0750000000044,10096
42.122000000003,9258
42.122000000003,8568
42.122000000003,9330
42.122000000003,9916
42.122000000003,9856
42.122000000003,10502
42.122000000003,9588
42.122000000003,7782
42.122000000003,8818
42.122000000003,9702
42.1690000000017,10666
42.1690000000017,10846
42.1690000000017,11332
42.1690000000017,10178
42.1690000000017,9394
42.1690000000017,8678
42.1690000000017,9346
42.1690000000017,10082
42.2160000000003,9808
42.2160000000003,10138
42.2160000000003,9530
42.2160000000003,8406
42.2160000000003,8480
42.2160000000003,9674
42.2160000000003,10774
42.2160000000003,10846
42.2160000000003,11344
42.2160000000003,10272
42.2630000000063,9542
42.2630000000063,8920
42.2630000000063,9372
42.2630000000063,10028
42.2630000000063,9844
42.2630000000063,10228
42.2630000000063,9568
42.2630000000063,7872
42.2630000000063,8942
42.3110000000015,9748
42.3110000000015,10774
42.3110000000015,10862
42.3110000000015,11354
42.3110000000015,10146
42.3110000000015,9332
42.3110000000015,8896
42.3110000000015,9132
42.3110000000015,9890
42.3110000000015,9886
42.3580000000002,10522
42.3580000000002,9630
42.3580000000002,7832
42.3580000000002,8588
42.3580000000002,9696
42.3580000000002,10840
42.3580000000002,10882
42.3580000000002,11374
42.4060000000027,10374
42.4060000000027,9664
42.4060000000027,8878
42.4060000000027,9224
42.4060000000027,9938
42.4060000000027,9856
42.4060000000027,10462
42.4060000000027,9510
42.4060000000027,8018
42.4060000000027,7920
42.4530000000013,9618
42.4530000000013,10892
42.4530000000013,10852
42.4530000000013,11368
42.4530000000013,10500
42.4530000000013,9876
42.4530000000013,8864
42.4530000000013,9084
42.4530000000013,9834
42.5010000000038,9928
42.5010000000038,10490
42.5010000000038,9680
42.5010000000038,7908
42.5010000000038,8044
42.5010000000038,9578
42.5010000000038,10804
42.5010000000038,10856
42.5010000000038,11380
42.5010000000038,10680
42.5480000000025,9992
42.5480000000025,8324
42.5480000000025,8868
42.5480000000025,9168
42.5480000000025,9982
42.5480000000025,10460
42.5480000000025,9258
42.5480000000025,8124
42.5480000000025,7952
42.5950000000012,9568
42.5950000000012,10836
42.5950000000012,10830
42.5950000000012,11344
42.5950000000012,10492
42.5950000000012,9874
42.5950000000012,8080
42.5950000000012,8664
42.5950000000012,9158
42.6430000000037,9974
42.6430000000037,10436
42.6430000000037,9188
42.6430000000037,8152
42.6430000000037,7970
42.6430000000037,9584
42.6430000000037,10836
42.6430000000037,10850
42.6430000000037,11364
42.6430000000037,10562
42.6900000000023,9928
42.6900000000023,8798
42.6900000000023,9024
42.6900000000023,9182
42.6900000000023,10004
42.6900000000023,10418
42.6900000000023,9266
42.6900000000023,8304
42.6900000000023,8026
42.737000000001,9558
42.737000000001,10780
42.737000000001,10824
42.737000000001,11358
42.737000000001,10600
42.737000000001,9938
42.737000000001,8720
42.737000000001,8976
42.737000000001,9300
42.737000000001,9900
42.7850000000035,10440
42.7850000000035,9634
42.7850000000035,8342
42.7850000000035,8042
42.7850000000035,9572
42.7850000000035,10788
42.7850000000035,10840
42.7850000000035,11364
42.7850000000035,10644
42.833000000006,9962
42.833000000006,8536
42.833000000006,8900
42.833000000006,9166
42.833000000006,9952
42.833000000006,10454
42.833000000006,9440
42.833000000006,8048
42.833000000006,7934
42.8800000000047,9530
42.8800000000047,10742
42.8800000000047,10820
42.8800000000047,11344
42.8800000000047,10690
42.8800000000047,10000
42.8800000000047,8212
42.8800000000047,8812
42.8800000000047,9166
42.8800000000047,9982
42.9270000000033,10450
42.9270000000033,9238
42.9270000000033,8140
42.9270000000033,7976
42.9270000000033,9588
42.9270000000033,10840
42.9270000000033,10844
42.9270000000033,11364
42.9270000000033,10548
42.974000000002,9926
42.974000000002,8832
42.974000000002,8382
42.974000000002,9186
42.974000000002,10014
42.974000000002,10434
42.974000000002,9264
42.974000000002,8310
42.974000000002,8026
43.0220000000045,9572
43.0220000000045,10800
43.0220000000045,10840
43.0220000000045,11354
43.0220000000045,10604
43.0220000000045,9936
43.0220000000045,8714
43.0220000000045,8956
43.0220000000045,9176
43.0690000000031,10030
43.0690000000031,10420
43.0690000000031,9362
43.0690000000031,8414
43.0690000000031,8074
43.0690000000031,9552
43.0690000000031,10784
43.0690000000031,10846
43.0690000000031,11378
43.0690000000031,10680
43.1170000000056,9984
43.1170000000056,8366
43.1170000000056,8870
43.1170000000056,9158
43.1170000000056,9962
43.1170000000056,10388
43.1170000000056,9502
43.1170000000056,8650
43.1170000000056,8206
43.1170000000056,9538
43.1640000000043,10748
43.1640000000043,10852
43.1640000000043,11384
43.1640000000043,10790
43.1640000000043,10090
43.1640000000043,8136
43.1640000000043,8360
43.1640000000043,9178
43.1640000000043,10020
43.211000000003,10430
43.211000000003,9270
43.211000000003,8304
43.211000000003,8022
43.211000000003,9494
43.211000000003,10670
43.211000000003,10820
43.211000000003,11352
43.2580000000016,10798
43.2580000000016,10100
43.2580000000016,8140
43.2580000000016,8140
43.2580000000016,9166
43.2580000000016,10034
43.2580000000016,10446
43.2580000000016,9372
43.2580000000016,8422
43.2580000000016,8090
43.3050000000003,9566
43.3050000000003,10780
43.3050000000003,10844
43.3050000000003,11358
43.3050000000003,10654
43.3050000000003,9968
43.3050000000003,8470
43.3050000000003,7944
43.3050000000003,9186
43.3050000000003,10070
43.3520000000062,10410
43.3520000000062,9484
43.3520000000062,8614
43.3520000000062,8170
43.3520000000062,9548
43.3520000000062,10744
43.3520000000062,10840
43.3520000000062,11354
43.3520000000062,10728
43.3990000000049,10030
43.3990000000049,8130
43.3990000000049,8752
43.3990000000049,9172
43.3990000000049,10000
43.3990000000049,10462
43.3990000000049,9204
43.3990000000049,8832
43.3990000000049,8316
43.4470000000001,9548
43.4470000000001,10728
43.4470000000001,10856
43.4470000000001,11388
43.4470000000001,10856
43.4470000000001,10146
43.4470000000001,8232
43.4470000000001,7966
43.4470000000001,9194
43.4940000000061,10060
43.4940000000061,10426
43.4940000000061,9470
43.4940000000061,8586
43.4940000000061,8172
43.4940000000061,9568
43.4940000000061,10568
43.4940000000061,10830
43.4940000000061,11262
43.4940000000061,10908
43.5420000000013,10198
43.5420000000013,8360
43.5420000000013,7998
43.5420000000013,9230
43.5420000000013,10080
43.5420000000013,10328
43.5420000000013,9612
43.5420000000013,8848
43.5420000000013,8352
43.5889999999999,9538
43.5889999999999,10702
43.5889999999999,10844
43.5889999999999,11388
43.5889999999999,10856
43.5889999999999,10146
43.5889999999999,8218
43.5889999999999,8008
43.5889999999999,9270
43.5889999999999,10128
43.6370000000024,10082
43.6370000000024,9782
43.6370000000024,9122
43.6370000000024,8530
43.6370000000024,9530
43.6370000000024,10598
43.6370000000024,10820
43.6370000000024,11282
43.6840000000011,10876
43.6840000000011,10174
43.6840000000011,8274
43.6840000000011,7944
43.6840000000011,9198
43.6840000000011,10074
43.6840000000011,10404
43.6840000000011,9526
43.6840000000011,8690
43.6840000000011,8242
43.7309999999998,9530
43.7309999999998,10500
43.7309999999998,10800
43.7309999999998,11224
43.7309999999998,10870
43.7309999999998,10172
43.7309999999998,8270
43.7309999999998,7946
43.7309999999998,9202
43.7309999999998,10080
43.7780000000057,10390
43.7780000000057,9522
43.7780000000057,8686
43.7780000000057,8218
43.7780000000057,9536
43.7780000000057,10722
43.7780000000057,10814
43.7780000000057,11338
43.7780000000057,10690
43.8260000000009,9994
43.8260000000009,8244
43.8260000000009,8832
43.8260000000009,9188
43.8260000000009,10070
43.8260000000009,10394
43.8260000000009,9512
43.8260000000009,8674
43.8260000000009,8218
43.872000000003,9530
43.872000000003,10712
43.872000000003,10816
43.872000000003,11332
43.872000000003,10670
43.872000000003,9988
43.872000000003,8296
43.872000000003,8838
43.872000000003,9152
43.9200000000055,9958
43.9200000000055,10450
43.9200000000055,9388
43.9200000000055,8650
43.9200000000055,8196
43.9200000000055,9512
43.9200000000055,10732
43.9200000000055,10814
43.9200000000055,11334
43.9200000000055,10670
43.9680000000008,9974
43.9680000000008,8340
43.9680000000008,8828
43.9680000000008,9156
43.9680000000008,9968
43.9680000000008,10456
43.9680000000008,9402
43.9680000000008,8074
43.9680000000008,7924
44.0149999999994,9516
44.0149999999994,10728
44.0149999999994,10824
44.0149999999994,11348
44.0149999999994,10696
44.0149999999994,10004
44.0149999999994,8212
44.0149999999994,8814
44.0149999999994,9152
44.0620000000054,9964
44.0620000000054,10434
44.0620000000054,9310
44.0620000000054,8088
44.0620000000054,7934
44.0620000000054,9572
44.0620000000054,10846
44.0620000000054,10820
44.0620000000054,11332
44.1100000000006,10426
44.1100000000006,9762
44.1100000000006,8278
44.1100000000006,8832
44.1100000000006,9142
44.1100000000006,9952
44.1100000000006,10444
44.1100000000006,9392
44.1100000000006,8070
44.1100000000006,7940
44.1570000000065,9594
44.1570000000065,10860
44.1570000000065,10836
44.1570000000065,11344
44.1570000000065,10450
44.1570000000065,9804
44.1570000000065,8880
44.1570000000065,9112
44.1570000000065,9896
44.2050000000017,9988
44.2050000000017,10454
44.2050000000017,9248
44.2050000000017,8176
44.2050000000017,7970
44.2050000000017,9556
44.2050000000017,10826
44.2050000000017,10814
44.2050000000017,11342
44.2050000000017,10522
44.2520000000004,9906
44.2520000000004,8828
44.2520000000004,9028
44.2520000000004,9706
44.2520000000004,9892
44.2520000000004,10430
44.2520000000004,9234
44.2520000000004,8280
44.2520000000004,8012
44.2990000000063,9574
44.2990000000063,10804
44.2990000000063,10850
44.2990000000063,11368
44.2990000000063,10660
44.2990000000063,9974
44.2990000000063,8442
44.2990000000063,8870
44.2990000000063,9168
44.346000000005,9982
44.346000000005,10472
44.346000000005,9264
44.346000000005,8166
44.346000000005,7986
44.346000000005,9530
44.346000000005,10698
44.346000000005,10836
44.346000000005,11360
44.346000000005,10820
44.3930000000037,10106
44.3930000000037,8170
44.3930000000037,8094
44.3930000000037,9186
44.3930000000037,10040
44.3930000000037,10414
44.3930000000037,9388
44.3930000000037,8468
44.3930000000037,8124
44.4410000000062,9562
44.4410000000062,10758
44.4410000000062,10846
44.4410000000062,11374
44.4410000000062,10768
44.4410000000062,10064
44.4410000000062,8432
44.4410000000062,8032
44.4410000000062,9222
44.4880000000048,10046
44.4880000000048,10260
44.4880000000048,9670
44.4880000000048,8942
44.4880000000048,8406
44.4880000000048,9512
44.4880000000048,10660
44.4880000000048,10820
44.4880000000048,11342
44.5360000000001,10846
44.5360000000001,10146
44.5360000000001,8232
44.5360000000001,7944
44.5360000000001,9188
44.5360000000001,10228
44.5360000000001,9936
44.5360000000001,9838
44.5360000000001,9212
44.5360000000001,8634
44.583000000006,9584
44.583000000006,10502
44.583000000006,10798
44.583000000006,11206
44.583000000006,10882
44.583000000006,10184
44.583000000006,8342
44.583000000006,7970
44.583000000006,9178
44.6300000000047,10064
44.6300000000047,10326
44.6300000000047,9572
44.6300000000047,8792
44.6300000000047,8284
44.6300000000047,9520
44.6300000000047,10692
44.6300000000047,10814
44.6300000000047,11004
44.6300000000047,10886
44.6779999999999,10218
44.6779999999999,8524
44.6779999999999,8080
44.6779999999999,9248
44.6779999999999,10064
44.6779999999999,10174
44.6779999999999,9748
44.6779999999999,9074
44.6779999999999,8478
44.7250000000058,9494
44.7250000000058,10594
44.7250000000058,10808
44.7250000000058,11296
44.7250000000058,10846
44.7250000000058,10148
44.7250000000058,8248
44.7250000000058,7940
44.7250000000058,9176
44.7720000000045,10266
44.7720000000045,9912
44.7720000000045,9838
44.7720000000045,9198
44.7720000000045,8642
44.7720000000045,9594
44.7720000000045,10512
44.7720000000045,10810
44.7720000000045,11198
44.7720000000045,10922
44.8190000000031,10228
44.8190000000031,8454
44.8190000000031,8034
44.8190000000031,9238
44.8190000000031,10028
44.8190000000031,10240
44.8190000000031,9690
44.8190000000031,8986
44.8190000000031,8448
44.8660000000018,9510
44.8660000000018,10102
44.8660000000018,10820
44.8660000000018,10934
44.8660000000018,11144
44.8660000000018,9938
44.8660000000018,8874
44.8660000000018,8300
44.8660000000018,9320
44.9140000000043,10244
44.9140000000043,9772
44.9140000000043,9948
44.9140000000043,9352
44.9140000000043,8706
44.9140000000043,9522
44.9140000000043,10362
44.9140000000043,10800
44.9140000000043,10948
44.961000000003,10876
44.961000000003,10208
44.961000000003,8504
44.961000000003,8042
44.961000000003,9326
44.961000000003,10162
44.961000000003,9792
44.961000000003,10040
44.961000000003,9512
44.961000000003,8642
45.0080000000016,9356
45.0080000000016,10044
45.0080000000016,10804
45.0080000000016,10814
45.0080000000016,10892
45.0080000000016,10138
45.0080000000016,8638
45.0080000000016,8124
45.0080000000016,9234
45.0550000000003,10136
45.0550000000003,10020
45.0550000000003,9794
45.0550000000003,9152
45.0550000000003,8582
45.0550000000003,9542
45.0550000000003,10548
45.0550000000003,10790
45.0550000000003,11266
45.1030000000028,10866
45.1030000000028,10172
45.1030000000028,8274
45.1030000000028,8222
45.1030000000028,9266
45.1030000000028,10210
45.1030000000028,9824
45.1030000000028,9886
45.1030000000028,9270
45.1500000000015,8710
45.1500000000015,9620
45.1500000000015,10460
45.1500000000015,10826
45.1500000000015,11000
45.1500000000015,10876
45.1500000000015,10214
45.1500000000015,8576
45.1500000000015,8104
45.1500000000015,9258
45.1970000000001,10074
45.1970000000001,10122
45.1970000000001,9756
45.1970000000001,9526
45.1970000000001,8634
45.1970000000001,9332
45.1970000000001,9928
45.1970000000001,10808
45.1970000000001,10830
45.2440000000061,11014
45.2440000000061,9998
45.2440000000061,8752
45.2440000000061,8198
45.2440000000061,9266
45.2440000000061,10270
45.2440000000061,9856
45.2440000000061,9864
45.2440000000061,9230
45.2910000000047,8680
45.2910000000047,9608
45.2910000000047,10480
45.2910000000047,10790
45.2910000000047,11188
45.2910000000047,10880
45.2910000000047,10194
45.2910000000047,8360
45.2910000000047,8304
45.3380000000034,9286
45.3380000000034,10244
45.3380000000034,9772
45.3380000000034,9948
45.3380000000034,9366
45.3380000000034,8716
45.3380000000034,9502
45.3380000000034,10336
45.3380000000034,10814
45.3380000000034,10908
45.385000000002,10774
45.385000000002,10198
45.385000000002,8560
45.385000000002,8094
45.385000000002,9224
45.385000000002,9994
45.385000000002,10136
45.385000000002,9738
45.385000000002,9516
45.4330000000045,8632
45.4330000000045,9332
45.4330000000045,9992
45.4330000000045,10800
45.4330000000045,10826
45.4330000000045,10970
45.4330000000045,10070
45.4330000000045,8686
45.4330000000045,8170
45.4330000000045,9274
45.4800000000032,10204
45.4800000000032,9896
45.4800000000032,9876
45.4800000000032,9258
45.4800000000032,8686
45.4800000000032,9644
45.4800000000032,10470
45.4800000000032,10814
45.5270000000019,11044
45.5270000000019,10892
45.5270000000019,10218
45.5270000000019,8536
45.5270000000019,8480
45.5270000000019,9336
45.5270000000019,10142
45.5270000000019,9778
45.5270000000019,10018
45.5270000000019,9476
45.5740000000005,8644
45.5740000000005,9372
45.5740000000005,10046
45.5740000000005,10808
45.5740000000005,10816
45.5740000000005,10862
45.5740000000005,10116
45.5740000000005,8670
45.5740000000005,8142
45.5740000000005,9240
45.622000000003,10112
45.622000000003,9968
45.622000000003,9834
45.622000000003,9532
45.622000000003,8576
45.622000000003,9234
45.622000000003,9818
45.622000000003,10810
45.622000000003,10860
45.6690000000017,11358
45.6690000000017,9920
45.6690000000017,9014
45.6690000000017,8392
45.6690000000017,9322
45.6690000000017,10198
45.6690000000017,9808
45.6690000000017,10038
45.6690000000017,9496
45.7160000000003,8654
45.7160000000003,9362
45.7160000000003,10060
45.7160000000003,10794
45.7160000000003,10824
45.7160000000003,11314
45.7160000000003,10066
45.7160000000003,9214
45.7160000000003,8526
45.7620000000024,9316
45.7620000000024,10110
45.7620000000024,9774
45.7620000000024,10064
45.7620000000024,9512
45.7620000000024,8608
45.7620000000024,9306
45.7620000000024,9912
45.7620000000024,10794
45.8100000000049,10862
45.8100000000049,11036
45.8100000000049,9984
45.8100000000049,8756
45.8100000000049,8196
45.8100000000049,9258
45.8100000000049,10276
45.8100000000049,9856
45.8100000000049,10122
45.8100000000049,9522
45.8570000000036,8532
45.8570000000036,9178
45.8570000000036,9792
45.8570000000036,10800
45.8570000000036,10836
45.8570000000036,11342
45.8570000000036,9856
45.8570000000036,8916
45.8570000000036,8296
45.9040000000023,9276
45.9040000000023,10230
45.9040000000023,9788
45.9040000000023,9984
45.9040000000023,9366
45.9040000000023,8690
45.9040000000023,9448
45.9040000000023,9772
45.9040000000023,10790
45.9510000000009,10852
45.9510000000009,11332
45.9510000000009,10074
45.9510000000009,9214
45.9510000000009,8532
45.9510000000009,9312
45.9510000000009,10158
45.9510000000009,9838
45.9510000000009,10132
45.9510000000009,9512
45.9990000000034,8552
45.9990000000034,9152
45.9990000000034,9810
45.9990000000034,10814
45.9990000000034,10850
45.9990000000034,11216
45.9990000000034,9938
