25.323000000004,7028
25.323000000004,6540
25.323000000004,5938
25.323000000004,6298
25.323000000004,7036
25.3700000000026,7796
25.3700000000026,8044
25.3700000000026,8362
25.3700000000026,8638
25.3700000000026,8722
25.3700000000026,8722
25.3700000000026,8884
25.3700000000026,8726
25.3700000000026,8232
25.4170000000013,7572
25.4170000000013,7098
25.4170000000013,5822
25.4170000000013,5646
25.4170000000013,6648
25.4170000000013,7258
25.4170000000013,7282
25.4170000000013,7582
25.4170000000013,7432
25.4170000000013,6928
25.4639999999999,5722
25.4639999999999,5800
25.4639999999999,7012
25.4639999999999,7200
25.4639999999999,8026
25.4639999999999,8170
25.4639999999999,8516
25.4639999999999,8706
25.4639999999999,8742
25.5109999999986,8922
25.5109999999986,8884
25.5109999999986,8648
25.5109999999986,8088
25.5109999999986,7252
25.5109999999986,6704
25.5109999999986,6282
25.5109999999986,6286
25.5109999999986,6596
25.5590000000011,7328
25.5590000000011,7292
25.5590000000011,7736
25.5590000000011,7274
25.5590000000011,6776
25.5590000000011,5462
25.5590000000011,5666
25.5590000000011,6960
25.5590000000011,7380
25.6059999999998,8180
25.6059999999998,8260
25.6059999999998,8588
25.6059999999998,8714
25.6059999999998,8720
25.6059999999998,8906
25.6059999999998,8760
25.6059999999998,8146
25.6059999999998,7724
25.6059999999998,7156
25.6529999999984,5822
25.6529999999984,5738
25.6529999999984,6666
25.6529999999984,7166
25.6529999999984,7254
25.6529999999984,7288
25.6529999999984,7700
25.6529999999984,6748
25.6529999999984,6026
25.7010000000009,6050
25.7010000000009,6750
25.7010000000009,7136
25.7010000000009,7924
25.7010000000009,8130
25.7010000000009,8460
25.7010000000009,8684
25.7010000000009,8746
25.7010000000009,8760
25.7010000000009,8874
25.7479999999996,8704
25.7479999999996,8162
25.7479999999996,7458
25.7479999999996,6902
25.7479999999996,6206
25.7479999999996,5682
25.7479999999996,6632
25.7479999999996,7344
25.7479999999996,7300
25.7479999999996,7688
25.7949999999983,7418
25.7949999999983,6858
25.7949999999983,5620
25.7949999999983,5760
25.7949999999983,7130
25.7949999999983,7206
25.7949999999983,8058
25.7949999999983,8166
25.7949999999983,8530
25.8420000000042,8674
25.8420000000042,8696
25.8420000000042,8878
25.8420000000042,8776
25.8420000000042,8386
25.8420000000042,7796
25.8420000000042,7206
25.8420000000042,5940
25.8420000000042,5836
25.8899999999994,6698
25.8899999999994,7068
25.8899999999994,7252
25.8899999999994,7252
25.8899999999994,7694
25.8899999999994,6702
25.8899999999994,6020
25.8899999999994,6022
25.8899999999994,6754
25.9369999999981,7120
25.9369999999981,7924
25.9369999999981,8114
25.9369999999981,8434
25.9369999999981,8642
25.9369999999981,8686
25.9369999999981,8832
25.9369999999981,8746
25.9369999999981,8278
25.9369999999981,7760
25.984000000004,7176
25.984000000004,5886
25.984000000004,5784
25.984000000004,6632
25.984000000004,7110
25.984000000004,7228
25.984000000004,7236
25.984000000004,7618
25.984000000004,6862
26.0310000000027,5912
26.0310000000027,5822
26.0310000000027,6856
26.0310000000027,7146
26.0310000000027,7960
26.0310000000027,8136
26.0310000000027,8468
26.0310000000027,8670
26.0310000000027,8706
26.0310000000027,8868
26.0780000000013,8804
26.0780000000013,8560
26.0780000000013,7910
26.0780000000013,7304
26.0780000000013,6174
26.0780000000013,5976
26.0780000000013,6642
26.0780000000013,6656
26.0780000000013,7272
26.125,7264
26.125,7724
26.125,6868
26.125,6384
26.125,6076
26.125,6550
26.125,7100
26.125,7852
26.125,8080
26.1730000000025,8418
26.1730000000025,8678
26.1730000000025,8766
26.1730000000025,8756
26.1730000000025,8946
26.1730000000025,8814
26.1730000000025,8586
26.1730000000025,7880
26.1730000000025,7284
26.2200000000012,6072
26.2200000000012,5924
26.2200000000012,6754
26.2200000000012,6828
26.2200000000012,7288
26.2200000000012,7304
26.2200000000012,7750
26.2200000000012,6910
26.2200000000012,6448
26.2200000000012,6068
26.2680000000037,6502
26.2680000000037,7088
26.2680000000037,7828
26.2680000000037,8062
26.2680000000037,8392
26.2680000000037,8606
26.2680000000037,8700
26.2680000000037,8868
26.2680000000037,8848
26.3150000000023,8624
26.3150000000023,8070
26.3150000000023,7228
26.3150000000023,6682
26.3150000000023,6278
26.3150000000023,6276
26.3150000000023,6580
26.3150000000023,7278
26.3150000000023,7254
26.3150000000023,7708
26.362000000001,7182
26.362000000001,6712
26.362000000001,5436
26.362000000001,5698
26.362000000001,6996
26.362000000001,7608
26.362000000001,7868
26.362000000001,8294
26.362000000001,8550
26.4089999999997,8670
26.4089999999997,8680
26.4089999999997,8824
26.4089999999997,8638
26.4089999999997,8094
26.4089999999997,7284
26.4089999999997,6754
26.4089999999997,6276
26.4089999999997,6210
26.4559999999983,6596
26.4559999999983,7376
26.4559999999983,7282
26.4559999999983,7716
26.4559999999983,7264
26.4559999999983,6776
26.4559999999983,5450
26.4559999999983,5682
26.4559999999983,6960
26.5030000000042,7350
26.5030000000042,8156
26.5030000000042,8264
26.5030000000042,8582
26.5030000000042,8690
26.5030000000042,8704
26.5030000000042,8884
26.5030000000042,8732
26.5030000000042,8228
26.5030000000042,7618
26.5500000000029,7094
26.5500000000029,5734
26.5500000000029,5668
26.5500000000029,6642
26.5500000000029,7202
26.5500000000029,7252
26.5500000000029,7690
26.5500000000029,7412
26.5500000000029,6914
26.5979999999981,5698
26.5979999999981,5770
26.5979999999981,7022
26.5979999999981,7200
26.5979999999981,8026
26.5979999999981,8170
26.5979999999981,8504
26.5979999999981,8696
26.5979999999981,8732
26.5979999999981,8900
26.6450000000041,8864
26.6450000000041,8622
26.6450000000041,8034
26.6450000000041,7272
26.6450000000041,6590
26.6450000000041,6294
26.6450000000041,6366
26.6450000000041,6600
26.6450000000041,7274
26.6450000000041,7298
26.6920000000027,7740
26.6920000000027,7228
26.6920000000027,6748
26.6920000000027,5450
26.6920000000027,5688
26.6920000000027,6992
26.6920000000027,7472
26.6920000000027,8124
26.6920000000027,8300
26.7390000000014,8624
26.7390000000014,8746
26.7390000000014,8778
26.7390000000014,8930
26.7390000000014,8886
26.7390000000014,8674
26.7390000000014,8130
26.7390000000014,7372
26.7390000000014,6842
26.7870000000039,6258
26.7870000000039,6032
26.7870000000039,6632
26.7870000000039,7386
26.7870000000039,7294
26.7870000000039,7716
26.7870000000039,7382
26.7870000000039,6842
26.7870000000039,5578
26.8329999999987,5750
26.8329999999987,7000
26.8329999999987,7238
26.8329999999987,8084
26.8329999999987,8202
26.8329999999987,8560
26.8329999999987,8690
26.8329999999987,8750
26.8329999999987,8914
26.8329999999987,8874
26.8810000000012,8634
26.8810000000012,8044
26.8810000000012,7282
26.8810000000012,6576
26.8810000000012,6282
26.8810000000012,6386
26.8810000000012,6636
26.8810000000012,7308
26.8810000000012,7346
26.9279999999999,7782
26.9279999999999,7328
26.9279999999999,6812
26.9279999999999,5506
26.9279999999999,5698
26.9279999999999,6964
26.9279999999999,7258
26.9279999999999,8136
26.9279999999999,8232
26.9279999999999,8572
26.9760000000024,8684
26.9760000000024,8720
26.9760000000024,8894
26.9760000000024,8762
26.9760000000024,8254
26.9760000000024,7770
26.9760000000024,7182
26.9760000000024,5902
26.9760000000024,5784
27.023000000001,6662
27.023000000001,7118
27.023000000001,7310
27.023000000001,7308
27.023000000001,7766
27.023000000001,6796
27.023000000001,6242
27.023000000001,6144
27.023000000001,6622
27.0699999999997,7114
27.0699999999997,7878
27.0699999999997,8100
27.0699999999997,8424
27.0699999999997,8638
27.0699999999997,8722
27.0699999999997,8720
27.0699999999997,8864
27.0699999999997,8704
27.1169999999984,8182
27.1169999999984,7490
27.1169999999984,6946
27.1169999999984,6154
27.1169999999984,5632
27.1169999999984,6632
27.1169999999984,7318
27.1169999999984,7272
27.1169999999984,7674
27.1169999999984,7418
27.1650000000009,6874
27.1650000000009,5630
27.1650000000009,5774
27.1650000000009,7114
27.1650000000009,7236
27.1650000000009,8064
27.1650000000009,8188
27.1650000000009,8530
27.1650000000009,8694
27.1650000000009,8752
27.2119999999995,8914
27.2119999999995,8880
27.2119999999995,8642
27.2119999999995,8094
27.2119999999995,7298
27.2119999999995,6754
27.2119999999995,6268
27.2119999999995,6216
27.2119999999995,6606
27.2589999999982,7294
27.2589999999982,7304
27.2589999999982,7744
27.2589999999982,7314
27.2589999999982,6790
27.2589999999982,5492
27.2589999999982,5686
27.2589999999982,6944
27.2589999999982,7258
27.2589999999982,8152
27.3060000000041,8232
27.3060000000041,8540
27.3060000000041,8648
27.3060000000041,8678
27.3060000000041,8812
27.3060000000041,8634
27.3060000000041,8080
27.3060000000041,7308
27.3539999999994,6774
27.3539999999994,6258
27.3539999999994,6190
27.3539999999994,6590
27.3539999999994,7390
27.3539999999994,7284
27.3539999999994,7724
27.3539999999994,7292
27.3539999999994,6786
27.3539999999994,5482
27.400999999998,5698
27.400999999998,6964
27.400999999998,7262
27.400999999998,8160
27.400999999998,8232
27.400999999998,8540
27.400999999998,8632
27.400999999998,8834
27.400999999998,8814
27.448000000004,8586
27.448000000004,7992
27.448000000004,7330
27.448000000004,6468
27.448000000004,6256
27.448000000004,6468
27.448000000004,6600
27.448000000004,7304
27.448000000004,7304
27.448000000004,7740
27.4959999999992,7156
27.4959999999992,6698
27.4959999999992,5538
27.4959999999992,5734
27.4959999999992,7000
27.4959999999992,7642
27.4959999999992,7920
27.4959999999992,8288
27.4959999999992,8568
27.5420000000013,8658
27.5420000000013,8844
27.5420000000013,8814
27.5420000000013,8582
27.5420000000013,7980
27.5420000000013,7340
27.5420000000013,6416
27.5420000000013,6256
27.5420000000013,6488
27.5420000000013,6586
27.5900000000038,7288
27.5900000000038,7294
27.5900000000038,7730
27.5900000000038,7120
27.5900000000038,6656
27.5900000000038,5714
27.5900000000038,5876
27.5900000000038,7020
27.5900000000038,7672
27.6370000000024,7950
27.6370000000024,8304
27.6370000000024,8586
27.6370000000024,8678
27.6370000000024,8788
27.6370000000024,8824
27.6370000000024,8598
27.6370000000024,8034
27.6370000000024,7210
27.6840000000011,6636
27.6840000000011,6266
27.6840000000011,6298
27.6840000000011,6576
27.6840000000011,7248
27.6840000000011,7282
27.6840000000011,7724
27.6840000000011,7212
27.6840000000011,6724
27.7309999999998,5450
27.7309999999998,5718
27.7309999999998,6986
27.7309999999998,7488
27.7309999999998,7854
27.7309999999998,8260
27.7309999999998,8566
27.7309999999998,8642
27.7309999999998,8832
27.7309999999998,8804
27.7790000000023,8568
27.7790000000023,7956
27.7790000000023,7330
27.7790000000023,6374
27.7790000000023,6206
27.7790000000023,6492
27.7790000000023,6584
27.7790000000023,7282
27.7790000000023,7268
27.8249999999971,7708
27.8249999999971,7064
27.8249999999971,6570
27.8249999999971,5892
27.8249999999971,6184
27.8249999999971,7028
27.8249999999971,7704
27.8249999999971,7992
27.8249999999971,8324
27.8249999999971,8598
27.8729999999996,8690
27.8729999999996,8868
27.8729999999996,8814
27.8729999999996,8632
27.8729999999996,8084
27.8729999999996,7318
27.8729999999996,6784
27.8729999999996,6262
27.8729999999996,6148
27.9199999999983,6580
27.9199999999983,7390
27.9199999999983,7272
27.9199999999983,7708
27.9199999999983,7098
27.9199999999983,6770
27.9199999999983,5452
27.9199999999983,5682
27.9199999999983,6940
27.9670000000042,7232
27.9670000000042,8146
27.9670000000042,8208
27.9670000000042,8520
27.9670000000042,8622
27.9670000000042,8802
27.9670000000042,8706
27.9670000000042,8524
27.9670000000042,7862
28.0140000000029,7278
28.0140000000029,6104
28.0140000000029,5944
28.0140000000029,6662
28.0140000000029,6744
28.0140000000029,7238
28.0140000000029,7228
28.0140000000029,7518
28.0140000000029,6908
28.0140000000029,6248
28.0610000000015,6104
28.0610000000015,6612
28.0610000000015,7088
28.0610000000015,7844
28.0610000000015,8074
28.0610000000015,8414
28.0610000000015,8642
28.0610000000015,8706
28.0610000000015,8878
28.1080000000002,8834
28.1080000000002,8588
28.1080000000002,8090
28.1080000000002,7318
28.1080000000002,6776
28.1080000000002,6258
28.1080000000002,6140
28.1080000000002,6570
28.1080000000002,7354
28.1080000000002,7262
28.1560000000027,7684
28.1560000000027,7048
28.1560000000027,6564
28.1560000000027,5440
28.1560000000027,5660
28.1560000000027,6976
28.1560000000027,7350
28.1560000000027,8180
28.1560000000027,8254
28.2030000000013,8596
28.2030000000013,8726
28.2030000000013,8756
28.2030000000013,8922
28.2030000000013,8860
28.2030000000013,8674
28.2030000000013,8142
28.2030000000013,7438
28.2030000000013,6872
28.2030000000013,6210
28.25,5724
28.25,6610
28.25,7300
28.25,7268
28.25,7708
28.25,7192
28.25,6812
28.25,5528
28.25,5734
28.2969999999987,7016
28.2969999999987,7218
28.2969999999987,8064
28.2969999999987,8188
28.2969999999987,8532
28.2969999999987,8658
28.2969999999987,8670
28.2969999999987,8838
28.2969999999987,8726
28.3439999999973,8176
28.3439999999973,7672
28.3439999999973,7118
28.3439999999973,5786
28.3439999999973,5702
28.3439999999973,6646
28.3439999999973,7144
28.3439999999973,7226
28.3439999999973,7638
28.3919999999998,7370
28.3919999999998,6828
28.3919999999998,5826
28.3919999999998,5820
28.3919999999998,6882
28.3919999999998,7120
28.3919999999998,7934
28.3919999999998,8104
28.3919999999998,8442
28.3919999999998,8618
28.4389999999985,8648
28.4389999999985,8788
28.4389999999985,8628
28.4389999999985,8088
28.4389999999985,7534
28.4389999999985,7062
28.4389999999985,5868
28.4389999999985,5640
28.4389999999985,6622
28.4389999999985,7236
28.4859999999971,7258
28.4859999999971,7694
28.4859999999971,7254
28.4859999999971,6754
28.4859999999971,5436
28.4859999999971,5748
28.4859999999971,7072
28.4859999999971,7160
28.4859999999971,8008
28.5330000000031,8134
28.5330000000031,8480
28.5330000000031,8606
28.5330000000031,8812
28.5330000000031,8782
28.5330000000031,8550
28.5330000000031,7914
28.5330000000031,7330
28.5330000000031,6262
28.5809999999983,6272
28.5809999999983,6246
28.5809999999983,6548
28.5809999999983,7232
28.5809999999983,7248
28.5809999999983,7694
28.5809999999983,6930
28.5809999999983,6466
28.5809999999983,5984
28.6270000000004,6430
28.6270000000004,6956
28.6270000000004,7586
28.6270000000004,7900
28.6270000000004,8242
28.6270000000004,8506
28.6270000000004,8568
28.6270000000004,8750
28.6270000000004,8582
28.6270000000004,8032
28.6750000000029,7228
28.6750000000029,6688
28.6750000000029,6258
28.6750000000029,5610
28.6750000000029,6590
28.6750000000029,7272
28.6750000000029,7246
28.6750000000029,7694
28.6750000000029,7190
28.7220000000016,6712
28.7220000000016,5420
28.7220000000016,5666
28.7220000000016,6960
28.7220000000016,7176
28.7220000000016,8044
28.7220000000016,8162
28.7220000000016,8490
28.7220000000016,8614
28.7220000000016,8822
28.7690000000002,8776
28.7690000000002,8542
28.7690000000002,7898
28.7690000000002,7314
28.7690000000002,6212
28.7690000000002,6000
28.7690000000002,6308
28.7690000000002,6560
28.7690000000002,7246
28.8159999999989,7264
28.8159999999989,7700
28.8159999999989,6904
28.8159999999989,6432
28.8159999999989,5996
28.8159999999989,6420
28.8159999999989,7042
28.8159999999989,7628
28.8159999999989,7900
28.8640000000014,8288
28.8640000000014,8572
28.8640000000014,8674
28.8640000000014,8860
28.8640000000014,8832
28.8640000000014,8618
28.8640000000014,8070
28.8640000000014,7310
28.8640000000014,6760
28.9110000000001,6252
28.9110000000001,5640
28.9110000000001,6610
28.9110000000001,7246
28.9110000000001,7248
28.9110000000001,7694
28.9110000000001,7246
28.9110000000001,6750
28.9110000000001,5426
28.9110000000001,5632
28.9579999999987,6934
28.9579999999987,7288
28.9579999999987,8008
28.9579999999987,8134
28.9579999999987,8494
28.9579999999987,8622
28.9579999999987,8670
28.9579999999987,8802
28.9579999999987,8602
29.0049999999974,8048
29.0049999999974,7252
29.0049999999974,6720
29.0049999999974,6252
29.0049999999974,6212
29.0049999999974,6600
29.0049999999974,7262
29.0049999999974,7246
29.0049999999974,7684
29.0049999999974,7216
29.0520000000033,6734
29.0520000000033,5424
29.0520000000033,5640
29.0520000000033,6950
29.0520000000033,7416
29.0520000000033,8026
29.0520000000033,8146
29.0520000000033,8488
29.0520000000033,8602
29.0999999999985,8792
29.0999999999985,8776
29.0999999999985,8542
29.0999999999985,7904
29.0999999999985,7320
29.0999999999985,6242
29.0999999999985,6026
29.0999999999985,6518
29.0999999999985,6538
29.0999999999985,7222
29.1469999999972,7236
29.1469999999972,7678
29.1469999999972,6856
29.1469999999972,6364
29.1469999999972,6014
29.1469999999972,6482
29.1469999999972,7042
29.1469999999972,7654
29.1469999999972,7956
29.1940000000031,8270
29.1940000000031,8536
29.1940000000031,8602
29.1940000000031,8804
29.1940000000031,8654
29.1940000000031,8162
29.1940000000031,7488
29.1940000000031,6974
29.1940000000031,6014
29.2410000000018,5624
29.2410000000018,6620
29.2410000000018,7098
29.2410000000018,7192
29.2410000000018,7600
29.2410000000018,7298
29.2410000000018,6744
29.2410000000018,5434
29.2410000000018,5640
29.2880000000005,6842
29.2880000000005,7170
29.2880000000005,7960
29.2880000000005,8100
29.2880000000005,8444
29.2880000000005,8572
29.2880000000005,8782
29.2880000000005,8742
29.2880000000005,8506
29.2880000000005,7828
29.3349999999991,7254
29.3349999999991,6072
29.3349999999991,5912
29.3349999999991,6668
29.3349999999991,6530
29.3349999999991,7232
29.3349999999991,7212
29.3349999999991,7680
29.3349999999991,6678
29.3819999999978,6062
29.3819999999978,6108
29.3819999999978,6658
29.3819999999978,7064
29.3819999999978,7838
29.3819999999978,8006
29.3819999999978,8320
29.3819999999978,8582
29.3819999999978,8644
29.3819999999978,8804
29.4290000000037,8736
29.4290000000037,8452
29.4290000000037,7782
29.4290000000037,7182
29.4290000000037,5938
29.4290000000037,5804
29.4290000000037,6688
29.4290000000037,6548
29.4290000000037,7242
29.476999999999,7232
29.476999999999,7688
29.476999999999,6652
29.476999999999,6010
29.476999999999,6082
29.476999999999,6678
29.476999999999,7072
29.476999999999,7848
29.476999999999,8008
29.523000000001,8326
29.523000000001,8568
29.523000000001,8648
29.523000000001,8796
29.523000000001,8732
29.523000000001,8422
29.523000000001,7772
29.523000000001,7180
29.523000000001,5938
29.5710000000036,5800
29.5710000000036,6682
29.5710000000036,7000
29.5710000000036,7246
29.5710000000036,7246
29.5710000000036,7704
29.5710000000036,6682
29.5710000000036,6058
29.5710000000036,6108
29.5710000000036,6648
29.6180000000022,7068
29.6180000000022,7832
29.6180000000022,8078
29.6180000000022,8324
29.6180000000022,8582
29.6180000000022,8658
29.6180000000022,8832
29.6180000000022,8776
29.6180000000022,8550
29.6180000000022,7900
29.6659999999974,7320
29.6659999999974,6232
29.6659999999974,6014
29.6659999999974,6518
29.6659999999974,6544
29.6659999999974,7248
29.6659999999974,7248
29.6659999999974,7684
29.6659999999974,6944
29.7130000000034,6466
29.7130000000034,5938
29.7130000000034,6394
29.7130000000034,7002
29.7130000000034,7750
29.7130000000034,7988
29.7130000000034,8310
29.7130000000034,8540
29.7130000000034,8650
29.7130000000034,8838
29.760000000002,8812
29.760000000002,8586
29.760000000002,7998
29.760000000002,7210
29.760000000002,6590
29.760000000002,6256
29.760000000002,6276
29.760000000002,6564
29.8070000000007,7246
29.8070000000007,7258
29.8070000000007,7700
29.8070000000007,7190
29.8070000000007,6708
29.8070000000007,5420
29.8070000000007,5668
29.8070000000007,6940
29.8070000000007,7372
29.8070000000007,8028
29.8539999999994,8242
29.8539999999994,8542
29.8539999999994,8638
29.8539999999994,8658
29.8539999999994,8832
29.8539999999994,8674
29.8539999999994,8192
29.8539999999994,7530
29.8539999999994,7058
29.9020000000019,5810
29.9020000000019,5650
29.9020000000019,6622
29.9020000000019,7210
29.9020000000019,7246
29.9020000000019,7520
29.9020000000019,7400
29.9020000000019,6920
29.9020000000019,5722
29.9020000000019,5738
29.9490000000005,6934
29.9490000000005,7128
29.9490000000005,7944
29.9490000000005,8104
29.9490000000005,8444
29.9490000000005,8634
29.9490000000005,8660
29.9490000000005,8828
29.9490000000005,8752
29.9959999999992,8524
29.9959999999992,7806
29.9959999999992,7228
29.9959999999992,6014
29.9959999999992,5878
29.9959999999992,6728
29.9959999999992,6852
29.9959999999992,7226
29.9959999999992,7232
29.9959999999992,7694
30.0429999999978,6764
30.0429999999978,6220
30.0429999999978,6068
30.0429999999978,6586
30.0429999999978,7038
30.0429999999978,7786
30.0429999999978,8034
30.0429999999978,8360
30.0429999999978,8552
30.0910000000003,8634
30.0910000000003,8792
30.0910000000003,8722
30.0910000000003,8458
30.0910000000003,7776
30.0910000000003,7176
30.0910000000003,5934
30.0910000000003,5816
30.0910000000003,6718
30.137999999999,6976
30.137999999999,7222
30.137999999999,7242
30.137999999999,7700
30.137999999999,6714
30.137999999999,6138
30.137999999999,6104
30.137999999999,6622
30.137999999999,7062
30.137999999999,7816
30.1860000000015,8062
30.1860000000015,8386
30.1860000000015,8614
30.1860000000015,8680
30.1860000000015,8854
30.1860000000015,8824
30.1860000000015,8632
30.1860000000015,8090
30.1860000000015,7366
30.2330000000002,6822
30.2330000000002,6206
30.2330000000002,5892
30.2330000000002,6560
30.2330000000002,7300
30.2330000000002,7222
30.2330000000002,7664
30.2330000000002,7292
30.2330000000002,6728
30.2330000000002,5430
30.2799999999988,5614
30.2799999999988,6848
30.2799999999988,7200
30.2799999999988,8074
30.2799999999988,8182
30.2799999999988,8532
30.2799999999988,8658
30.2799999999988,8686
30.2799999999988,8834
30.3269999999975,8766
30.3269999999975,8532
30.3269999999975,7838
30.3269999999975,7254
30.3269999999975,6072
30.3269999999975,5914
30.3269999999975,6666
30.3269999999975,6684
30.3269999999975,7226
30.3269999999975,7232
30.3740000000034,7700
30.3740000000034,6826
30.3740000000034,6338
30.3740000000034,6004
30.3740000000034,6514
30.3740000000034,7056
30.3740000000034,7780
30.3740000000034,8034
30.4210000000021,8356
30.4210000000021,8568
30.4210000000021,8680
30.4210000000021,8690
30.4210000000021,8838
30.4210000000021,8674
30.4210000000021,8172
30.4210000000021,7504
30.4210000000021,7006
30.4210000000021,5950
30.4689999999973,5640
30.4689999999973,6602
30.4689999999973,7222
30.4689999999973,7232
30.4689999999973,7580
30.4689999999973,7372
30.4689999999973,6836
30.4689999999973,5584
30.4689999999973,5706
30.5160000000033,7036
30.5160000000033,7164
30.5160000000033,7996
30.5160000000033,8124
30.5160000000033,8470
30.5160000000033,8634
30.5160000000033,8670
30.5160000000033,8834
30.5160000000033,8760
30.5160000000033,8526
30.5630000000019,7828
30.5630000000019,7252
30.5630000000019,6052
30.5630000000019,5914
30.5630000000019,6692
30.5630000000019,6718
30.5630000000019,7232
30.5630000000019,7242
30.5630000000019,7710
30.6100000000006,6856
30.6100000000006,6384
30.6100000000006,6014
30.6100000000006,6484
30.6100000000006,7042
30.6100000000006,7756
30.6100000000006,8018
30.6100000000006,8326
30.6100000000006,8546
30.6100000000006,8644
30.6580000000031,8828
30.6580000000031,8802
30.6580000000031,8566
30.6580000000031,7966
30.6580000000031,7268
30.6580000000031,6508
30.6580000000031,6268
30.6580000000031,6358
30.6580000000031,6544
30.7050000000017,7320
30.7050000000017,7236
30.7050000000017,7690
30.7050000000017,7144
30.7050000000017,6682
30.7050000000017,5426
30.7050000000017,5672
30.7050000000017,6956
30.7050000000017,7510
30.7520000000004,7818
30.7520000000004,8234
30.7520000000004,8524
30.7520000000004,8628
30.7520000000004,8704
30.7520000000004,8792
30.7520000000004,8598
30.7520000000004,8058
30.7520000000004,7284
30.7989999999991,6744
30.7989999999991,6246
30.7989999999991,6160
30.7989999999991,6560
30.7989999999991,7340
30.7989999999991,7238
30.7989999999991,7690
30.7989999999991,7278
30.7989999999991,6738
30.7989999999991,5436
30.8470000000016,5660
30.8470000000016,6892
30.8470000000016,7202
30.8470000000016,8080
30.8470000000016,8182
30.8470000000016,8536
30.8470000000016,8670
30.8470000000016,8704
30.8470000000016,8878
30.8470000000016,8832
30.8940000000002,8598
30.8940000000002,8018
30.8940000000002,7218
30.8940000000002,6620
30.8940000000002,6258
30.8940000000002,6266
30.8940000000002,6576
30.8940000000002,7284
30.8940000000002,7274
30.9409999999989,7726
30.9409999999989,7294
30.9409999999989,6764
30.9409999999989,5462
30.9409999999989,5696
30.9409999999989,6868
30.9409999999989,7190
30.9409999999989,8064
30.9409999999989,8170
30.9890000000014,8510
30.9890000000014,8618
30.9890000000014,8648
30.9890000000014,8834
30.9890000000014,8678
30.9890000000014,8176
30.9890000000014,7570
30.9890000000014,7046
30.9890000000014,5698
31.0360000000001,5636
31.0360000000001,6620
31.0360000000001,7196
31.0360000000001,7252
31.0360000000001,7664
31.0360000000001,7518
31.0360000000001,6888
31.0360000000001,5892
31.0360000000001,5908
31.0360000000001,6802
31.0840000000026,7094
31.0840000000026,7872
31.0840000000026,8070
31.0840000000026,8392
31.0840000000026,8596
31.0840000000026,8632
31.0840000000026,8824
31.0840000000026,8704
31.0840000000026,8070
31.1310000000012,7694
31.1310000000012,7124
31.1310000000012,5816
31.1310000000012,5728
31.1310000000012,6626
31.1310000000012,7104
31.1310000000012,7246
31.1310000000012,7510
31.1310000000012,7714
31.1310000000012,6708
31.1779999999999,6124
31.1779999999999,6134
31.1779999999999,6636
31.1779999999999,7072
31.1779999999999,7786
31.1779999999999,8044
31.1779999999999,8360
31.1779999999999,8576
31.1779999999999,8614
31.2249999999985,8818
31.2249999999985,8714
31.2249999999985,8320
31.2249999999985,7740
31.2249999999985,7146
31.2249999999985,5896
31.2249999999985,5790
31.2249999999985,6662
31.2249999999985,7028
31.2249999999985,7232
31.2719999999972,7390
31.2719999999972,7708
31.2719999999972,6714
31.2719999999972,6124
31.2719999999972,6118
31.2719999999972,6626
31.2719999999972,7046
31.2719999999972,7796
31.2719999999972,8042
31.3190000000031,8356
31.3190000000031,8572
31.3190000000031,8612
31.3190000000031,8792
31.3190000000031,8680
31.3190000000031,8110
31.3190000000031,7644
31.3190000000031,7088
31.3190000000031,5760
31.3660000000018,5692
31.3660000000018,6626
31.3660000000018,7118
31.3660000000018,7216
31.3660000000018,7606
31.3660000000018,7370
31.3660000000018,6826
31.3660000000018,5866
31.3660000000018,5836
31.4130000000005,6786
31.4130000000005,7084
31.4130000000005,7872
31.4130000000005,8068
31.4130000000005,8396
31.4130000000005,8592
31.4130000000005,8638
31.4130000000005,8838
31.4130000000005,8722
31.4130000000005,8392
31.461000000003,7776
31.461000000003,7166
31.461000000003,5934
31.461000000003,5816
31.461000000003,6704
31.461000000003,6970
31.461000000003,7226
31.461000000003,7288
31.461000000003,7436
31.5080000000016,6744
31.5080000000016,6190
31.5080000000016,6104
31.5080000000016,6590
31.5080000000016,7064
31.5080000000016,7786
31.5080000000016,8034
31.5080000000016,8360
31.5080000000016,8576
31.5080000000016,8614
31.5550000000003,8792
31.5550000000003,8714
31.5550000000003,8408
31.5550000000003,7754
31.5550000000003,7156
31.5550000000003,5914
31.5550000000003,5790
31.5550000000003,6662
31.5550000000003,7010
31.601999999999,7232
31.601999999999,7334
31.601999999999,7710
31.601999999999,6774
31.601999999999,6252
31.601999999999,6112
31.601999999999,6576
31.601999999999,7056
31.601999999999,7776
31.6500000000015,8018
31.6500000000015,8336
31.6500000000015,8562
31.6500000000015,8596
31.6500000000015,8804
31.6500000000015,8678
31.6500000000015,8078
31.6500000000015,7652
31.6500000000015,7092
31.6500000000015,5778
31.6970000000001,5696
31.6970000000001,6616
31.6970000000001,7104
31.6970000000001,7210
31.6970000000001,7612
31.6970000000001,7602
31.6970000000001,6786
31.6970000000001,5904
31.6970000000001,5922
31.7439999999988,6774
31.7439999999988,7088
31.7439999999988,7858
31.7439999999988,8068
31.7439999999988,8396
31.7439999999988,8612
31.7439999999988,8654
31.7439999999988,8828
31.7439999999988,8792
31.7439999999988,8550
31.7909999999974,7934
31.7909999999974,7308
31.7909999999974,6386
31.7909999999974,6258
31.7909999999974,6448
31.7909999999974,6550
31.7909999999974,7246
31.7909999999974,7236
31.7909999999974,7684
31.8380000000034,7062
31.8380000000034,6612
31.8380000000034,5646
31.8380000000034,5810
31.8380000000034,6982
31.8380000000034,7622
31.8380000000034,7884
31.8380000000034,8268
31.8380000000034,8550
31.8380000000034,8648
31.8859999999986,8792
31.8859999999986,8808
31.8859999999986,8642
31.8859999999986,8142
31.8859999999986,7474
31.8859999999986,6974
31.8859999999986,6020
31.8859999999986,5630
31.9329999999973,6600
31.9329999999973,7222
31.9329999999973,7238
31.9329999999973,7690
31.9329999999973,7282
31.9329999999973,6894
31.9329999999973,5696
31.9329999999973,5748
31.9329999999973,6956
31.9329999999973,7144
31.9800000000032,7944
31.9800000000032,8114
31.9800000000032,8458
31.9800000000032,8668
31.9800000000032,8710
31.9800000000032,8858
31.9800000000032,8808
31.9800000000032,8686
31.9800000000032,8182
31.9800000000032,7592
32.0270000000019,7056
32.0270000000019,5728
32.0270000000019,5688
32.0270000000019,6632
32.0270000000019,7134
32.0270000000019,7210
32.0270000000019,7616
32.0270000000019,7350
32.0270000000019,6884
32.0740000000005,5850
32.0740000000005,5774
32.0740000000005,6826
32.0740000000005,7100
32.0740000000005,7880
32.0740000000005,8090
32.0740000000005,8412
32.0740000000005,8628
32.0740000000005,8670
32.1209999999992,8838
32.1209999999992,8804
32.1209999999992,8582
32.1209999999992,8018
32.1209999999992,7196
32.1209999999992,6646
32.1209999999992,6256
32.1209999999992,6206
32.1209999999992,6554
32.1209999999992,7284
32.1690000000017,7236
32.1690000000017,7662
32.1690000000017,7216
32.1690000000017,6730
32.1690000000017,5416
32.1690000000017,5652
32.1690000000017,6946
32.1690000000017,7242
32.1690000000017,8124
32.2160000000003,8206
32.2160000000003,8526
32.2160000000003,8654
32.2160000000003,8664
32.2160000000003,8858
32.2160000000003,8704
32.2160000000003,8514
32.2160000000003,7828
32.2160000000003,7258
32.262999999999,6078
32.262999999999,5924
32.262999999999,6636
32.262999999999,6642
32.262999999999,7212
32.262999999999,7222
32.262999999999,7636
32.262999999999,6708
32.262999999999,6396
32.3099999999977,6022
32.3099999999977,6436
32.3099999999977,7020
32.3099999999977,7746
32.3099999999977,7992
32.3099999999977,8314
32.3099999999977,8560
32.3099999999977,8624
32.3099999999977,8792
32.3099999999977,8714
32.3570000000036,8494
32.3570000000036,7894
32.3570000000036,7308
32.3570000000036,6272
32.3570000000036,6108
32.3570000000036,6478
32.3570000000036,6548
32.3570000000036,7238
32.3570000000036,7232
32.4049999999988,7674
32.4049999999988,6754
32.4049999999988,6220
32.4049999999988,5904
32.4049999999988,6206
32.4049999999988,7006
32.4049999999988,7684
32.4049999999988,7950
32.4049999999988,8274
32.4049999999988,8556
32.4519999999975,8648
32.4519999999975,8778
32.4519999999975,8796
32.4519999999975,8576
32.4519999999975,8018
32.4519999999975,7436
32.4519999999975,6892
32.4519999999975,6112
32.4519999999975,5616
32.4990000000034,6584
32.4990000000034,7228
32.4990000000034,7228
32.4990000000034,7664
32.4990000000034,7216
32.4990000000034,6724
32.4990000000034,5406
32.4990000000034,5724
32.4990000000034,7048
32.5460000000021,7146
32.5460000000021,7982
32.5460000000021,8104
32.5460000000021,8454
32.5460000000021,8596
32.5460000000021,8622
32.5460000000021,8782
32.5460000000021,8602
32.5460000000021,8088
32.5930000000008,7386
32.5930000000008,7038
32.5930000000008,5702
32.5930000000008,5656
32.5930000000008,6616
32.5930000000008,7144
32.5930000000008,7216
32.5930000000008,7638
32.5930000000008,7380
32.5930000000008,6828
32.6399999999994,5630
32.6399999999994,5932
32.6399999999994,6776
32.6399999999994,7088
32.6399999999994,7838
32.6399999999994,8058
32.6399999999994,8388
32.6399999999994,8612
32.6399999999994,8660
32.6869999999981,8844
32.6869999999981,8782
32.6869999999981,8542
32.6869999999981,8052
32.6869999999981,7294
32.6869999999981,6738
32.6869999999981,6236
32.6869999999981,6056
32.6869999999981,6556
32.6869999999981,7314
32.734000000004,7236
32.734000000004,7668
32.734000000004,7134
32.734000000004,6674
32.734000000004,5492
32.734000000004,5702
32.734000000004,6938
32.734000000004,7186
32.734000000004,8032
32.7819999999992,8146
32.7819999999992,8496
32.7819999999992,8654
32.7819999999992,8686
32.7819999999992,8860
32.7819999999992,8782
32.7819999999992,8542
32.7819999999992,8052
32.7819999999992,7284
32.8280000000013,6728
32.8280000000013,6240
32.8280000000013,6112
32.8280000000013,6554
32.8280000000013,7318
32.8280000000013,7238
32.8280000000013,7680
32.8280000000013,7150
32.8280000000013,6678
32.8760000000038,5512
32.8760000000038,5728
32.8760000000038,6996
32.8760000000038,7182
32.8760000000038,8012
32.8760000000038,8146
32.8760000000038,8490
32.8760000000038,8664
32.8760000000038,8686
32.8760000000038,8864
32.9230000000025,8824
32.9230000000025,8632
32.9230000000025,8126
32.9230000000025,7452
32.9230000000025,6908
32.9230000000025,6066
32.9230000000025,5616
32.9230000000025,6590
32.9230000000025,7228
32.9700000000012,7248
32.9700000000012,7698
32.9700000000012,7392
32.9700000000012,6918
32.9700000000012,5738
32.9700000000012,5806
32.9700000000012,6888
32.9700000000012,7104
32.9700000000012,7894
32.9700000000012,8074
33.0169999999998,8414
33.0169999999998,8618
33.0169999999998,8654
33.0169999999998,8834
33.0169999999998,8792
33.0169999999998,8568
33.0169999999998,7996
33.0169999999998,7176
33.0169999999998,6606
33.0639999999985,6232
33.0639999999985,6240
33.0639999999985,6560
33.0639999999985,7304
33.0639999999985,7262
33.0639999999985,7694
33.0639999999985,7282
33.0639999999985,6750
33.0639999999985,5462
33.0639999999985,5688
33.1109999999971,6858
33.1109999999971,7164
33.1109999999971,8026
33.1109999999971,8142
33.1109999999971,8470
33.1109999999971,8596
33.1109999999971,8614
33.1109999999971,8786
33.1109999999971,8614
33.1589999999997,8116
33.1589999999997,7446
33.1589999999997,6910
33.1589999999997,6046
33.1589999999997,5604
33.1589999999997,6576
33.1589999999997,7218
33.1589999999997,7238
33.1589999999997,7576
33.2059999999983,7370
33.2059999999983,6858
33.2059999999983,5666
33.2059999999983,5760
33.2059999999983,6974
33.2059999999983,7130
33.2059999999983,7934
33.2059999999983,8090
33.2059999999983,8428
33.2530000000042,8596
33.2530000000042,8618
33.2530000000042,8796
33.2530000000042,8674
33.2530000000042,8110
33.2530000000042,7694
33.2530000000042,7114
33.2530000000042,5840
33.2530000000042,5754
33.2530000000042,6620
33.3000000000029,7052
33.3000000000029,7218
33.3000000000029,7264
33.3000000000029,7694
33.3000000000029,6784
33.3000000000029,6258
33.3000000000029,6088
33.3000000000029,6566
33.3000000000029,7056
33.3000000000029,7780
33.3470000000016,8018
33.3470000000016,8342
33.3470000000016,8562
33.3470000000016,8664
33.3470000000016,8674
33.3470000000016,8848
33.3470000000016,8696
33.3470000000016,8068
33.3470000000016,7684
33.3950000000041,7120
33.3950000000041,5846
33.3950000000041,5758
33.3950000000041,6610
33.3950000000041,7052
33.3950000000041,7242
33.3950000000041,7258
33.3950000000041,7694
33.3950000000041,6786
33.4409999999989,6276
33.4409999999989,6078
33.4409999999989,6556
33.4409999999989,7038
33.4409999999989,7756
33.4409999999989,7924
33.4409999999989,8260
33.4409999999989,8540
33.4409999999989,8628
33.4890000000014,8792
33.4890000000014,8786
33.4890000000014,8562
33.4890000000014,8016
33.4890000000014,7202
33.4890000000014,6648
33.4890000000014,6232
33.4890000000014,6196
33.4890000000014,6590
33.4890000000014,7242
33.5360000000001,7262
33.5360000000001,7690
33.5360000000001,7318
33.5360000000001,6780
33.5360000000001,5524
33.5360000000001,5728
33.5360000000001,6980
33.5360000000001,7160
33.5360000000001,7880
33.5829999999987,8054
33.5829999999987,8392
33.5829999999987,8576
33.5829999999987,8592
33.5829999999987,8768
33.5829999999987,8612
33.5829999999987,8116
33.5829999999987,7448
33.5829999999987,6956
33.5829999999987,5984
33.6299999999974,5604
33.6299999999974,6586
33.6299999999974,7100
33.6299999999974,7222
33.6299999999974,7510
33.6299999999974,7380
33.6299999999974,6904
33.6299999999974,5774
33.6299999999974,5832
33.6770000000033,6832
33.6770000000033,7100
33.6770000000033,7880
33.6770000000033,8070
33.6770000000033,8402
33.6770000000033,8598
33.6770000000033,8674
33.6770000000033,8684
33.6770000000033,8822
33.6770000000033,8654
33.724000000002,8152
33.724000000002,7524
33.724000000002,7028
33.724000000002,5698
33.724000000002,5642
33.724000000002,6620
33.724000000002,7176
33.724000000002,7238
33.7710000000006,7264
33.7710000000006,7636
33.7710000000006,6712
33.7710000000006,6026
33.7710000000006,6124
33.7710000000006,6666
33.7710000000006,7082
33.7710000000006,7816
33.7710000000006,8026
33.7710000000006,8362
33.8179999999993,8578
33.8179999999993,8686
33.8179999999993,8696
33.8179999999993,8850
33.8179999999993,8776
33.8179999999993,8524
33.8179999999993,7914
33.8179999999993,7310
33.8179999999993,6328
33.8660000000018,6216
33.8660000000018,6458
33.8660000000018,6566
33.8660000000018,7334
33.8660000000018,7258
33.8660000000018,7674
33.8660000000018,7182
33.8660000000018,6714
33.8660000000018,5416
33.8660000000018,5672
33.9130000000005,6946
33.9130000000005,7288
33.9130000000005,8104
33.9130000000005,8188
33.9130000000005,8514
33.9130000000005,8624
33.9130000000005,8650
33.9130000000005,8808
33.9130000000005,8736
33.9599999999991,8478
33.9599999999991,7828
33.9599999999991,7264
33.9599999999991,6124
33.9599999999991,5976
33.9599999999991,6556
33.9599999999991,6564
33.9599999999991,7254
33.9599999999991,7264
33.9599999999991,7668
34.0069999999978,7064
34.0069999999978,6602
34.0069999999978,5626
34.0069999999978,5750
34.0069999999978,6960
34.0069999999978,7572
34.0069999999978,7816
34.0069999999978,8238
34.0069999999978,8524
34.0540000000037,8624
34.0540000000037,8638
34.0540000000037,8840
34.0540000000037,8694
34.0540000000037,8392
34.0540000000037,7736
34.0540000000037,7156
34.0540000000037,5950
34.0540000000037,5836
34.101999999999,6712
34.101999999999,6924
34.101999999999,7222
34.101999999999,7268
34.101999999999,7688
34.101999999999,6888
34.101999999999,6426
34.101999999999,5986
34.101999999999,6410
34.1489999999976,7002
34.1489999999976,7716
34.1489999999976,7962
34.1489999999976,8274
34.1489999999976,8506
34.1489999999976,8622
34.1489999999976,8650
34.1489999999976,8804
34.1489999999976,8632
34.1489999999976,8140
34.1960000000036,7494
34.1960000000036,7022
34.1960000000036,5742
34.1960000000036,5640
34.1960000000036,6600
34.1960000000036,7176
34.1960000000036,7232
34.1960000000036,7300
34.1960000000036,7510
34.2430000000022,6848
34.2430000000022,5898
34.2430000000022,5940
34.2430000000022,6754
34.2430000000022,7074
34.2430000000022,7832
34.2430000000022,8054
34.2430000000022,8382
34.2430000000022,8586
34.2430000000022,8678
34.2900000000009,8680
34.2900000000009,8864
34.2900000000009,8740
34.2900000000009,8488
34.2900000000009,7838
34.2900000000009,7268
34.2900000000009,6144
34.2900000000009,5968
34.2900000000009,6538
34.3369999999995,6554
34.3369999999995,7226
34.3369999999995,7254
34.3369999999995,7674
34.3369999999995,7078
34.3369999999995,6612
34.3369999999995,5554
34.3369999999995,5714
34.3369999999995,6954
34.385000000002,7534
34.385000000002,7822
34.385000000002,8224
34.385000000002,8484
34.385000000002,8632
34.385000000002,8658
34.385000000002,8844
34.385000000002,8756
34.385000000002,8516
34.4310000000041,7910
34.4310000000041,7292
34.4310000000041,6384
34.4310000000041,6242
34.4310000000041,6422
34.4310000000041,6560
34.4310000000041,7242
34.4310000000041,7246
34.4310000000041,7658
34.4310000000041,7182
34.4789999999994,6718
34.4789999999994,5410
34.4789999999994,5660
34.4789999999994,6938
34.4789999999994,7212
34.4789999999994,8080
34.4789999999994,8162
34.4789999999994,8504
34.4789999999994,8642
34.525999999998,8660
34.525999999998,8838
34.525999999998,8788
34.525999999998,8552
34.525999999998,8002
34.525999999998,7196
34.525999999998,6652
34.525999999998,6230
34.525999999998,6168
34.525999999998,6544
34.573000000004,7318
34.573000000004,7228
34.573000000004,7664
34.573000000004,7268
34.573000000004,6738
34.573000000004,5462
34.573000000004,5666
34.573000000004,6914
34.573000000004,7176
34.6200000000026,8002
34.6200000000026,8114
34.6200000000026,8464
34.6200000000026,8628
34.6200000000026,8654
34.6200000000026,8814
34.6200000000026,8768
34.6200000000026,8592
34.6200000000026,8064
34.6679999999978,7366
34.6679999999978,6820
34.6679999999978,6158
34.6679999999978,5646
34.6679999999978,6570
34.6679999999978,7236
34.6679999999978,7232
34.6679999999978,7586
34.6679999999978,7376
34.7150000000038,6878
34.7150000000038,5692
34.7150000000038,5738
34.7150000000038,6892
34.7150000000038,7092
34.7150000000038,7884
34.7150000000038,8044
34.7150000000038,8392
34.7150000000038,8592
34.7150000000038,8638
34.7620000000024,8814
34.7620000000024,8776
34.7620000000024,8550
34.7620000000024,7988
34.7620000000024,7192
34.7620000000024,6652
34.7620000000024,6222
34.7620000000024,6150
34.7620000000024,6564
34.8090000000011,7334
34.8090000000011,7236
34.8090000000011,7654
34.8090000000011,7324
34.8090000000011,6790
34.8090000000011,5558
34.8090000000011,5724
34.8090000000011,7046
34.8090000000011,7150
34.8090000000011,7960
34.8559999999998,8094
34.8559999999998,8442
34.8559999999998,8624
34.8559999999998,8690
34.8559999999998,8684
34.8559999999998,8864
34.8559999999998,8752
34.8559999999998,8516
34.8559999999998,7880
34.9029999999984,7304
34.9029999999984,6298
34.9029999999984,6190
34.9029999999984,6462
34.9029999999984,6548
34.9029999999984,7330
34.9029999999984,7246
34.9029999999984,7674
34.9029999999984,7190
34.9510000000009,6720
34.9510000000009,5430
34.9510000000009,5686
34.9510000000009,6914
34.9510000000009,7180
34.9510000000009,8048
34.9510000000009,8160
34.9510000000009,8444
34.9510000000009,8658
34.9510000000009,8730
34.9979999999996,8722
34.9979999999996,8896
34.9979999999996,8824
34.9979999999996,8618
34.9979999999996,8100
34.9979999999996,7422
34.9979999999996,6918
34.9979999999996,5986
34.9979999999996,5630
35.0449999999983,6602
35.0449999999983,7088
35.0449999999983,7232
35.0449999999983,7346
35.0449999999983,7524
35.0449999999983,6802
35.0449999999983,5950
35.0449999999983,6004
35.0449999999983,6704
35.0920000000042,7056
35.0920000000042,7792
35.0920000000042,7962
35.0920000000042,8290
35.0920000000042,8582
35.0920000000042,8696
35.0920000000042,8716
35.0920000000042,8864
35.0920000000042,8848
35.0920000000042,8680
35.1390000000029,8130
35.1390000000029,7658
35.1390000000029,7108
35.1390000000029,5840
35.1390000000029,5744
35.1390000000029,6550
35.1390000000029,6554
35.1390000000029,7252
35.1390000000029,7272
35.1860000000015,7704
35.1860000000015,6914
35.1860000000015,6452
35.1860000000015,5984
35.1860000000015,6328
35.1860000000015,6996
35.1860000000015,7376
35.1860000000015,8090
35.1860000000015,8182
35.1860000000015,8510
35.2330000000002,8648
35.2330000000002,8684
35.2330000000002,8858
35.2330000000002,8802
35.2330000000002,8606
35.2330000000002,8084
35.2330000000002,7400
35.2330000000002,6858
35.2330000000002,6082
35.2810000000027,5692
35.2810000000027,6616
35.2810000000027,7098
35.2810000000027,7216
35.2810000000027,7438
35.2810000000027,7408
35.2810000000027,6884
35.2810000000027,5888
35.2810000000027,5888
35.3280000000013,6760
35.3280000000013,7022
35.3280000000013,7730
35.3280000000013,7970
35.3280000000013,8280
35.3280000000013,8532
35.3280000000013,8608
35.3280000000013,8720
35.3280000000013,8750
35.3280000000013,8516
35.375,7952
35.375,7140
35.375,6590
35.375,6204
35.375,5610
35.375,6580
35.375,7232
35.375,7232
35.375,7668
35.4219999999987,7294
35.4219999999987,6770
35.4219999999987,5512
35.4219999999987,5682
35.4219999999987,7006
35.4219999999987,7058
35.4219999999987,7828
35.4219999999987,8022
35.4219999999987,8352
35.4219999999987,8572
35.4700000000012,8624
35.4700000000012,8814
35.4700000000012,8752
35.4700000000012,8524
35.4700000000012,7936
35.4700000000012,7160
35.4700000000012,6544
35.4700000000012,6158
35.4700000000012,5660
35.5160000000033,6584
35.5160000000033,7252
35.5160000000033,7248
35.5160000000033,7684
35.5160000000033,7294
35.5160000000033,6774
35.5160000000033,5538
35.5160000000033,5702
35.5160000000033,6826
35.5639999999985,7062
35.5639999999985,7838
35.5639999999985,8032
35.5639999999985,8370
35.5639999999985,8586
35.5639999999985,8642
35.5639999999985,8778
35.5639999999985,8766
35.5639999999985,8606
35.6109999999971,8110
35.6109999999971,7462
35.6109999999971,7006
35.6109999999971,5794
35.6109999999971,5728
35.6109999999971,6576
35.6109999999971,7048
35.6109999999971,7226
35.6109999999971,7254
35.6109999999971,7606
35.6580000000031,6684
35.6580000000031,6032
35.6580000000031,6104
35.6580000000031,6370
35.6580000000031,6974
35.6580000000031,7684
35.6580000000031,7936
35.6580000000031,8248
35.6580000000031,8520
35.7059999999983,8618
35.7059999999983,8678
35.7059999999983,8786
35.7059999999983,8628
35.7059999999983,8120
35.7059999999983,7562
35.7059999999983,7032
35.7059999999983,5964
35.7059999999983,5842
35.7059999999983,6658
35.7530000000042,6750
35.7530000000042,7232
35.7530000000042,7268
35.7530000000042,7698
35.7530000000042,6812
35.7530000000042,6338
35.7530000000042,6030
35.7530000000042,5760
35.7530000000042,6930
35.8000000000029,7550
35.8000000000029,7808
35.8000000000029,8188
35.8000000000029,8490
35.8000000000029,8598
35.8000000000029,8648
35.8000000000029,8778
35.8000000000029,8612
35.8000000000029,8124
35.8000000000029,7680
35.8470000000016,7120
35.8470000000016,5886
35.8470000000016,5768
35.8470000000016,6668
35.8470000000016,6946
35.8470000000016,7222
35.8470000000016,7252
35.8470000000016,7662
35.8940000000002,6712
35.8940000000002,6170
35.8940000000002,5922
35.8940000000002,6200
35.8940000000002,6944
35.8940000000002,7616
35.8940000000002,7898
35.8940000000002,8216
35.8940000000002,8490
35.8940000000002,8592
35.9409999999989,8632
35.9409999999989,8746
35.9409999999989,8576
35.9409999999989,8070
35.9409999999989,7590
35.9409999999989,7056
35.9409999999989,5760
35.9409999999989,5692
35.9409999999989,6580
35.9890000000014,7062
35.9890000000014,7192
35.9890000000014,7428
35.9890000000014,7380
35.9890000000014,6878
35.9890000000014,6236
35.9890000000014,6050
35.9890000000014,6520
35.9890000000014,6996
35.9890000000014,7714
36.0360000000001,7952
36.0360000000001,8264
36.0360000000001,8514
36.0360000000001,8586
36.0360000000001,8772
36.0360000000001,8706
36.0360000000001,8514
36.0360000000001,7966
36.0360000000001,7202
36.0840000000026,6668
36.0840000000026,6212
36.0840000000026,6068
36.0840000000026,6528
36.0840000000026,7292
36.0840000000026,7210
36.0840000000026,7626
36.0840000000026,7160
36.0840000000026,6694
36.0840000000026,5548
36.1310000000012,5722
36.1310000000012,7026
36.1310000000012,7114
36.1310000000012,7920
36.1310000000012,8068
36.1310000000012,8414
36.1310000000012,8602
36.1310000000012,8658
36.1310000000012,8766
36.1779999999999,8804
36.1779999999999,8628
36.1779999999999,8330
36.1779999999999,7730
36.1779999999999,7160
36.1779999999999,5970
36.1779999999999,5856
36.1779999999999,6666
36.1779999999999,6738
36.2249999999985,7200
36.2249999999985,7212
36.2249999999985,7648
36.2249999999985,6698
36.2249999999985,6466
36.2249999999985,5902
36.2249999999985,6232
36.2249999999985,6960
36.2249999999985,7636
36.2249999999985,7888
36.2719999999972,8242
36.2719999999972,8536
36.2719999999972,8664
36.2719999999972,8694
36.2719999999972,8732
36.2719999999972,8832
36.2719999999972,8716
36.2719999999972,8468
36.2719999999972,7838
36.3190000000031,7274
36.3190000000031,6210
36.3190000000031,6072
36.3190000000031,6482
36.3190000000031,6544
36.3190000000031,7226
36.3190000000031,7248
36.3190000000031,7652
36.3190000000031,7166
36.3190000000031,6698
36.3669999999984,5420
36.3669999999984,5650
36.3669999999984,6920
36.3669999999984,7192
36.3669999999984,8038
36.3669999999984,8142
36.3669999999984,8494
36.3669999999984,8678
36.3669999999984,8736
36.4140000000043,8746
36.4140000000043,8776
36.4140000000043,8878
36.4140000000043,8778
36.4140000000043,8530
36.4140000000043,7956
36.4140000000043,7160
36.4140000000043,6626
36.4140000000043,6216
36.4599999999991,6144
36.4599999999991,6538
36.4599999999991,7192
36.4599999999991,7222
36.4599999999991,7632
36.4599999999991,7324
36.4599999999991,6800
36.4599999999991,5574
36.4599999999991,5728
36.5069999999978,6992
36.5069999999978,7114
36.5069999999978,7900
36.5069999999978,8058
36.5069999999978,8406
36.5069999999978,8598
36.5069999999978,8686
36.5069999999978,8700
36.5069999999978,8880
36.5069999999978,8824
36.5550000000003,8658
36.5550000000003,8136
36.5550000000003,7642
36.5550000000003,7092
36.5550000000003,5826
36.5550000000003,5748
36.5550000000003,6620
36.5550000000003,7006
36.5550000000003,7246
36.601999999999,7278
36.601999999999,7690
36.601999999999,6966
36.601999999999,6498
36.601999999999,5896
36.601999999999,6078
36.601999999999,6946
36.601999999999,7586
36.601999999999,8042
36.601999999999,8114
36.6489999999976,8458
36.6489999999976,8606
36.6489999999976,8628
36.6489999999976,8814
36.6489999999976,8740
36.6489999999976,8500
36.6489999999976,7916
36.6489999999976,7170
36.6489999999976,6514
36.6970000000001,6210
36.6970000000001,5686
36.6970000000001,6586
36.6970000000001,7252
36.6970000000001,7262
36.6970000000001,7668
36.6970000000001,7364
36.6970000000001,6856
36.6970000000001,5662
36.6970000000001,5748
36.7439999999988,6918
36.7439999999988,7052
36.7439999999988,7790
36.7439999999988,8008
36.7439999999988,8320
36.7439999999988,8606
36.7439999999988,8714
36.7439999999988,8750
36.7920000000013,8726
36.7920000000013,8890
36.7920000000013,8832
36.7920000000013,8650
36.7920000000013,8130
36.7920000000013,7612
36.7920000000013,7078
36.7920000000013,6082
36.7920000000013,5938
36.7920000000013,6548
36.8389999999999,6530
36.8389999999999,7232
36.8389999999999,7248
36.8389999999999,7680
36.8389999999999,6874
36.8389999999999,6416
36.8389999999999,5922
36.8389999999999,5666
36.8389999999999,6918
36.8389999999999,7350
36.8870000000024,8080
36.8870000000024,8156
36.8870000000024,8500
36.8870000000024,8650
36.8870000000024,8704
36.8870000000024,8686
36.8870000000024,8874
36.8870000000024,8798
36.8870000000024,8628
36.9340000000011,8140
36.9340000000011,7544
36.9340000000011,7020
36.9340000000011,5744
36.9340000000011,5688
36.9340000000011,6596
36.9340000000011,7092
36.9340000000011,7212
36.9340000000011,7376
36.9340000000011,7458
36.9820000000036,6816
36.9820000000036,6340
36.9820000000036,5980
36.9820000000036,6422
36.9820000000036,6986
36.9820000000036,7700
36.9820000000036,7924
36.9820000000036,8242
36.9820000000036,8520
37.0290000000023,8612
37.0290000000023,8624
37.0290000000023,8804
37.0290000000023,8730
37.0290000000023,8490
37.0290000000023,7890
37.0290000000023,7202
37.0290000000023,6466
37.0290000000023,6212
37.0760000000009,6272
37.0760000000009,6550
37.0760000000009,7278
37.0760000000009,7272
37.0760000000009,7698
37.0760000000009,7354
37.0760000000009,6842
37.0760000000009,5642
37.0760000000009,5744
37.1229999999996,6918
37.1229999999996,7094
37.1229999999996,7874
37.1229999999996,8038
37.1229999999996,8386
37.1229999999996,8602
37.1229999999996,8670
37.1229999999996,8684
37.1229999999996,8860
37.1229999999996,8776
37.1710000000021,8608
37.1710000000021,8124
37.1710000000021,7500
37.1710000000021,6992
37.1710000000021,5686
37.1710000000021,5652
37.1710000000021,6620
37.1710000000021,7136
37.1710000000021,7236
37.2180000000008,7288
37.2180000000008,7700
37.2180000000008,6866
37.2180000000008,6396
37.2180000000008,5994
37.2180000000008,6364
37.2180000000008,6980
37.2180000000008,7672
37.2180000000008,7914
37.2180000000008,8156
37.2649999999994,8510
37.2649999999994,8680
37.2649999999994,8746
37.2649999999994,8756
37.2649999999994,8850
37.2649999999994,8896
37.2649999999994,8822
37.2649999999994,8596
37.2649999999994,8068
37.2649999999994,7408
37.3119999999981,6918
37.3119999999981,5908
37.3119999999981,5636
37.3119999999981,6556
37.3119999999981,7052
37.3119999999981,7210
37.3119999999981,7278
37.3119999999981,7562
37.359000000004,6694
37.359000000004,6004
37.359000000004,6092
37.359000000004,6620
37.359000000004,7032
37.359000000004,7674
37.359000000004,7916
37.359000000004,8234
37.359000000004,8526
37.359000000004,8642
37.4069999999992,8664
37.4069999999992,8844
37.4069999999992,8772
37.4069999999992,8596
37.4069999999992,8088
37.4069999999992,7442
37.4069999999992,6986
37.4069999999992,5760
37.4069999999992,5728
37.4539999999979,6594
37.4539999999979,7022
37.4539999999979,7228
37.4539999999979,7268
37.4539999999979,7678
37.4539999999979,6748
37.4539999999979,6242
37.4539999999979,6058
37.4539999999979,6508
37.4539999999979,6928
37.5020000000004,7560
37.5020000000004,7822
37.5020000000004,8176
37.5020000000004,8458
37.5020000000004,8562
37.5020000000004,8658
37.5020000000004,8710
37.5020000000004,8532
37.5020000000004,8006
37.5489999999991,7294
37.5489999999991,6766
37.5489999999991,5662
37.5489999999991,5630
37.5489999999991,6602
37.5489999999991,7136
37.5489999999991,7228
37.5489999999991,7518
37.5489999999991,7386
37.5489999999991,6884
37.5959999999977,5882
37.5959999999977,5896
37.5959999999977,6468
37.5959999999977,6976
37.5959999999977,7690
37.5959999999977,7926
37.5959999999977,8248
37.5959999999977,8516
37.5959999999977,8612
37.6430000000037,8644
37.6430000000037,8802
37.6430000000037,8650
37.6430000000037,8068
37.6430000000037,7680
37.6430000000037,7110
37.6430000000037,6160
37.6430000000037,5984
37.6430000000037,6488
37.6909999999989,6584
37.6909999999989,7258
37.6909999999989,7294
37.6909999999989,7678
37.6909999999989,7052
37.6909999999989,6590
37.6909999999989,5568
37.6909999999989,5630
37.6909999999989,6816
37.6909999999989,7164
37.7379999999976,7982
37.7379999999976,8088
37.7379999999976,8444
37.7379999999976,8622
37.7379999999976,8670
37.7379999999976,8762
37.7379999999976,8838
37.7379999999976,8690
37.7379999999976,8458
37.7860000000001,7772
37.7860000000001,7274
37.7860000000001,6376
37.7860000000001,6222
37.7860000000001,6396
37.7860000000001,6564
37.7860000000001,7228
37.7860000000001,7282
37.7860000000001,7688
37.7860000000001,7182
37.8329999999987,6712
37.8329999999987,5550
37.8329999999987,5714
37.8329999999987,6986
37.8329999999987,7108
37.8329999999987,7898
37.8329999999987,8048
37.8329999999987,8392
37.8329999999987,8598
37.8799999999974,8650
37.8799999999974,8818
37.8799999999974,8778
37.8799999999974,8608
37.8799999999974,8100
37.8799999999974,7618
37.8799999999974,7068
37.8799999999974,5774
37.8799999999974,5696
37.9270000000033,6580
37.9270000000033,7074
37.9270000000033,7242
37.9270000000033,7282
37.9270000000033,7664
37.9270000000033,6714
37.9270000000033,6164
37.9270000000033,5898
37.9270000000033,6134
37.9749999999985,6966
37.9749999999985,7608
37.9749999999985,7848
37.9749999999985,8228
37.9749999999985,8540
37.9749999999985,8680
37.9749999999985,8722
37.9749999999985,8706
37.9749999999985,8874
37.9749999999985,8792
38.0219999999972,8614
38.0219999999972,8098
38.0219999999972,7452
38.0219999999972,6996
38.0219999999972,5742
38.0219999999972,5630
38.0219999999972,6584
38.0219999999972,7144
38.0219999999972,7210
38.0699999999997,7606
38.0699999999997,7380
38.0699999999997,6674
38.0699999999997,6122
38.0699999999997,6068
38.0699999999997,6554
38.0699999999997,7002
38.0699999999997,7724
38.0699999999997,7946
38.0699999999997,8264
38.1169999999984,8520
38.1169999999984,8596
38.1169999999984,8776
38.1169999999984,8732
38.1169999999984,8602
38.1169999999984,8106
38.1169999999984,7514
38.1169999999984,6996
38.1169999999984,5686
38.1640000000043,5636
38.1640000000043,6580
38.1640000000043,7104
38.1640000000043,7200
38.1640000000043,7508
38.1640000000043,7366
38.1640000000043,6764
38.1640000000043,6266
38.1640000000043,6022
38.1640000000043,6478
38.211000000003,6980
38.211000000003,7694
38.211000000003,7934
38.211000000003,8254
38.211000000003,8532
38.211000000003,8632
38.211000000003,8648
38.211000000003,8834
38.211000000003,8750
38.2589999999982,8506
38.2589999999982,7936
38.2589999999982,7140
38.2589999999982,6600
38.2589999999982,6196
38.2589999999982,6134
38.2589999999982,6534
38.2589999999982,7328
38.2589999999982,7246
38.3060000000041,7628
38.3060000000041,7350
38.3060000000041,6838
38.3060000000041,5626
38.3060000000041,5732
38.3060000000041,6908
38.3060000000041,7072
38.3060000000041,7854
38.3060000000041,8022
38.3060000000041,8356
38.3530000000028,8562
38.3530000000028,8606
38.3530000000028,8792
38.3530000000028,8750
38.3530000000028,8576
38.3530000000028,8064
38.3530000000028,7406
38.3530000000028,6914
38.3530000000028,5876
38.4000000000015,5616
38.4000000000015,6576
38.4000000000015,7176
38.4000000000015,7222
38.4000000000015,7618
38.4000000000015,7566
38.4000000000015,6688
38.4000000000015,6022
38.4000000000015,6102
38.4000000000015,6620
38.448000000004,7002
38.448000000004,7726
38.448000000004,7956
38.448000000004,8278
38.448000000004,8496
38.448000000004,8566
38.448000000004,8760
38.448000000004,8716
38.448000000004,8490
38.4950000000026,7926
38.4950000000026,7120
38.4950000000026,6560
38.4950000000026,6194
38.4950000000026,6164
38.4950000000026,6514
38.4950000000026,7294
38.4950000000026,7216
38.4950000000026,7652
38.5420000000013,7282
38.5420000000013,6754
38.5420000000013,5486
38.5420000000013,5682
38.5420000000013,7022
38.5420000000013,7118
38.5420000000013,7924
38.5420000000013,8058
38.5420000000013,8402
38.5900000000038,8560
38.5900000000038,8624
38.5900000000038,8782
38.5900000000038,8776
38.5900000000038,8606
38.5900000000038,8116
38.5900000000038,7518
38.5900000000038,7000
38.5900000000038,5686
38.5900000000038,5630
38.6370000000024,6570
38.6370000000024,7092
38.6370000000024,7192
38.6370000000024,7200
38.6370000000024,7626
38.6370000000024,6662
38.6370000000024,6104
38.6370000000024,6068
38.6370000000024,6556
38.6370000000024,7020
38.6849999999977,7726
38.6849999999977,7970
38.6849999999977,8228
38.6849999999977,8526
38.6849999999977,8660
38.6849999999977,8704
38.6849999999977,8802
38.6849999999977,8868
38.6849999999977,8750
38.7320000000036,8504
38.7320000000036,7914
38.7320000000036,7248
38.7320000000036,6442
38.7320000000036,6216
38.7320000000036,6282
38.7320000000036,6538
38.7320000000036,7242
38.7320000000036,7228
38.7320000000036,7664
38.7799999999988,7272
38.7799999999988,6754
38.7799999999988,5492
38.7799999999988,5686
38.7799999999988,7020
38.7799999999988,7130
38.7799999999988,7798
38.7799999999988,8008
38.8260000000009,8336
38.8260000000009,8556
38.8260000000009,8618
38.8260000000009,8726
38.8260000000009,8762
38.8260000000009,8588
38.8260000000009,8104
38.8260000000009,7488
38.8260000000009,6986
38.8260000000009,5662
38.8740000000034,5626
38.8740000000034,6564
38.8740000000034,6898
38.8740000000034,7190
38.8740000000034,7226
38.8740000000034,7662
38.8740000000034,6740
38.8740000000034,6240
38.8740000000034,6026
38.9210000000021,6476
38.9210000000021,6970
38.9210000000021,7526
38.9210000000021,7828
38.9210000000021,8172
38.9210000000021,8452
38.9210000000021,8562
38.9210000000021,8648
38.9210000000021,8726
38.9210000000021,8556
38.9689999999973,8058
38.9689999999973,7396
38.9689999999973,6908
38.9689999999973,5764
38.9689999999973,5600
38.9689999999973,6544
38.9689999999973,7052
38.9689999999973,7210
38.9689999999973,7238
39.0160000000033,7600
39.0160000000033,6648
39.0160000000033,6082
39.0160000000033,6082
39.0160000000033,6576
39.0160000000033,7012
39.0160000000033,7716
39.0160000000033,7854
39.0160000000033,8216
39.0160000000033,8524
39.0639999999985,8664
39.0639999999985,8704
39.0639999999985,8690
39.0639999999985,8868
39.0639999999985,8786
39.0639999999985,8582
39.0639999999985,8088
39.0639999999985,7454
39.0639999999985,6990
39.1109999999971,5678
39.1109999999971,5758
39.1109999999971,6630
39.1109999999971,6956
39.1109999999971,7200
39.1109999999971,7232
39.1109999999971,7658
39.1109999999971,6728
39.1109999999971,6230
39.1580000000031,6010
39.1580000000031,6472
39.1580000000031,6934
39.1580000000031,7550
39.1580000000031,7792
39.1580000000031,8192
39.1580000000031,8510
39.1580000000031,8654
39.1580000000031,8694
39.1580000000031,8674
39.2050000000017,8854
39.2050000000017,8762
39.2050000000017,8524
39.2050000000017,7992
39.2050000000017,7278
39.2050000000017,6986
39.2050000000017,5668
39.2050000000017,5626
39.2050000000017,6556
39.2520000000004,7088
39.2520000000004,7180
39.2520000000004,7534
39.2520000000004,7346
39.2520000000004,6878
39.2520000000004,5820
39.2520000000004,6016
39.2520000000004,6472
39.2520000000004,6976
39.2520000000004,7672
39.3000000000029,7926
39.3000000000029,8244
39.3000000000029,8530
39.3000000000029,8644
39.3000000000029,8674
39.3000000000029,8850
39.3000000000029,8804
39.3000000000029,8654
39.3000000000029,8452
39.3470000000016,7832
39.3470000000016,7258
39.3470000000016,6258
39.3470000000016,6140
39.3470000000016,6436
39.3470000000016,6528
39.3470000000016,7210
39.3470000000016,7254
39.3470000000016,7658
39.3940000000002,7094
39.3940000000002,6748
39.3940000000002,5522
39.3940000000002,5686
39.3940000000002,7000
39.3940000000002,7128
39.3940000000002,7900
39.3940000000002,8058
39.3940000000002,8408
39.4409999999989,8644
39.4409999999989,8740
39.4409999999989,8782
39.4409999999989,8786
39.4409999999989,8768
39.4409999999989,8932
39.4409999999989,8900
39.4409999999989,8796
39.4409999999989,8566
39.4409999999989,8052
39.4890000000014,7382
39.4890000000014,6894
39.4890000000014,5902
39.4890000000014,5616
39.4890000000014,6574
39.4890000000014,7164
39.4890000000014,7228
39.4890000000014,7272
39.4890000000014,7698
39.5350000000035,6816
39.5350000000035,6348
39.5350000000035,6006
39.5350000000035,6380
39.5350000000035,6946
39.5350000000035,7642
39.5350000000035,7904
39.5350000000035,8202
39.5350000000035,8432
39.5350000000035,8560
39.5829999999987,8586
39.5829999999987,8768
39.5829999999987,8668
39.5829999999987,8424
39.5829999999987,7822
39.5829999999987,7242
39.5829999999987,6272
39.5829999999987,6154
39.5829999999987,6402
39.6299999999974,6528
39.6299999999974,7288
39.6299999999974,7252
39.6299999999974,7680
39.6299999999974,7288
39.6299999999974,6776
39.6299999999974,5578
39.6299999999974,5748
39.6299999999974,6938
39.6770000000033,7058
39.6770000000033,7834
39.6770000000033,7960
39.6770000000033,8278
39.6770000000033,8532
39.6770000000033,8628
39.6770000000033,8638
39.6770000000033,8824
39.6770000000033,8742
39.724000000002,8520
39.724000000002,8002
39.724000000002,7288
39.724000000002,6756
39.724000000002,6122
39.724000000002,5614
39.724000000002,6570
39.724000000002,7098
39.724000000002,7212
39.724000000002,7442
39.7719999999972,7482
39.7719999999972,6720
39.7719999999972,6004
39.7719999999972,6078
39.7719999999972,6600
39.7719999999972,7002
39.7719999999972,7628
39.7719999999972,7874
39.7719999999972,8188
39.7719999999972,8470
39.8179999999993,8576
39.8179999999993,8596
39.8179999999993,8778
39.8179999999993,8658
39.8179999999993,8408
39.8179999999993,7790
39.8179999999993,7210
39.8179999999993,6128
39.8179999999993,5934
39.8660000000018,6248
39.8660000000018,6550
39.8660000000018,7308
39.8660000000018,7272
39.8660000000018,7688
39.8660000000018,7254
39.8660000000018,6756
39.8660000000018,5508
39.8660000000018,5682
39.9130000000005,7006
39.9130000000005,7048
39.9130000000005,7786
39.9130000000005,8006
39.9130000000005,8316
39.9130000000005,8550
39.9130000000005,8614
39.9130000000005,8648
39.9130000000005,8796
39.9130000000005,8644
39.9599999999991,8392
39.9599999999991,7720
39.9599999999991,7154
39.9599999999991,5990
39.9599999999991,6186
39.9599999999991,6406
39.9599999999991,6554
39.9599999999991,7216
40.0069999999978,7272
40.0069999999978,7678
40.0069999999978,7164
40.0069999999978,6692
40.0069999999978,5424
40.0069999999978,5630
40.0069999999978,6974
40.0069999999978,7088
40.0069999999978,7874
40.0069999999978,8038
40.0540000000037,8360
40.0540000000037,8566
40.0540000000037,8614
40.0540000000037,8796
40.0540000000037,8736
40.0540000000037,8568
40.0540000000037,8088
40.0540000000037,7458
40.0540000000037,6980
40.101999999999,5826
40.101999999999,5728
40.101999999999,6602
40.101999999999,6970
40.101999999999,7210
40.101999999999,7248
40.101999999999,7678
40.101999999999,6774
40.101999999999,6278
40.101999999999,5994
40.1489999999976,5784
40.1489999999976,6908
40.1489999999976,7520
40.1489999999976,7756
40.1489999999976,8162
40.1489999999976,8452
40.1489999999976,8572
40.1489999999976,8588
40.1489999999976,8776
40.1489999999976,8638
40.1960000000036,8396
40.1960000000036,7844
40.1960000000036,7248
40.1960000000036,6294
40.1960000000036,6190
40.1960000000036,6396
40.1960000000036,6524
40.1960000000036,7212
40.1960000000036,7248
40.2430000000022,7654
40.2430000000022,7100
40.2430000000022,6642
40.2430000000022,5502
40.2430000000022,5666
40.2430000000022,6956
40.2430000000022,7098
40.2430000000022,7908
40.2430000000022,8026
40.2909999999974,8370
40.2909999999974,8520
40.2909999999974,8546
40.2909999999974,8742
40.2909999999974,8588
40.2909999999974,8026
40.2909999999974,7740
40.2909999999974,7182
40.2909999999974,6050
40.3380000000034,5896
40.3380000000034,6504
40.3380000000034,6530
40.3380000000034,7222
40.3380000000034,7258
40.3380000000034,7672
40.3380000000034,6970
40.3380000000034,6692
40.3380000000034,5424
40.3380000000034,5630
40.3859999999986,6866
40.3859999999986,7120
40.3859999999986,7982
40.3859999999986,8074
40.3859999999986,8432
40.3859999999986,8602
40.3859999999986,8644
40.3859999999986,8686
40.3859999999986,8802
40.4329999999973,8694
40.4329999999973,8452
40.4329999999973,7838
40.4329999999973,7242
40.4329999999973,6322
40.4329999999973,6210
40.4329999999973,6376
40.4329999999973,6540
40.4329999999973,7196
40.4329999999973,7248
40.4800000000032,7664
40.4800000000032,7136
40.4800000000032,6784
40.4800000000032,5528
40.4800000000032,5702
40.4800000000032,6986
40.4800000000032,7094
40.4800000000032,7878
40.4800000000032,8042
40.4800000000032,8366
40.5270000000019,8592
40.5270000000019,8650
40.5270000000019,8644
40.5270000000019,8814
40.5270000000019,8756
40.5270000000019,8552
40.5270000000019,8052
40.5270000000019,7416
40.5749999999971,6960
40.5749999999971,5702
40.5749999999971,5624
40.5749999999971,6564
40.5749999999971,7134
40.5749999999971,7216
40.5749999999971,7580
40.5749999999971,7654
40.5749999999971,6734
40.5749999999971,6232
40.622000000003,6016
40.622000000003,6468
40.622000000003,6960
40.622000000003,7652
40.622000000003,7900
40.622000000003,8222
40.622000000003,8488
40.622000000003,8562
40.622000000003,8582
40.6690000000017,8756
40.6690000000017,8624
40.6690000000017,8392
40.6690000000017,7698
40.6690000000017,7136
40.6690000000017,5974
40.6690000000017,5850
40.6690000000017,6594
40.6690000000017,6586
40.6690000000017,7210
40.7160000000003,7228
40.7160000000003,7636
40.7160000000003,7056
40.7160000000003,6600
40.7160000000003,5424
40.7160000000003,5632
40.7160000000003,6888
40.7160000000003,7350
40.7160000000003,7936
40.7640000000029,8130
40.7640000000029,8454
40.7640000000029,8572
40.7640000000029,8618
40.7640000000029,8798
40.7640000000029,8732
40.7640000000029,8568
40.7640000000029,8098
40.7640000000029,7490
40.7640000000029,6980
40.8119999999981,5672
40.8119999999981,5646
40.8119999999981,6584
40.8119999999981,7098
40.8119999999981,7200
40.8119999999981,7252
40.8119999999981,7664
40.8119999999981,6812
40.8119999999981,6334
40.859000000004,5984
40.859000000004,6390
40.859000000004,6966
40.859000000004,7662
40.859000000004,7894
40.859000000004,8142
40.859000000004,8478
40.859000000004,8618
40.859000000004,8664
40.9060000000027,8796
40.9060000000027,8828
40.9060000000027,8716
40.9060000000027,8468
40.9060000000027,7890
40.9060000000027,7192
40.9060000000027,6476
40.9060000000027,6200
40.9060000000027,5714
40.9519999999975,6538
40.9519999999975,7216
40.9519999999975,7226
40.9519999999975,7642
40.9519999999975,7298
40.9519999999975,6800
40.9519999999975,5554
40.9519999999975,5728
40.9519999999975,6934
40.9519999999975,7016
41,7740
41,7966
41,8294
41,8526
41,8596
41,8700
41,8762
41,8606
41,8034
41.0469999999987,7602
41.0469999999987,7062
41.0469999999987,5810
41.0469999999987,5918
41.0469999999987,6494
41.0469999999987,6534
41.0469999999987,7216
41.0469999999987,7248
41.0469999999987,7662
41.0469999999987,6964
41.0939999999973,6502
41.0939999999973,5830
41.0939999999973,5626
41.0939999999973,6848
41.0939999999973,7108
41.0939999999973,7982
41.0939999999973,8074
41.0939999999973,8408
41.0939999999973,8540
41.1410000000033,8562
41.1410000000033,8762
41.1410000000033,8634
41.1410000000033,8408
41.1410000000033,7740
41.1410000000033,7180
41.1410000000033,6380
41.1410000000033,6206
41.1410000000033,6312
41.1880000000019,6512
41.1880000000019,7176
41.1880000000019,7206
41.1880000000019,7616
41.1880000000019,7048
41.1880000000019,6594
41.1880000000019,5400
41.1880000000019,5636
41.1880000000019,6872
41.1880000000019,7136
41.2350000000006,7936
41.2350000000006,8052
41.2350000000006,8392
41.2350000000006,8586
41.2350000000006,8628
41.2350000000006,8722
41.2350000000006,8796
41.2350000000006,8658
41.2350000000006,8414
41.2830000000031,7782
41.2830000000031,7154
41.2830000000031,6488
41.2830000000031,6204
41.2830000000031,6216
41.2830000000031,6504
41.2830000000031,7232
41.2830000000031,7196
41.2830000000031,7622
41.3300000000017,7098
41.3300000000017,6626
41.3300000000017,5460
41.3300000000017,5636
41.3300000000017,6992
41.3300000000017,7130
41.3300000000017,7910
41.3300000000017,8062
41.3300000000017,8398
41.3300000000017,8638
41.3770000000004,8710
41.3770000000004,8730
41.3770000000004,8714
41.3770000000004,8880
41.3770000000004,8822
41.3770000000004,8716
41.3770000000004,8458
41.3770000000004,7862
41.3770000000004,7228
41.4239999999991,6420
41.4239999999991,6206
41.4239999999991,6276
41.4239999999991,6492
41.4239999999991,7190
41.4239999999991,7212
41.4239999999991,7626
41.4239999999991,7246
41.4239999999991,6750
41.4720000000016,5482
41.4720000000016,5662
41.4720000000016,7010
41.4720000000016,7104
41.4720000000016,7890
41.4720000000016,8032
41.4720000000016,8370
41.4720000000016,8566
41.4720000000016,8624
41.4720000000016,8606
41.5190000000002,8802
41.5190000000002,8690
41.5190000000002,8448
41.5190000000002,7848
41.5190000000002,7246
41.5190000000002,6328
41.5190000000002,6210
41.5190000000002,6380
41.5190000000002,6524
41.5659999999989,7182
41.5659999999989,7248
41.5659999999989,7664
41.5659999999989,7272
41.5659999999989,6786
41.5659999999989,5532
41.5659999999989,5728
41.5659999999989,6976
41.5659999999989,7100
41.5659999999989,7874
41.6129999999976,8034
41.6129999999976,8386
41.6129999999976,8608
41.6129999999976,8686
41.6129999999976,8704
41.6129999999976,8706
41.6129999999976,8886
41.6129999999976,8802
41.6129999999976,8632
41.6600000000035,8078
41.6600000000035,7652
41.6600000000035,7100
41.6600000000035,5886
41.6600000000035,5784
41.6600000000035,6662
41.6600000000035,6534
41.6600000000035,7212
41.6600000000035,7248
41.6600000000035,7648
41.7079999999987,7028
41.7079999999987,6590
41.7079999999987,5502
41.7079999999987,5678
41.7079999999987,6910
41.7079999999987,7376
41.7079999999987,7930
41.7079999999987,8042
41.7079999999987,8352
41.7549999999974,8546
41.7549999999974,8598
41.7549999999974,8654
41.7549999999974,8750
41.7549999999974,8608
41.7549999999974,8392
41.7549999999974,7716
41.7549999999974,7164
41.7549999999974,6036
41.8020000000033,5898
41.8020000000033,6302
41.8020000000033,6524
41.8020000000033,7242
41.8020000000033,7246
41.8020000000033,7648
41.8020000000033,7212
41.8020000000033,6718
41.8020000000033,5492
41.849000000002,5666
41.849000000002,6934
41.849000000002,7036
41.849000000002,7766
41.849000000002,7980
41.849000000002,8310
41.849000000002,8546
41.849000000002,8642
41.849000000002,8654
41.849000000002,8782
41.8960000000006,8812
41.8960000000006,8670
41.8960000000006,8422
41.8960000000006,7826
41.8960000000006,7222
41.8960000000006,6312
41.8960000000006,6174
41.8960000000006,6014
41.8960000000006,6528
41.9429999999993,7246
41.9429999999993,7232
41.9429999999993,7654
41.9429999999993,7278
41.9429999999993,6802
41.9429999999993,5588
41.9429999999993,5724
41.9429999999993,6672
41.9429999999993,6992
41.9429999999993,7710
41.9910000000018,7926
41.9910000000018,8258
41.9910000000018,8496
41.9910000000018,8582
41.9910000000018,8596
41.9910000000018,8766
41.9910000000018,8658
41.9910000000018,8412
41.9910000000018,7822
42.0380000000005,7216
42.0380000000005,6632
42.0380000000005,6168
42.0380000000005,5986
42.0380000000005,6540
42.0380000000005,7246
42.0380000000005,7236
42.0380000000005,7654
42.0380000000005,7320
42.0849999999991,6848
42.0849999999991,5660
42.0849999999991,5750
42.0849999999991,6620
42.0849999999991,6996
42.0849999999991,7700
42.0849999999991,7926
42.0849999999991,8244
42.0849999999991,8526
42.1319999999978,8642
42.1319999999978,8668
42.1319999999978,8670
42.1319999999978,8828
42.1319999999978,8746
42.1319999999978,8516
42.1319999999978,8088
42.1319999999978,7510
42.1319999999978,6992
42.1319999999978,5728
42.1800000000003,5678
42.1800000000003,6560
42.1800000000003,7042
42.1800000000003,7212
42.1800000000003,7248
42.1800000000003,7662
42.1800000000003,6766
42.1800000000003,6520
42.1800000000003,5688
42.226999999999,5702
42.226999999999,6892
42.226999999999,7458
42.226999999999,7894
42.226999999999,8130
42.226999999999,8470
42.226999999999,8628
42.226999999999,8680
42.226999999999,8680
42.226999999999,8828
42.2739999999976,8828
42.2739999999976,8696
42.2739999999976,8452
42.2739999999976,7864
42.2739999999976,7186
42.2739999999976,6452
42.2739999999976,6184
42.2739999999976,6248
42.2739999999976,6528
42.3210000000036,7298
42.3210000000036,7236
42.3210000000036,7626
42.3210000000036,7350
42.3210000000036,6884
42.3210000000036,5688
42.3210000000036,5764
42.3210000000036,6806
42.3210000000036,7046
42.3689999999988,7786
42.3689999999988,7986
42.3689999999988,8234
42.3689999999988,8504
42.3689999999988,8608
42.3689999999988,8618
42.3689999999988,8798
42.3689999999988,8726
42.3689999999988,8504
42.3689999999988,7992
42.4159999999974,7310
42.4159999999974,6766
42.4159999999974,6072
42.4159999999974,5610
42.4159999999974,6548
42.4159999999974,7062
42.4159999999974,7200
42.4159999999974,7288
42.4159999999974,7580
42.4630000000034,6658
42.4630000000034,6062
42.4630000000034,6072
42.4630000000034,6534
42.4630000000034,6982
42.4630000000034,7672
42.4630000000034,7796
42.4630000000034,8162
42.4630000000034,8452
42.4630000000034,8578
42.510000000002,8602
42.510000000002,8778
42.510000000002,8710
42.510000000002,8474
42.510000000002,7944
42.510000000002,7200
42.510000000002,6672
42.510000000002,6168
42.510000000002,5924
42.5579999999973,6556
42.5579999999973,7134
42.5579999999973,7216
42.5579999999973,7518
42.5579999999973,7438
42.5579999999973,6766
42.5579999999973,5984
42.5579999999973,6108
42.5579999999973,6602
42.5579999999973,6982
42.6050000000032,7600
42.6050000000032,7852
42.6050000000032,8180
42.6050000000032,8468
42.6050000000032,8582
42.6050000000032,8606
42.6050000000032,8788
42.6050000000032,8722
42.6050000000032,8478
42.6520000000019,7952
42.6520000000019,7226
42.6520000000019,6688
42.6520000000019,5642
42.6520000000019,5620
42.6520000000019,6574
42.6520000000019,7134
42.6520000000019,7238
42.6520000000019,7418
42.6990000000005,7546
42.6990000000005,6674
42.6990000000005,6082
42.6990000000005,6078
42.6990000000005,6538
42.6990000000005,6920
42.6990000000005,7544
42.6990000000005,7790
42.6990000000005,8162
42.747000000003,8460
42.747000000003,8586
42.747000000003,8618
42.747000000003,8796
42.747000000003,8714
42.747000000003,8532
42.747000000003,8042
42.747000000003,7416
42.747000000003,6960
42.747000000003,5790
42.7940000000017,5738
42.7940000000017,6622
42.7940000000017,6964
42.7940000000017,7226
42.7940000000017,7288
42.7940000000017,7688
42.7940000000017,6898
42.7940000000017,6436
42.7940000000017,5932
42.7940000000017,5646
42.8410000000003,6874
42.8410000000003,7174
42.8410000000003,8002
42.8410000000003,8084
42.8410000000003,8434
42.8410000000003,8598
42.8410000000003,8644
42.8410000000003,8670
42.8410000000003,8786
42.887999999999,8700
42.887999999999,8454
42.887999999999,7982
42.887999999999,7314
42.887999999999,6766
42.887999999999,6078
42.887999999999,5616
42.887999999999,6570
42.887999999999,7190
42.9349999999977,7236
42.9349999999977,7616
42.9349999999977,7382
42.9349999999977,6910
42.9349999999977,6174
42.9349999999977,6032
42.9349999999977,6472
42.9349999999977,6976
42.9349999999977,7662
42.9830000000002,7910
42.9830000000002,8234
42.9830000000002,8514
42.9830000000002,8638
42.9830000000002,8674
42.9830000000002,8694
42.9830000000002,8832
42.9830000000002,8756
42.9830000000002,8542
42.9830000000002,8054
43.0299999999988,7428
43.0299999999988,6976
43.0299999999988,5636
43.0299999999988,5626
43.0299999999988,6554
43.0299999999988,7094
43.0299999999988,7190
43.0299999999988,7222
43.0299999999988,7626
43.0780000000013,6692
43.0780000000013,6144
43.0780000000013,6030
43.0780000000013,6484
43.0780000000013,6982
43.0780000000013,7662
43.0780000000013,7916
43.0780000000013,8238
43.0780000000013,8480
43.0780000000013,8618
43.1240000000034,8660
43.1240000000034,8638
43.1240000000034,8814
43.1240000000034,8740
43.1240000000034,8494
43.1240000000034,7976
43.1240000000034,7278
43.1240000000034,6744
43.1240000000034,6138
43.1710000000021,5660
43.1710000000021,6566
43.1710000000021,7074
43.1710000000021,7190
43.1710000000021,7454
43.1710000000021,7386
43.1710000000021,6812
43.1710000000021,5902
43.1710000000021,5990
43.2180000000008,6632
43.2180000000008,6974
43.2180000000008,7626
43.2180000000008,7880
43.2180000000008,8186
43.2180000000008,8448
43.2180000000008,8540
43.2180000000008,8716
43.2180000000008,8686
43.2660000000033,8514
43.2660000000033,8028
43.2660000000033,7386
43.2660000000033,6934
43.2660000000033,5686
43.2660000000033,5600
43.2660000000033,6550
43.2660000000033,6992
43.2660000000033,7186
43.2660000000033,7232
43.3130000000019,7616
43.3130000000019,6684
43.3130000000019,6130
43.3130000000019,6026
43.3130000000019,6488
43.3130000000019,6894
43.3130000000019,7520
43.3130000000019,7802
43.3130000000019,8160
43.3600000000006,8458
43.3600000000006,8578
43.3600000000006,8606
43.3600000000006,8788
43.3600000000006,8722
43.3600000000006,8494
43.3600000000006,7972
43.3600000000006,7282
43.3600000000006,6748
43.3600000000006,5662
43.4069999999992,5636
43.4069999999992,6564
43.4069999999992,7074
43.4069999999992,7200
43.4069999999992,7416
43.4069999999992,7400
43.4069999999992,6792
43.4069999999992,5908
43.4069999999992,5954
43.4550000000017,6354
43.4550000000017,6950
43.4550000000017,7652
43.4550000000017,7878
43.4550000000017,8202
43.4550000000017,8490
43.4550000000017,8606
43.4550000000017,8634
43.4550000000017,8818
43.4550000000017,8760
43.5020000000004,8602
43.5020000000004,7988
43.5020000000004,7622
43.5020000000004,7200
43.5020000000004,6138
43.5020000000004,5960
43.5020000000004,6456
43.5020000000004,6524
43.5020000000004,7190
43.5489999999991,7218
43.5489999999991,7626
43.5489999999991,6992
43.5489999999991,6518
43.5489999999991,5614
43.5489999999991,5600
43.5489999999991,6796
43.5489999999991,7114
43.5489999999991,7940
43.5959999999977,8052
43.5959999999977,8392
43.5959999999977,8578
43.5959999999977,8638
43.5959999999977,8654
43.5959999999977,8796
43.5959999999977,8700
43.5959999999977,8454
43.5959999999977,7980
43.6430000000037,7314
43.6430000000037,6774
43.6430000000037,6046
43.6430000000037,5606
43.6430000000037,6554
43.6430000000037,7166
43.6430000000037,7226
43.6430000000037,7612
43.6430000000037,7386
43.6430000000037,6892
43.6909999999989,6226
43.6909999999989,5996
43.6909999999989,6420
43.6909999999989,6970
43.6909999999989,7674
43.6909999999989,7900
43.6909999999989,8232
43.6909999999989,8540
43.6909999999989,8690
43.7379999999976,8752
43.7379999999976,8776
43.7379999999976,8782
43.7379999999976,8766
43.7379999999976,8838
43.7379999999976,8878
43.7379999999976,8768
43.7379999999976,8588
43.7379999999976,8090
43.7379999999976,7600
43.7850000000035,7058
43.7850000000035,5846
43.7850000000035,5758
43.7850000000035,6658
43.7850000000035,6828
43.7850000000035,7222
43.7850000000035,7288
43.7850000000035,7658
43.7850000000035,7140
43.8329999999987,6672
43.8329999999987,5442
43.8329999999987,5642
43.8329999999987,6826
43.8329999999987,7128
43.8329999999987,7936
43.8329999999987,8048
43.8329999999987,8340
43.8329999999987,8576
43.8799999999974,8664
43.8799999999974,8694
43.8799999999974,8690
43.8799999999974,8864
43.8799999999974,8778
43.8799999999974,8602
43.8799999999974,7996
43.8799999999974,7644
43.8799999999974,7088
43.8799999999974,5908
43.9270000000033,5804
43.9270000000033,6436
43.9270000000033,6530
43.9270000000033,7196
43.9270000000033,7262
43.9270000000033,7652
43.9270000000033,7160
43.9270000000033,6698
43.9270000000033,5440
43.974000000002,5630
43.974000000002,6786
43.974000000002,7042
43.974000000002,7808
43.974000000002,7980
43.974000000002,8324
43.974000000002,8550
43.974000000002,8628
43.974000000002,8638
43.974000000002,8818
44.0210000000006,8730
44.0210000000006,8542
44.0210000000006,8062
44.0210000000006,7454
44.0210000000006,6964
44.0210000000006,5636
44.0210000000006,5750
44.0210000000006,6672
44.0210000000006,6802
44.0679999999993,7236
44.0679999999993,7292
44.0679999999993,7690
44.0679999999993,6982
44.0679999999993,6514
44.0679999999993,5724
44.0679999999993,5734
44.0679999999993,6800
44.0679999999993,7100
44.114999999998,7916
44.114999999998,8026
44.114999999998,8376
44.114999999998,8536
44.114999999998,8586
44.114999999998,8782
44.114999999998,8706
44.114999999998,8530
44.114999999998,8048
44.1630000000005,7422
44.1630000000005,6950
44.1630000000005,5800
44.1630000000005,5724
44.1630000000005,6626
44.1630000000005,6908
44.1630000000005,7206
44.1630000000005,7264
44.1630000000005,7664
44.1630000000005,6892
44.2099999999991,6426
44.2099999999991,5882
44.2099999999991,5640
44.2099999999991,6862
44.2099999999991,7144
44.2099999999991,7960
44.2099999999991,8058
44.2099999999991,8398
44.2099999999991,8592
44.2569999999978,8654
44.2569999999978,8648
44.2569999999978,8818
44.2569999999978,8730
44.2569999999978,8552
44.2569999999978,8064
44.2569999999978,7632
44.2569999999978,7062
44.2569999999978,5868
44.3040000000037,5778
44.3040000000037,6672
44.3040000000037,6744
44.3040000000037,7228
44.3040000000037,7288
44.3040000000037,7690
44.3040000000037,7010
44.3040000000037,6734
44.3040000000037,5492
44.3040000000037,5678
44.3510000000024,6780
44.3510000000024,7092
44.3510000000024,7908
44.3510000000024,8018
44.3510000000024,8360
44.3510000000024,8552
44.3510000000024,8602
44.3510000000024,8716
44.3510000000024,8776
44.3510000000024,8668
44.398000000001,8434
44.398000000001,7852
44.398000000001,7182
44.398000000001,6426
44.398000000001,6174
44.398000000001,6258
44.398000000001,6556
44.398000000001,7320
44.398000000001,7282
44.4460000000036,7644
44.4460000000036,7392
44.4460000000036,6898
44.4460000000036,5872
44.4460000000036,5902
44.4460000000036,6652
44.4460000000036,6966
44.4460000000036,7698
44.4460000000036,7930
44.4930000000022,8248
44.4930000000022,8470
44.4930000000022,8598
44.4930000000022,8632
44.4930000000022,8814
44.4930000000022,8786
44.4930000000022,8618
44.4930000000022,8084
44.4930000000022,7600
44.5400000000009,7028
44.5400000000009,5806
44.5400000000009,5724
44.5400000000009,6642
44.5400000000009,6550
44.5400000000009,7206
44.5400000000009,7264
44.5400000000009,7648
44.5400000000009,7154
44.5400000000009,6708
44.5869999999995,5482
44.5869999999995,5668
44.5869999999995,6764
44.5869999999995,7094
44.5869999999995,7908
44.5869999999995,7980
44.5869999999995,8320
44.5869999999995,8552
44.5869999999995,8632
44.635000000002,8648
44.635000000002,8818
44.635000000002,8732
44.635000000002,8566
44.635000000002,8078
44.635000000002,7520
44.635000000002,7002
44.635000000002,5732
44.635000000002,5678
44.635000000002,6554
44.6829999999973,6528
44.6829999999973,7210
44.6829999999973,7254
44.6829999999973,7658
44.6829999999973,6996
44.6829999999973,6538
44.6829999999973,5604
44.6829999999973,5696
44.6829999999973,6852
44.7289999999994,7098
44.7289999999994,7908
44.7289999999994,8012
44.7289999999994,8372
44.7289999999994,8532
44.7289999999994,8576
44.7289999999994,8762
44.7289999999994,8704
44.7289999999994,8494
44.7770000000019,7986
44.7770000000019,7324
44.7770000000019,6806
44.7770000000019,5974
44.7770000000019,5646
44.7770000000019,6544
44.7770000000019,7038
44.7770000000019,7190
44.7770000000019,7246
44.7770000000019,7590
44.8240000000005,6672
44.8240000000005,6124
44.8240000000005,6030
44.8240000000005,6478
44.8240000000005,6868
44.8240000000005,7500
44.8240000000005,7754
44.8240000000005,8130
44.8240000000005,8428
44.8709999999992,8542
44.8709999999992,8566
44.8709999999992,8746
44.8709999999992,8654
44.8709999999992,8414
44.8709999999992,7822
44.8709999999992,7216
44.8709999999992,6334
44.8709999999992,6164
44.8709999999992,5976
44.9179999999978,6508
44.9179999999978,7228
44.9179999999978,7218
44.9179999999978,7644
44.9179999999978,7268
44.9179999999978,6784
44.9179999999978,5558
44.9179999999978,5708
44.9179999999978,6698
44.9660000000003,6976
44.9660000000003,7716
44.9660000000003,7944
44.9660000000003,8264
44.9660000000003,8500
44.9660000000003,8576
44.9660000000003,8624
44.9660000000003,8756
44.9660000000003,8612
45.012999999999,8386
45.012999999999,7714
45.012999999999,7218
45.012999999999,6374
45.012999999999,6184
45.012999999999,6302
45.012999999999,6524
45.012999999999,7216
45.012999999999,7228
45.0599999999977,7626
45.0599999999977,7166
45.0599999999977,6708
45.0599999999977,5616
45.0599999999977,5728
45.0599999999977,6856
45.0599999999977,7016
45.0599999999977,7792
45.0599999999977,7966
45.0599999999977,8296
45.1080000000002,8496
45.1080000000002,8560
45.1080000000002,8752
45.1080000000002,8686
45.1080000000002,8488
45.1080000000002,8058
45.1080000000002,7478
45.1080000000002,6966
45.1080000000002,5686
45.1549999999988,5650
45.1549999999988,6564
45.1549999999988,7056
45.1549999999988,7190
45.1549999999988,7282
45.1549999999988,7534
45.1549999999988,6638
45.1549999999988,6420
45.1549999999988,5902
45.1549999999988,6232
45.2030000000013,6898
45.2030000000013,7556
45.2030000000013,7832
45.2030000000013,8152
45.2030000000013,8438
45.2030000000013,8552
45.2030000000013,8602
45.2030000000013,8766
45.2030000000013,8710
45.25,8468
45.25,7934
45.25,7196
45.25,6674
45.25,6164
45.25,5908
45.25,6544
45.25,7228
45.25,7236
45.25,7654
45.2969999999987,7376
45.2969999999987,6822
45.2969999999987,5934
45.2969999999987,6030
45.2969999999987,6630
45.2969999999987,6992
45.2969999999987,7694
45.2969999999987,7924
45.2969999999987,8248
45.3439999999973,8496
45.3439999999973,8578
45.3439999999973,8586
45.3439999999973,8762
45.3439999999973,8680
45.3439999999973,8444
45.3439999999973,7880
45.3439999999973,7128
45.3439999999973,6520
45.3919999999998,6180
45.3919999999998,6200
45.3919999999998,6514
45.3919999999998,7274
45.3919999999998,7206
45.3919999999998,7618
45.3919999999998,7314
45.3919999999998,6846
45.3919999999998,5650
45.3919999999998,5760
45.4389999999985,6838
45.4389999999985,7020
45.4389999999985,7790
45.4389999999985,7970
45.4389999999985,8300
45.4389999999985,8504
45.4389999999985,8552
45.4389999999985,8746
45.4389999999985,8678
45.487000000001,8500
45.487000000001,7992
45.487000000001,7328
45.487000000001,6820
45.487000000001,5994
45.487000000001,5584
45.487000000001,6544
45.487000000001,7164
45.487000000001,7216
45.487000000001,7264
45.5330000000031,7566
45.5330000000031,6646
45.5330000000031,6078
45.5330000000031,6058
45.5330000000031,6524
45.5330000000031,6982
45.5330000000031,7674
45.5330000000031,7904
45.5330000000031,8232
45.5809999999983,8496
45.5809999999983,8596
45.5809999999983,8634
45.5809999999983,8772
45.5809999999983,8776
45.5809999999983,8628
45.5809999999983,8408
45.5809999999983,7746
45.5809999999983,7186
45.6280000000042,6078
45.6280000000042,5928
45.6280000000042,6498
45.6280000000042,6554
45.6280000000042,7284
45.6280000000042,7254
45.6280000000042,7642
45.6280000000042,7212
45.6280000000042,6724
45.6750000000029,5476
45.6750000000029,5668
45.6750000000029,6888
45.6750000000029,7114
45.6750000000029,7914
45.6750000000029,7992
45.6750000000029,8320
45.6750000000029,8542
45.6750000000029,8632
45.6750000000029,8650
45.7229999999981,8812
45.7229999999981,8750
45.7229999999981,8592
45.7229999999981,8022
45.7229999999981,7600
45.7229999999981,7068
45.7229999999981,5850
45.7229999999981,5774
45.7229999999981,6468
45.7700000000041,6530
45.7700000000041,7202
45.7700000000041,7252
45.7700000000041,7626
45.7700000000041,7016
45.7700000000041,6576
45.7700000000041,5528
45.7700000000041,5662
45.7700000000041,6884
45.7700000000041,7104
45.8170000000027,7920
45.8170000000027,8038
45.8170000000027,8376
45.8170000000027,8562
45.8170000000027,8612
45.8170000000027,8730
45.8170000000027,8772
45.8170000000027,8634
45.8170000000027,8392
45.864999999998,7746
45.864999999998,7196
45.864999999998,6122
45.864999999998,5934
45.864999999998,6242
45.864999999998,6534
45.864999999998,7294
45.864999999998,7246
45.864999999998,7644
45.9110000000001,7210
45.9110000000001,6724
45.9110000000001,5486
45.9110000000001,5662
45.9110000000001,6878
45.9110000000001,7036
45.9110000000001,7770
45.9110000000001,7986
45.9110000000001,8314
45.9110000000001,8542
45.9579999999987,8614
45.9579999999987,8638
45.9579999999987,8812
45.9579999999987,8730
45.9579999999987,8560
45.9579999999987,8084
45.9579999999987,7504
45.9579999999987,6986
45.9579999999987,5702
46.0049999999974,5816
46.0049999999974,6630
46.0049999999974,6626
46.0049999999974,7228
46.0049999999974,7292
