25.4709999999977,10716
25.4709999999977,11044
25.4709999999977,10784
25.4709999999977,10038
25.4709999999977,8752
25.4709999999977,8278
25.4709999999977,9274
25.4709999999977,10066
25.5179999999964,9712
25.5179999999964,10152
25.5179999999964,9536
25.5179999999964,7786
25.5179999999964,8742
25.5179999999964,9634
25.5179999999964,10844
25.5179999999964,10764
25.5179999999964,11252
25.5659999999989,10472
25.5659999999989,9834
25.5659999999989,8722
25.5659999999989,8796
25.5659999999989,9136
25.5659999999989,9912
25.5659999999989,10352
25.5659999999989,9302
25.5659999999989,8444
25.6129999999976,8182
25.6129999999976,9448
25.6129999999976,10328
25.6129999999976,10680
25.6129999999976,10762
25.6129999999976,10772
25.6129999999976,9824
25.6129999999976,8864
25.6129999999976,8346
25.6599999999962,9274
25.6599999999962,10038
25.6599999999962,9728
25.6599999999962,10028
25.6599999999962,9440
25.6599999999962,8382
25.6599999999962,8916
25.6599999999962,9686
25.6599999999962,10660
25.6599999999962,10738
25.7069999999949,11206
25.7069999999949,10174
25.7069999999949,9814
25.7069999999949,8752
25.7069999999949,8788
25.7069999999949,9120
25.7069999999949,9886
25.7069999999949,10348
25.7069999999949,9202
25.7069999999949,8310
25.7539999999935,8098
25.7539999999935,9486
25.7539999999935,10574
25.7539999999935,10708
25.7539999999935,11216
25.7539999999935,10696
25.7539999999935,10038
25.7539999999935,8206
25.7539999999935,7924
25.801999999996,9158
25.801999999996,9964
25.801999999996,9706
25.801999999996,9938
25.801999999996,9418
25.801999999996,8532
25.801999999996,9172
25.801999999996,9748
25.8489999999947,10670
25.8489999999947,10748
25.8489999999947,11206
25.8489999999947,10044
25.8489999999947,9306
25.8489999999947,8598
25.8489999999947,9312
25.8489999999947,9896
25.8489999999947,9728
25.8489999999947,10118
25.8969999999972,9506
25.8969999999972,7746
25.8969999999972,7936
25.8969999999972,9530
25.8969999999972,10682
25.8969999999972,10718
25.8969999999972,11242
25.8969999999972,10580
25.8969999999972,9916
25.8969999999972,8162
25.9439999999959,8514
25.9439999999959,9110
25.9439999999959,9910
25.9439999999959,10312
25.9439999999959,9376
25.9439999999959,8566
25.9439999999959,8238
25.9439999999959,9486
25.9439999999959,10536
25.9909999999945,10718
25.9909999999945,11134
25.9909999999945,10790
25.9909999999945,10154
25.9909999999945,9014
25.9909999999945,8460
25.9909999999945,9286
25.9909999999945,9988
25.9909999999945,9716
26.0379999999932,10046
26.0379999999932,9450
26.0379999999932,8124
26.0379999999932,8650
26.0379999999932,9660
26.0379999999932,10626
26.0379999999932,10734
26.0379999999932,11214
26.0379999999932,10208
26.0859999999957,9538
26.0859999999957,8854
26.0859999999957,8782
26.0859999999957,9084
26.0859999999957,9856
26.0859999999957,10312
26.0859999999957,9122
26.0859999999957,8216
26.0859999999957,8058
26.0859999999957,9520
26.1329999999944,10598
26.1329999999944,10726
26.1329999999944,11236
26.1329999999944,10722
26.1329999999944,10056
26.1329999999944,8258
26.1329999999944,7976
26.1329999999944,9152
26.1329999999944,9932
26.179999999993,10200
26.179999999993,9598
26.179999999993,9372
26.179999999993,8542
26.179999999993,9258
26.179999999993,9788
26.179999999993,10682
26.179999999993,10754
26.179999999993,11194
26.226999999999,10038
26.226999999999,9312
26.226999999999,8694
26.226999999999,9346
26.226999999999,9876
26.226999999999,9728
26.226999999999,10148
26.226999999999,9510
26.226999999999,7736
26.2739999999976,8760
26.2739999999976,9602
26.2739999999976,10666
26.2739999999976,10712
26.2739999999976,11226
26.2739999999976,10574
26.2739999999976,9906
26.2739999999976,8180
26.2739999999976,8526
26.2739999999976,9110
26.3209999999963,9912
26.3209999999963,10302
26.3209999999963,9358
26.3209999999963,8556
26.3209999999963,8228
26.3209999999963,9480
26.3209999999963,10516
26.3209999999963,10690
26.3209999999963,11174
26.3679999999949,10772
26.3679999999949,10132
26.3679999999949,8396
26.3679999999949,8034
26.3679999999949,9274
26.3679999999949,10018
26.3679999999949,9712
26.3679999999949,10030
26.3679999999949,9438
26.3679999999949,8362
26.4159999999974,8886
26.4159999999974,9684
26.4159999999974,10646
26.4159999999974,10744
26.4159999999974,11210
26.4159999999974,10178
26.4159999999974,9506
26.4159999999974,8822
26.4629999999961,9148
26.4629999999961,9814
26.4629999999961,9808
26.4629999999961,10398
26.4629999999961,9620
26.4629999999961,8334
26.4629999999961,8100
26.4629999999961,9500
26.4629999999961,10554
26.4629999999961,10686
26.5109999999986,11206
26.5109999999986,10680
26.5109999999986,10020
26.5109999999986,8182
26.5109999999986,7914
26.5109999999986,9130
26.5109999999986,9958
26.5109999999986,10254
26.5109999999986,9602
26.5579999999973,8940
26.5579999999973,8442
26.5579999999973,9388
26.5579999999973,10372
26.5579999999973,10696
26.5579999999973,10768
26.5579999999973,11206
26.5579999999973,10060
26.5579999999973,9340
26.5579999999973,8714
26.6049999999959,9340
26.6049999999959,9890
26.6049999999959,9758
26.6049999999959,10276
26.6049999999959,9548
26.6049999999959,7782
26.6049999999959,8468
26.6049999999959,9598
26.6049999999959,10844
26.6519999999946,10732
26.6519999999946,11216
26.6519999999946,10408
26.6519999999946,9804
26.6519999999946,8772
26.6519999999946,8796
26.6519999999946,9130
26.6519999999946,9946
26.6519999999946,10276
26.6999999999971,9494
26.6999999999971,8778
26.6999999999971,8362
26.6999999999971,9450
26.6999999999971,10466
26.6999999999971,10706
26.6999999999971,10998
26.6999999999971,10780
26.6999999999971,10040
26.6999999999971,8706
26.7469999999958,8228
26.7469999999958,9254
26.7469999999958,10024
26.7469999999958,9686
26.7469999999958,9932
26.7469999999958,9402
26.7469999999958,7740
26.7469999999958,8782
26.7469999999958,9650
26.7949999999983,10690
26.7949999999983,10780
26.7949999999983,11262
26.7949999999983,10472
26.7949999999983,9840
26.7949999999983,8740
26.7949999999983,8768
26.7949999999983,9122
26.7949999999983,9910
26.7949999999983,10358
26.8419999999969,9296
26.8419999999969,8448
26.8419999999969,8188
26.8419999999969,9512
26.8419999999969,10322
26.8419999999969,10706
26.8419999999969,10778
26.8419999999969,11096
26.8889999999956,9818
26.8889999999956,8998
26.8889999999956,8442
26.8889999999956,9276
26.8889999999956,10018
26.8889999999956,9756
26.8889999999956,10080
26.8889999999956,9486
26.8889999999956,7898
26.8889999999956,8632
26.9369999999981,9650
26.9369999999981,10544
26.9369999999981,10748
26.9369999999981,11224
26.9369999999981,10290
26.9369999999981,9648
26.9369999999981,8804
26.9369999999981,8690
26.9369999999981,9132
26.9839999999967,9932
26.9839999999967,10352
26.9839999999967,9408
26.9839999999967,8622
26.9839999999967,8270
26.9839999999967,9496
26.9839999999967,10516
26.9839999999967,10708
26.9839999999967,11060
26.9839999999967,10810
27.0309999999954,10136
27.0309999999954,8578
27.0309999999954,8142
27.0309999999954,9222
27.0309999999954,10214
27.0309999999954,9720
27.0309999999954,10056
27.0309999999954,9512
27.0309999999954,7750
27.0789999999979,8796
27.0789999999979,9666
27.0789999999979,10712
27.0789999999979,10774
27.0789999999979,11252
27.0789999999979,10444
27.0789999999979,9828
27.0789999999979,8736
27.0789999999979,8778
27.1259999999966,9120
27.1259999999966,9902
27.1259999999966,10358
27.1259999999966,9230
27.1259999999966,8362
27.1259999999966,8124
27.1259999999966,9494
27.1259999999966,10374
27.1259999999966,10686
27.1259999999966,10784
27.1739999999991,10696
27.1739999999991,9886
27.1739999999991,8802
27.1739999999991,8294
27.1739999999991,9258
27.1739999999991,10060
27.1739999999991,9726
27.1739999999991,10010
27.1739999999991,9438
27.2209999999977,8458
27.2209999999977,8986
27.2209999999977,9692
27.2209999999977,10662
27.2209999999977,10732
27.2209999999977,11194
27.2209999999977,10110
27.2209999999977,9420
27.2209999999977,8766
27.2690000000002,8844
27.2690000000002,9182
27.2690000000002,9846
27.2690000000002,10348
27.2690000000002,9172
27.2690000000002,8126
27.2690000000002,8006
27.2690000000002,9496
27.2690000000002,10614
27.3159999999989,10702
27.3159999999989,11210
27.3159999999989,10614
27.3159999999989,9946
27.3159999999989,8098
27.3159999999989,8084
27.3159999999989,9120
27.3159999999989,9942
27.3159999999989,9748
27.3159999999989,9818
27.3629999999976,9254
27.3629999999976,8642
27.3629999999976,9412
27.3629999999976,9926
27.3629999999976,10686
27.3629999999976,10774
27.3629999999976,11092
27.3629999999976,10008
27.3629999999976,9264
27.4099999999962,8598
27.4099999999962,9336
27.4099999999962,9900
27.4099999999962,9728
27.4099999999962,10118
27.4099999999962,9502
27.4099999999962,7746
27.4099999999962,7966
27.4099999999962,9574
27.4099999999962,10676
27.4569999999949,10732
27.4569999999949,11234
27.4569999999949,10620
27.4569999999949,9952
27.4569999999949,8098
27.4569999999949,8160
27.4569999999949,9126
27.4569999999949,9938
27.5039999999935,10280
27.5039999999935,9496
27.5039999999935,8772
27.5039999999935,8362
27.5039999999935,9454
27.5039999999935,10454
27.5039999999935,10682
27.5039999999935,10752
27.5039999999935,11204
27.5039999999935,9892
27.5509999999995,9096
27.5509999999995,8532
27.5509999999995,9266
27.5509999999995,9972
27.5509999999995,9736
27.5509999999995,10056
27.5509999999995,9490
27.5509999999995,7766
27.5509999999995,8686
27.5509999999995,9656
27.5989999999947,10590
27.5989999999947,10758
27.5989999999947,11252
27.5989999999947,10400
27.5989999999947,9818
27.5989999999947,8802
27.5989999999947,8212
27.5989999999947,9142
27.5989999999947,9946
27.6459999999934,10270
27.6459999999934,9480
27.6459999999934,8750
27.6459999999934,8370
27.6459999999934,9490
27.6459999999934,10470
27.6459999999934,10722
27.6459999999934,10902
27.6459999999934,10850
27.6929999999993,9814
27.6929999999993,8946
27.6929999999993,8438
27.6929999999993,9296
27.6929999999993,10004
27.6929999999993,9726
27.6929999999993,10404
27.6929999999993,9582
27.6929999999993,7832
27.739999999998,8070
27.739999999998,9578
27.739999999998,10774
27.739999999998,10726
27.739999999998,11224
27.739999999998,10462
27.739999999998,9824
27.739999999998,8678
27.739999999998,8730
27.739999999998,9104
27.7879999999932,9882
27.7879999999932,10326
27.7879999999932,9228
27.7879999999932,8942
27.7879999999932,8460
27.7879999999932,9402
27.7879999999932,10352
27.7879999999932,10676
27.7879999999932,10902
27.8349999999991,10702
27.8349999999991,9946
27.8349999999991,8740
27.8349999999991,8264
27.8349999999991,9258
27.8349999999991,10066
27.8349999999991,9692
27.8349999999991,9928
27.8349999999991,9404
27.8349999999991,8514
27.8819999999978,9166
27.8819999999978,9720
27.8819999999978,10578
27.8819999999978,10726
27.8819999999978,11206
27.8819999999978,10322
27.8819999999978,9710
27.8819999999978,8804
27.9289999999964,8972
27.9289999999964,9382
27.9289999999964,9804
27.9289999999964,10316
27.9289999999964,9466
27.9289999999964,7976
27.9289999999964,7950
27.9289999999964,9532
27.9289999999964,10656
27.9289999999964,10716
27.976999999999,11216
27.976999999999,10578
27.976999999999,9910
27.976999999999,8110
27.976999999999,8018
27.976999999999,9166
27.976999999999,9948
27.976999999999,9890
27.976999999999,9752
28.0239999999976,9172
28.0239999999976,8628
28.0239999999976,9480
28.0239999999976,10168
28.0239999999976,10656
28.0239999999976,10722
28.0239999999976,11168
28.0239999999976,9766
28.0239999999976,8910
28.0239999999976,8370
28.0709999999963,9264
28.0709999999963,10030
28.0709999999963,9732
28.0709999999963,10408
28.0709999999963,9578
28.0709999999963,7826
28.0709999999963,8152
28.0709999999963,9604
28.0709999999963,10808
28.1179999999949,10768
28.1179999999949,11270
28.1179999999949,10580
28.1179999999949,9912
28.1179999999949,8192
28.1179999999949,8506
28.1179999999949,9130
28.1179999999949,9936
28.1179999999949,10308
28.1659999999974,9454
28.1659999999974,8696
28.1659999999974,8330
28.1659999999974,9464
28.1659999999974,10112
28.1659999999974,10686
28.1659999999974,10762
28.1659999999974,11170
28.1659999999974,9906
28.1659999999974,9126
28.2129999999961,8552
28.2129999999961,9294
28.2129999999961,9956
28.2129999999961,9738
28.2129999999961,10040
28.2129999999961,9500
28.2129999999961,7754
28.2129999999961,8726
28.2129999999961,9630
28.2599999999948,10580
28.2599999999948,10738
28.2599999999948,11216
28.2599999999948,10328
28.2599999999948,9896
28.2599999999948,8218
28.2599999999948,8582
28.2599999999948,9100
28.2599999999948,9902
28.2599999999948,10308
28.3079999999973,9352
28.3079999999973,8532
28.3079999999973,8202
28.3079999999973,9470
28.3079999999973,10532
28.3079999999973,10698
28.3079999999973,11160
28.3079999999973,10764
28.3549999999959,10132
28.3549999999959,8388
28.3549999999959,8022
28.3549999999959,9168
28.3549999999959,10028
28.3549999999959,9726
28.3549999999959,10040
28.3549999999959,9448
28.3549999999959,8258
28.3549999999959,8786
28.4019999999946,9664
28.4019999999946,10634
28.4019999999946,10732
28.4019999999946,11190
28.4019999999946,10142
28.4019999999946,9470
28.4019999999946,8850
28.4019999999946,9186
28.4019999999946,9840
28.4479999999967,9798
28.4479999999967,10398
28.4479999999967,9608
28.4479999999967,7858
28.4479999999967,8074
28.4479999999967,9486
28.4479999999967,10580
28.4479999999967,10712
28.4479999999967,11216
28.4479999999967,10726
28.4959999999992,10086
28.4959999999992,8280
28.4959999999992,7980
28.4959999999992,9148
28.4959999999992,9882
28.4959999999992,10168
28.4959999999992,9608
28.4959999999992,8958
28.4959999999992,8458
28.5429999999978,9412
28.5429999999978,10352
28.5429999999978,10682
28.5429999999978,10788
28.5429999999978,11204
28.5429999999978,10080
28.5429999999978,9372
28.5429999999978,8684
28.5429999999978,9294
28.5909999999931,9840
28.5909999999931,9716
28.5909999999931,10208
28.5909999999931,9500
28.5909999999931,7750
28.5909999999931,8720
28.5909999999931,9614
28.5909999999931,10726
28.5909999999931,10726
28.637999999999,11220
28.637999999999,10382
28.637999999999,9804
28.637999999999,8792
28.637999999999,8182
28.637999999999,9120
28.637999999999,9936
28.637999999999,10280
28.637999999999,9464
28.637999999999,8722
28.6859999999942,8336
28.6859999999942,9448
28.6859999999942,10456
28.6859999999942,10660
28.6859999999942,11072
28.6859999999942,10748
28.6859999999942,10126
28.6859999999942,8428
28.6859999999942,8064
28.7319999999963,9194
28.7319999999963,9962
28.7319999999963,9700
28.7319999999963,10010
28.7319999999963,9428
28.7319999999963,8310
28.7319999999963,8864
28.7319999999963,9692
28.7319999999963,10636
28.7799999999988,10752
28.7799999999988,11216
28.7799999999988,10236
28.7799999999988,9578
28.7799999999988,8832
28.7799999999988,9086
28.7799999999988,9692
28.7799999999988,9782
28.7799999999988,10328
28.8279999999941,9582
28.8279999999941,7890
28.8279999999941,7946
28.8279999999941,9526
28.8279999999941,10558
28.8279999999941,10712
28.8279999999941,11184
28.8279999999941,10752
28.8279999999941,10122
28.8279999999941,8386
28.875,8038
28.875,9178
28.875,9928
28.875,9880
28.875,9726
28.875,9142
28.875,8596
28.875,9512
28.875,9680
28.875,10654
28.9219999999987,10738
28.9219999999987,11214
28.9219999999987,10154
28.9219999999987,9470
28.9219999999987,8880
28.9219999999987,9204
28.9219999999987,9818
28.9219999999987,9782
28.9699999999939,10378
28.9699999999939,9588
28.9699999999939,7842
28.9699999999939,7988
28.9699999999939,9588
28.9699999999939,10738
28.9699999999939,10738
28.9699999999939,11246
28.9699999999939,10554
28.9699999999939,9892
29.0169999999998,8278
29.0169999999998,7988
29.0169999999998,9152
29.0169999999998,9820
29.0169999999998,10082
29.0169999999998,9680
29.0169999999998,9068
29.0169999999998,8542
29.0169999999998,9480
29.0639999999985,10292
29.0639999999985,10676
29.0639999999985,10752
29.0639999999985,10948
29.0639999999985,9766
29.0639999999985,8896
29.0639999999985,8386
29.0639999999985,9260
29.0639999999985,10010
29.0639999999985,9710
29.1109999999971,10018
29.1109999999971,9428
29.1109999999971,7792
29.1109999999971,8360
29.1109999999971,9572
29.1109999999971,10744
29.1109999999971,10726
29.1109999999971,11204
29.1109999999971,10384
29.1579999999958,9794
29.1579999999958,8772
29.1579999999958,8696
29.1579999999958,9152
29.1579999999958,9874
29.1579999999958,10354
29.1579999999958,9132
29.1579999999958,8234
29.1579999999958,8048
29.2059999999983,9428
29.2059999999983,10434
29.2059999999983,10666
29.2059999999983,10988
29.2059999999983,10780
29.2059999999983,10138
29.2059999999983,8500
29.2059999999983,8094
29.2059999999983,9188
29.252999999997,10034
29.252999999997,9706
29.252999999997,9802
29.252999999997,9234
29.252999999997,8628
29.252999999997,9398
29.252999999997,10096
29.252999999997,10676
29.252999999997,10734
29.252999999997,11204
29.2999999999956,10158
29.2999999999956,9494
29.2999999999956,8818
29.2999999999956,9158
29.2999999999956,9778
29.2999999999956,9766
29.2999999999956,10374
29.2999999999956,9584
29.2999999999956,7842
29.2999999999956,7966
29.3469999999943,9574
29.3469999999943,10754
29.3469999999943,10744
29.3469999999943,11250
29.3469999999943,10544
29.3469999999943,9890
29.3469999999943,8336
29.3469999999943,8624
29.3949999999968,9146
29.3949999999968,9890
29.3949999999968,10136
29.3949999999968,9644
29.3949999999968,9018
29.3949999999968,8494
29.3949999999968,9434
29.3949999999968,10312
29.3949999999968,10656
29.3949999999968,10778
29.4419999999955,10634
29.4419999999955,9912
29.4419999999955,8746
29.4419999999955,8260
29.4419999999955,9250
29.4419999999955,10076
29.4419999999955,9742
29.4419999999955,10270
29.4419999999955,9552
29.489999999998,7808
29.489999999998,8478
29.489999999998,9602
29.489999999998,10824
29.489999999998,10748
29.489999999998,11230
29.489999999998,10446
29.489999999998,9818
29.489999999998,8722
29.489999999998,8680
29.5369999999966,9112
29.5369999999966,9892
29.5369999999966,10342
29.5369999999966,9240
29.5369999999966,8956
29.5369999999966,8468
29.5369999999966,9404
29.5369999999966,10352
29.5369999999966,10682
29.5849999999991,10808
29.5849999999991,10754
29.5849999999991,9854
29.5849999999991,8804
29.5849999999991,8300
29.5849999999991,9258
29.5849999999991,10050
29.5849999999991,9720
29.5849999999991,10000
29.6309999999939,9434
29.6309999999939,8438
29.6309999999939,9012
29.6309999999939,9706
29.6309999999939,10814
29.6309999999939,10738
29.6309999999939,11226
29.6309999999939,10436
29.6309999999939,9814
29.6789999999964,8742
29.6789999999964,8700
29.6789999999964,9112
29.6789999999964,9892
29.6789999999964,10354
29.6789999999964,9238
29.6789999999964,8372
29.6789999999964,8124
29.6789999999964,9494
29.6789999999964,10552
29.7259999999951,10702
29.7259999999951,11188
29.7259999999951,10726
29.7259999999951,10080
29.7259999999951,8284
29.7259999999951,7972
29.7259999999951,9250
29.7259999999951,10064
29.7259999999951,9726
29.7259999999951,10000
29.7729999999938,9434
29.7729999999938,8442
29.7729999999938,9022
29.7729999999938,9684
29.7729999999938,10660
29.7729999999938,10734
29.7729999999938,11204
29.7729999999938,10136
29.8199999999997,9458
29.8199999999997,8850
29.8199999999997,9198
29.8199999999997,9820
29.8199999999997,9774
29.8199999999997,10388
29.8199999999997,9578
29.8199999999997,8228
29.8199999999997,8052
29.8679999999949,9512
29.8679999999949,10590
29.8679999999949,10718
29.8679999999949,11210
29.8679999999949,10744
29.8679999999949,10090
29.8679999999949,8304
29.8679999999949,7982
29.8679999999949,9152
29.8679999999949,9846
29.9149999999936,10054
29.9149999999936,9732
29.9149999999936,9140
29.9149999999936,8602
29.9149999999936,9024
29.9149999999936,9716
29.9149999999936,10666
29.9149999999936,10758
29.9149999999936,11216
29.9149999999936,10220
29.9619999999995,9566
29.9619999999995,8818
29.9619999999995,9074
29.9619999999995,9720
29.9619999999995,9808
29.9619999999995,10354
29.9619999999995,9592
29.9619999999995,7960
29.9619999999995,7950
30.0089999999982,9536
30.0089999999982,10676
30.0089999999982,10722
30.0089999999982,11230
30.0089999999982,10584
30.0089999999982,9920
30.0089999999982,8386
30.0089999999982,8028
30.0089999999982,9166
30.0559999999969,9938
30.0559999999969,9814
30.0559999999969,9804
30.0559999999969,9250
30.0559999999969,8648
30.0559999999969,9402
30.0559999999969,10046
30.0559999999969,10686
30.0559999999969,10754
30.1029999999955,11204
30.1029999999955,9962
30.1029999999955,9194
30.1029999999955,8824
30.1029999999955,9040
30.1029999999955,9656
30.1029999999955,9810
30.1029999999955,10348
30.1029999999955,9558
30.1029999999955,7980
30.150999999998,7952
30.150999999998,9552
30.150999999998,10680
30.150999999998,10734
30.150999999998,11240
30.150999999998,10650
30.150999999998,9994
30.150999999998,8156
30.150999999998,7960
30.1979999999967,9140
30.1979999999967,10082
30.1979999999967,9706
30.1979999999967,9900
30.1979999999967,9384
30.1979999999967,8568
30.1979999999967,9240
30.1979999999967,9798
30.1979999999967,10666
30.2449999999953,10742
30.2449999999953,11184
30.2449999999953,10020
30.2449999999953,9280
30.2449999999953,8644
30.2449999999953,9312
30.2449999999953,9892
30.2449999999953,9742
30.2449999999953,10192
30.2929999999978,9526
30.2929999999978,7772
30.2929999999978,7972
30.2929999999978,9536
30.2929999999978,10662
30.2929999999978,10742
30.2929999999978,11256
30.2929999999978,10728
30.2929999999978,10066
30.2929999999978,8268
30.3399999999965,7982
30.3399999999965,9168
30.3399999999965,9920
30.3399999999965,10070
30.3399999999965,9706
30.3399999999965,9122
30.3399999999965,8582
30.3399999999965,9500
30.3399999999965,9700
30.387999999999,10670
30.387999999999,10744
30.387999999999,11206
30.387999999999,10168
30.387999999999,9502
30.387999999999,8860
30.387999999999,9142
30.387999999999,9768
30.387999999999,9756
30.387999999999,10358
30.4349999999977,9568
30.4349999999977,7822
30.4349999999977,7992
30.4349999999977,9558
30.4349999999977,10788
30.4349999999977,10708
30.4349999999977,11214
30.4349999999977,10462
30.4830000000002,9818
30.4830000000002,8182
30.4830000000002,7926
30.4830000000002,9126
30.4830000000002,9936
30.4830000000002,10224
30.4830000000002,9566
30.4830000000002,8896
30.4830000000002,8432
30.4830000000002,9384
30.528999999995,10384
30.528999999995,10690
30.528999999995,10790
30.528999999995,10692
30.528999999995,9828
30.528999999995,8832
30.528999999995,8326
30.528999999995,9254
30.528999999995,9876
30.528999999995,9752
30.5769999999975,10292
30.5769999999975,9538
30.5769999999975,7790
30.5769999999975,8434
30.5769999999975,9584
30.5769999999975,10814
30.5769999999975,10722
30.5769999999975,11210
30.5769999999975,10418
30.6239999999962,9802
30.6239999999962,8746
30.6239999999962,8740
30.6239999999962,9112
30.6239999999962,9902
30.6239999999962,10368
30.6239999999962,9266
30.6239999999962,8986
30.6239999999962,8488
30.6719999999987,9434
30.6719999999987,10346
30.6719999999987,10702
30.6719999999987,10790
30.6719999999987,11194
30.6719999999987,9870
30.6719999999987,9068
30.6719999999987,8504
30.6719999999987,9260
30.7189999999973,9994
30.7189999999973,9756
30.7189999999973,10050
30.7189999999973,9510
30.7189999999973,7760
30.7189999999973,8760
30.7189999999973,9536
30.7189999999973,10682
30.7189999999973,10734
30.7189999999973,11256
30.7669999999998,10630
30.7669999999998,9964
30.7669999999998,8116
30.7669999999998,8032
30.7669999999998,9130
30.7669999999998,9962
30.7669999999998,10280
30.7669999999998,9584
30.7669999999998,8906
30.7669999999998,8454
30.8139999999985,9394
30.8139999999985,10384
30.8139999999985,10682
30.8139999999985,10764
30.8139999999985,10732
30.8139999999985,9834
30.8139999999985,9316
30.8139999999985,8704
30.8139999999985,9322
30.8609999999971,9900
30.8609999999971,9762
30.8609999999971,10352
30.8609999999971,9574
30.8609999999971,7816
30.8609999999971,8254
30.8609999999971,9588
30.8609999999971,10804
30.8609999999971,10734
30.9089999999997,11226
30.9089999999997,10472
30.9089999999997,9820
30.9089999999997,8634
30.9089999999997,8624
30.9089999999997,9132
30.9089999999997,9974
30.9089999999997,10230
30.9089999999997,9674
30.9559999999983,9058
30.9559999999983,8532
30.9559999999983,9484
30.9559999999983,10308
30.9559999999983,10690
30.9559999999983,10788
30.9559999999983,11194
30.9559999999983,9838
30.9559999999983,9024
30.9559999999983,8488
31.0039999999935,9266
31.0039999999935,9988
31.0039999999935,9738
31.0039999999935,10064
31.0039999999935,9486
31.0039999999935,7910
31.0039999999935,7930
31.0039999999935,9556
31.0039999999935,10702
31.0509999999995,10722
31.0509999999995,11226
31.0509999999995,10562
31.0509999999995,9906
31.0509999999995,8130
31.0509999999995,8372
31.0509999999995,9110
31.0509999999995,9932
31.0509999999995,10302
31.0979999999981,9448
31.0979999999981,8694
31.0979999999981,8320
31.0979999999981,9448
31.0979999999981,10142
31.0979999999981,10670
31.0979999999981,10734
31.0979999999981,11190
31.0979999999981,9896
31.1449999999968,9106
31.1449999999968,8524
31.1449999999968,9254
31.1449999999968,9968
31.1449999999968,9736
31.1449999999968,10034
31.1449999999968,9490
31.1449999999968,7754
31.1449999999968,8762
31.1449999999968,9628
31.1929999999993,10726
31.1929999999993,10748
31.1929999999993,11226
31.1929999999993,10600
31.1929999999993,9942
31.1929999999993,8088
31.1929999999993,8114
31.1929999999993,9126
31.1929999999993,9948
31.1929999999993,10276
31.239999999998,9516
31.239999999998,8798
31.239999999998,8388
31.239999999998,9412
31.239999999998,10418
31.239999999998,10666
31.239999999998,10862
31.239999999998,10690
31.2879999999932,10060
31.2879999999932,8658
31.2879999999932,8216
31.2879999999932,9230
31.2879999999932,9892
31.2879999999932,9686
31.2879999999932,10004
31.2879999999932,9450
31.2879999999932,7780
31.2879999999932,8576
31.3339999999953,9628
31.3339999999953,10538
31.3339999999953,10716
31.3339999999953,11198
31.3339999999953,10280
31.3339999999953,9644
31.3339999999953,8798
31.3339999999953,8994
31.3339999999953,9494
31.3819999999978,9766
31.3819999999978,10286
31.3819999999978,9546
31.3819999999978,8388
31.3819999999978,8124
31.3819999999978,9502
31.3819999999978,10536
31.3819999999978,10690
31.3819999999978,11158
31.3819999999978,10744
31.4289999999964,10116
31.4289999999964,8376
31.4289999999964,8034
31.4289999999964,9158
31.4289999999964,9906
31.4289999999964,9876
31.4289999999964,9716
31.4289999999964,9136
31.4289999999964,8586
31.476999999999,8900
31.476999999999,9680
31.476999999999,10640
31.476999999999,10728
31.476999999999,11184
31.476999999999,10146
31.476999999999,9476
31.476999999999,8782
31.476999999999,9172
31.5239999999976,9802
31.5239999999976,9784
31.5239999999976,10374
31.5239999999976,9594
31.5239999999976,7868
31.5239999999976,7936
31.5239999999976,9568
31.5239999999976,10712
31.5239999999976,10728
31.5720000000001,11178
31.5720000000001,10748
31.5720000000001,10112
31.5720000000001,8372
31.5720000000001,8028
31.5720000000001,9176
31.5720000000001,9890
31.5720000000001,9810
31.5720000000001,9758
31.5720000000001,9194
31.6189999999988,8648
31.6189999999988,9464
31.6189999999988,10132
31.6189999999988,10666
31.6189999999988,10748
31.6189999999988,11226
31.6189999999988,9916
31.6189999999988,9126
31.6189999999988,8824
31.6189999999988,9080
31.666999999994,9722
31.666999999994,9788
31.666999999994,10342
31.666999999994,9588
31.666999999994,7926
31.666999999994,7930
31.666999999994,9536
31.666999999994,10676
31.7139999999999,10716
31.7139999999999,11214
31.7139999999999,10548
31.7139999999999,9890
31.7139999999999,8180
31.7139999999999,8428
31.7139999999999,9106
31.7139999999999,9880
31.7139999999999,9972
31.7139999999999,9720
31.7609999999986,9140
31.7609999999986,8586
31.7609999999986,9502
31.7609999999986,10224
31.7609999999986,10656
31.7609999999986,10732
31.7609999999986,11000
31.7609999999986,9762
31.7609999999986,8920
31.8089999999938,8396
31.8089999999938,9250
31.8089999999938,9984
31.8089999999938,9696
31.8089999999938,10014
31.8089999999938,9444
31.8089999999938,8280
31.8089999999938,8244
31.8089999999938,9584
31.8089999999938,10810
31.8559999999998,10732
31.8559999999998,11234
31.8559999999998,10492
31.8559999999998,9844
31.8559999999998,8556
31.8559999999998,8648
31.8559999999998,9090
31.8559999999998,9870
31.8559999999998,10312
31.9029999999984,9270
31.9029999999984,8418
31.9029999999984,8136
31.9029999999984,9490
31.9029999999984,10536
31.9029999999984,10696
31.9029999999984,11142
31.9029999999984,10754
31.9029999999984,10132
31.9499999999971,8916
31.9499999999971,8396
31.9499999999971,9276
31.9499999999971,9988
31.9499999999971,9716
31.9499999999971,10044
31.9499999999971,9438
31.9499999999971,8120
31.9499999999971,8516
31.9499999999971,9674
31.9979999999996,10594
31.9979999999996,10754
31.9979999999996,11234
31.9979999999996,10342
31.9979999999996,9738
31.9979999999996,8792
31.9979999999996,8398
31.9979999999996,9120
31.9979999999996,9916
32.0439999999944,10276
32.0439999999944,9412
32.0439999999944,8644
32.0439999999944,8288
32.0439999999944,9450
32.0439999999944,10482
32.0439999999944,10676
32.0439999999944,11040
32.0439999999944,10784
32.0919999999969,10142
32.0919999999969,8582
32.0919999999969,8150
32.0919999999969,9208
32.0919999999969,9968
32.0919999999969,9712
32.0919999999969,10040
32.0919999999969,9474
32.0919999999969,7766
32.1389999999956,8596
32.1389999999956,9618
32.1389999999956,10548
32.1389999999956,10712
32.1389999999956,11188
32.1389999999956,10266
32.1389999999956,9638
32.1389999999956,8776
32.1389999999956,8976
32.1389999999956,9548
32.1869999999981,9818
32.1869999999981,10336
32.1869999999981,9454
32.1869999999981,8022
32.1869999999981,8224
32.1869999999981,9438
32.1869999999981,10490
32.1869999999981,10660
32.1869999999981,11118
32.2339999999967,10722
32.2339999999967,10096
32.2339999999967,8330
32.2339999999967,7998
32.2339999999967,9166
32.2339999999967,9942
32.2339999999967,9948
32.2339999999967,9746
32.2339999999967,9168
32.2339999999967,8632
32.2819999999992,9470
32.2819999999992,9666
32.2819999999992,10644
32.2819999999992,10726
32.2819999999992,11188
32.2819999999992,10174
32.2819999999992,9510
32.2819999999992,8714
32.2819999999992,9122
32.3279999999941,9752
32.3279999999941,9782
32.3279999999941,10358
32.3279999999941,9592
32.3279999999941,7862
32.3279999999941,7910
32.3279999999941,9546
32.3279999999941,10706
32.3279999999941,10708
32.3759999999966,11214
32.3759999999966,10522
32.3759999999966,9874
32.3759999999966,8284
32.3759999999966,7980
32.3759999999966,9166
32.3759999999966,9882
32.3759999999966,10010
32.3759999999966,9728
32.4229999999952,9148
32.4229999999952,8608
32.4229999999952,9494
32.4229999999952,10228
32.4229999999952,10662
32.4229999999952,10752
32.4229999999952,11190
32.4229999999952,9866
32.4229999999952,9064
32.4229999999952,8494
32.4709999999977,9244
32.4709999999977,9982
32.4709999999977,9810
32.4709999999977,10354
32.4709999999977,9604
32.4709999999977,7934
32.4709999999977,7934
32.4709999999977,9542
32.4709999999977,10682
32.4709999999977,10734
32.5179999999964,11236
32.5179999999964,10610
32.5179999999964,9946
32.5179999999964,8090
32.5179999999964,8062
32.5179999999964,9110
32.5179999999964,9956
32.5179999999964,10282
32.5649999999951,9568
32.5649999999951,9342
32.5649999999951,8592
32.5649999999951,9274
32.5649999999951,9860
32.5649999999951,10682
32.5649999999951,10744
32.5649999999951,11178
32.5649999999951,10044
32.5649999999951,9330
32.6119999999937,8714
32.6119999999937,9296
32.6119999999937,9892
32.6119999999937,9778
32.6119999999937,10390
32.6119999999937,9588
32.6119999999937,7832
32.6119999999937,8134
32.6119999999937,9510
32.6589999999997,10600
32.6589999999997,10718
32.6589999999997,11206
32.6589999999997,10726
32.6589999999997,10076
32.6589999999997,8294
32.6589999999997,7998
32.6589999999997,9182
32.6589999999997,9906
32.6589999999997,9866
32.7069999999949,9804
32.7069999999949,9244
32.7069999999949,8648
32.7069999999949,9408
32.7069999999949,10030
32.7069999999949,10676
32.7069999999949,10738
32.7069999999949,11188
32.7069999999949,9988
32.7539999999935,9630
32.7539999999935,8782
32.7539999999935,8972
32.7539999999935,9578
32.7539999999935,9820
32.7539999999935,10346
32.7539999999935,9402
32.7539999999935,8054
32.7539999999935,7980
32.801999999996,9494
32.801999999996,10620
32.801999999996,10690
32.801999999996,11200
32.801999999996,10584
32.801999999996,9916
32.801999999996,8088
32.801999999996,8188
32.801999999996,9188
32.8479999999981,10020
32.8479999999981,9736
32.8479999999981,9808
32.8479999999981,9258
32.8479999999981,8624
32.8479999999981,9376
32.8479999999981,10020
32.8479999999981,10676
32.8479999999981,10754
32.8479999999981,11198
32.8959999999934,10054
32.8959999999934,9326
32.8959999999934,8736
32.8959999999934,9326
32.8959999999934,9854
32.8959999999934,9738
32.8959999999934,10302
32.8959999999934,9542
32.8959999999934,7792
32.9419999999955,8002
32.9419999999955,9522
32.9419999999955,10618
32.9419999999955,10708
32.9419999999955,11214
32.9419999999955,10660
32.9419999999955,10010
32.9419999999955,8188
32.9419999999955,7950
32.9889999999941,9140
32.9889999999941,9938
32.9889999999941,10220
32.9889999999941,9608
32.9889999999941,8958
32.9889999999941,8458
32.9889999999941,9448
32.9889999999941,10332
32.9889999999941,10676
33.0360000000001,10768
33.0360000000001,10866
33.0360000000001,10086
33.0360000000001,9392
33.0360000000001,8822
33.0360000000001,9258
33.0360000000001,9818
33.0360000000001,9728
33.0360000000001,10346
33.0360000000001,9546
33.0839999999953,7792
33.0839999999953,8330
33.0839999999953,9574
33.0839999999953,10826
33.0839999999953,10706
33.0839999999953,11200
33.0839999999953,10410
33.0839999999953,9782
33.0839999999953,8750
33.1309999999939,8722
33.1309999999939,9126
33.1309999999939,9956
33.1309999999939,10270
33.1309999999939,9574
33.1309999999939,8900
33.1309999999939,8434
33.1309999999939,9398
33.1309999999939,10362
33.1309999999939,10662
33.1779999999999,10758
33.1779999999999,10526
33.1779999999999,9942
33.1779999999999,8726
33.1779999999999,8252
33.1779999999999,9244
33.1779999999999,10050
33.1779999999999,9706
33.2249999999985,9968
33.2249999999985,9522
33.2249999999985,7776
33.2249999999985,8658
33.2249999999985,9598
33.2249999999985,10774
33.2249999999985,10716
33.2249999999985,11210
33.2249999999985,10410
33.2249999999985,9792
33.2729999999938,8752
33.2729999999938,8750
33.2729999999938,9100
33.2729999999938,9866
33.2729999999938,10332
33.2729999999938,9178
33.2729999999938,8324
33.2729999999938,8106
33.2729999999938,9388
33.2729999999938,10364
33.3199999999997,10676
33.3199999999997,10798
33.3199999999997,10732
33.3199999999997,9828
33.3199999999997,8848
33.3199999999997,8352
33.3199999999997,9274
33.3199999999997,9992
33.3199999999997,9684
33.3669999999984,9972
33.3669999999984,9404
33.3669999999984,8398
33.3669999999984,8932
33.3669999999984,9696
33.3669999999984,10654
33.3669999999984,10744
33.3669999999984,11204
33.3669999999984,10220
33.4149999999936,9824
33.4149999999936,8638
33.4149999999936,8648
33.4149999999936,9100
33.4149999999936,9876
33.4149999999936,10316
33.4149999999936,9260
33.4149999999936,8412
33.4149999999936,8152
33.4619999999995,9486
33.4619999999995,10522
33.4619999999995,10680
33.4619999999995,11158
33.4619999999995,10706
33.4619999999995,10070
33.4619999999995,8294
33.4619999999995,7988
33.4619999999995,9166
33.4619999999995,10040
33.5089999999982,9702
33.5089999999982,9998
33.5089999999982,9428
33.5089999999982,8398
33.5089999999982,8884
33.5089999999982,9670
33.5089999999982,10634
33.5089999999982,10718
33.5089999999982,11184
33.5569999999934,10162
33.5569999999934,9494
33.5569999999934,8772
33.5569999999934,9152
33.5569999999934,9768
33.5569999999934,9782
33.5569999999934,10354
33.5569999999934,9598
33.5569999999934,7880
33.6039999999994,8094
33.6039999999994,9484
33.6039999999994,10542
33.6039999999994,10690
33.6039999999994,11190
33.6039999999994,10702
33.6039999999994,10060
33.6039999999994,8260
33.6039999999994,7962
33.650999999998,9148
33.650999999998,9846
33.650999999998,10146
33.650999999998,9700
33.650999999998,9110
33.650999999998,8576
33.650999999998,9542
33.650999999998,10260
33.650999999998,10682
33.650999999998,10754
33.6979999999967,11180
33.6979999999967,10204
33.6979999999967,9546
33.6979999999967,8798
33.6979999999967,9090
33.6979999999967,9712
33.6979999999967,9810
33.6979999999967,10336
33.6979999999967,9574
33.7449999999953,7976
33.7449999999953,7966
33.7449999999953,9526
33.7449999999953,10650
33.7449999999953,10712
33.7449999999953,11224
33.7449999999953,10600
33.7449999999953,9936
33.7449999999953,8100
33.7449999999953,8116
33.7939999999944,9188
33.7939999999944,10116
33.7939999999944,9792
33.7939999999944,9838
33.7939999999944,9300
33.7939999999944,8608
33.7939999999944,9326
33.7939999999944,9978
33.7939999999944,10656
33.8409999999931,10712
33.8409999999931,11138
33.8409999999931,9912
33.8409999999931,9132
33.8409999999931,8552
33.8409999999931,9264
33.8409999999931,9942
33.8409999999931,9732
33.8409999999931,10342
33.8889999999956,9582
33.8889999999956,7960
33.8889999999956,7960
33.8889999999956,9548
33.8889999999956,10672
33.8889999999956,10726
33.8889999999956,11226
33.8889999999956,10620
33.8889999999956,9956
33.8889999999956,8130
33.9359999999942,7982
33.9359999999942,9132
33.9359999999942,9942
33.9359999999942,10266
33.9359999999942,9566
33.9359999999942,8886
33.9359999999942,8578
33.9359999999942,9294
33.9359999999942,9870
33.9839999999967,10676
33.9839999999967,10754
33.9839999999967,11194
33.9839999999967,10086
33.9839999999967,9384
33.9839999999967,8832
33.9839999999967,9276
33.9839999999967,9844
33.9839999999967,9772
34.0309999999954,10372
34.0309999999954,9588
34.0309999999954,7832
34.0309999999954,8042
34.0309999999954,9556
34.0309999999954,10584
34.0309999999954,10702
34.0309999999954,11216
34.0309999999954,10706
34.0789999999979,10060
34.0789999999979,8260
34.0789999999979,7976
34.0789999999979,9146
34.0789999999979,9758
34.0789999999979,10152
34.0789999999979,9650
34.0789999999979,9044
34.0789999999979,8506
34.0789999999979,9450
34.1259999999966,10316
34.1259999999966,10680
34.1259999999966,10826
34.1259999999966,11178
34.1259999999966,9828
34.1259999999966,9486
34.1259999999966,8834
34.1259999999966,9172
34.1259999999966,9784
34.1259999999966,9774
34.1729999999952,10352
34.1729999999952,9594
34.1729999999952,7864
34.1729999999952,7920
34.1729999999952,9552
34.1729999999952,10706
34.1729999999952,10728
34.1729999999952,11234
34.1729999999952,10572
34.2199999999939,9902
34.2199999999939,8120
34.2199999999939,8058
34.2199999999939,9182
34.2199999999939,9962
34.2199999999939,9900
34.2199999999939,9722
34.2199999999939,9142
34.2199999999939,8592
34.2679999999964,9484
34.2679999999964,10230
34.2679999999964,10654
34.2679999999964,10722
34.2679999999964,11070
34.2679999999964,9788
34.2679999999964,8986
34.2679999999964,8458
34.2679999999964,9254
34.3149999999951,9938
34.3149999999951,9660
34.3149999999951,10342
34.3149999999951,9532
34.3149999999951,7786
34.3149999999951,8342
34.3149999999951,9578
34.3149999999951,10798
34.3149999999951,10728
34.3149999999951,11216
34.3619999999937,10454
34.3619999999937,9820
34.3619999999937,8660
34.3619999999937,8624
34.3619999999937,9096
34.3619999999937,9874
34.3619999999937,10306
34.3619999999937,9260
34.3619999999937,8412
34.4099999999962,8438
34.4099999999962,9438
34.4099999999962,10328
34.4099999999962,10670
34.4099999999962,10758
34.4099999999962,10896
34.4099999999962,9762
34.4099999999962,8920
34.4099999999962,8408
34.4569999999949,9266
34.4569999999949,9972
34.4569999999949,9690
34.4569999999949,10004
34.4569999999949,9418
34.4569999999949,8202
34.4569999999949,8804
34.4569999999949,9568
34.4569999999949,10784
34.5039999999935,10712
34.5039999999935,11214
34.5039999999935,10462
34.5039999999935,9828
34.5039999999935,8624
34.5039999999935,8700
34.5039999999935,9110
34.5039999999935,9896
34.5039999999935,10328
34.5039999999935,9356
34.5509999999995,8542
34.5509999999995,8232
34.5509999999995,9486
34.5509999999995,10518
34.5509999999995,10708
34.5509999999995,11080
34.5509999999995,10790
34.5509999999995,10096
34.5509999999995,8686
34.5989999999947,8224
34.5989999999947,9306
34.5989999999947,9936
34.5989999999947,9762
34.5989999999947,10234
34.5989999999947,9562
34.5989999999947,7822
34.5989999999947,8422
34.5989999999947,9582
34.5989999999947,10790
34.6459999999934,10728
34.6459999999934,11234
34.6459999999934,10486
34.6459999999934,9840
34.6459999999934,8568
34.6459999999934,8680
34.6459999999934,9126
34.6459999999934,9926
34.6459999999934,10132
34.6929999999993,9720
34.6929999999993,9142
34.6929999999993,8606
34.6929999999993,9500
34.6929999999993,10250
34.6929999999993,10680
34.6929999999993,10748
34.6929999999993,11204
34.6929999999993,9932
34.739999999998,9162
34.739999999998,8560
34.739999999998,9266
34.739999999998,9936
34.739999999998,9748
34.739999999998,10132
34.739999999998,9532
34.739999999998,7792
34.739999999998,8690
34.739999999998,9502
34.7879999999932,10640
34.7879999999932,10712
34.7879999999932,11224
34.7879999999932,10620
34.7879999999932,9962
34.7879999999932,8136
34.7879999999932,7962
34.7879999999932,9140
34.7879999999932,9956
34.8339999999953,10256
34.8339999999953,9634
34.8339999999953,9002
34.8339999999953,8474
34.8339999999953,9460
34.8339999999953,10348
34.8339999999953,10702
34.8339999999953,10800
34.8339999999953,11252
34.8819999999978,9948
34.8819999999978,9578
34.8819999999978,8786
34.8819999999978,9050
34.8819999999978,9628
34.8819999999978,9798
34.8819999999978,10300
34.8819999999978,9516
34.8819999999978,7966
34.9289999999964,7952
34.9289999999964,9530
34.9289999999964,10656
34.9289999999964,10726
34.9289999999964,11242
34.9289999999964,10660
34.9289999999964,10004
34.9289999999964,8182
34.9289999999964,7940
34.9289999999964,9224
34.976999999999,10086
34.976999999999,9686
34.976999999999,9900
34.976999999999,9392
34.976999999999,8540
34.976999999999,9178
34.976999999999,9768
34.976999999999,10654
34.976999999999,10722
35.0239999999976,11168
35.0239999999976,10044
35.0239999999976,9340
35.0239999999976,8746
35.0239999999976,9300
35.0239999999976,9874
35.0239999999976,9766
35.0239999999976,10384
35.0239999999976,9574
35.0709999999963,7828
35.0709999999963,8034
35.0709999999963,9486
35.0709999999963,10578
35.0709999999963,10686
35.0709999999963,11210
35.0709999999963,10660
35.0709999999963,10004
35.0709999999963,8196
35.1179999999949,7930
35.1179999999949,9146
35.1179999999949,9912
35.1179999999949,10194
35.1179999999949,9640
35.1179999999949,9024
35.1179999999949,8496
35.1179999999949,9424
35.1179999999949,9722
35.1179999999949,10654
35.1659999999974,10722
35.1659999999974,11168
35.1659999999974,10074
35.1659999999974,9376
35.1659999999974,8808
35.1659999999974,9264
35.1659999999974,9830
35.1659999999974,9736
35.1659999999974,10358
35.1659999999974,9552
35.2129999999961,7798
35.2129999999961,8264
35.2129999999961,9582
35.2129999999961,10784
35.2129999999961,10732
35.2129999999961,11220
35.2129999999961,10492
35.2129999999961,9850
35.2129999999961,8428
35.2599999999948,7982
35.2599999999948,9156
35.2599999999948,9864
35.2599999999948,10086
35.2599999999948,9674
35.2599999999948,9070
35.2599999999948,8542
35.2599999999948,9476
35.2599999999948,10296
35.3069999999934,10670
35.3069999999934,10790
35.3069999999934,11178
35.3069999999934,9846
35.3069999999934,9060
35.3069999999934,8530
35.3069999999934,9260
35.3069999999934,9942
35.3069999999934,9768
35.3539999999994,10332
35.3539999999994,9582
35.3539999999994,7878
35.3539999999994,7908
35.3539999999994,9538
35.3539999999994,10692
35.3539999999994,10708
35.3539999999994,11220
35.3539999999994,10528
35.3539999999994,9876
35.4019999999946,8172
35.4019999999946,8562
35.4019999999946,9106
35.4019999999946,9896
35.4019999999946,10280
35.4019999999946,9382
35.4019999999946,9132
35.4019999999946,8588
35.4019999999946,9500
35.4489999999932,10260
35.4489999999932,10670
35.4489999999932,10732
35.4489999999932,11226
35.4489999999932,9916
35.4489999999932,9140
35.4489999999932,8552
35.4489999999932,9270
35.4489999999932,9922
35.4969999999958,9706
35.4969999999958,10000
35.4969999999958,9476
35.4969999999958,7736
35.4969999999958,8732
35.4969999999958,9526
35.4969999999958,10670
35.4969999999958,10712
35.4969999999958,11216
35.5429999999978,10574
35.5429999999978,9916
35.5429999999978,8074
35.5429999999978,8268
35.5429999999978,9120
35.5429999999978,9932
35.5429999999978,10276
35.5429999999978,9496
35.5429999999978,8788
35.5429999999978,8378
35.5909999999931,9420
35.5909999999931,10424
35.5909999999931,10676
35.5909999999931,11030
35.5909999999931,10726
35.5909999999931,10000
35.5909999999931,8710
35.5909999999931,8592
35.5909999999931,9286
35.637999999999,9926
35.637999999999,9752
35.637999999999,10234
35.637999999999,9552
35.637999999999,7812
35.637999999999,8470
35.637999999999,9598
35.637999999999,10810
35.637999999999,10734
35.637999999999,11234
35.6849999999977,10490
35.6849999999977,9850
35.6849999999977,8418
35.6849999999977,8670
35.6849999999977,9176
35.6849999999977,9906
35.6849999999977,10086
35.6849999999977,9774
35.7319999999963,9208
35.7319999999963,8658
35.7319999999963,9428
35.7319999999963,10152
35.7319999999963,10672
35.7319999999963,10744
35.7319999999963,11180
35.7319999999963,9984
35.7319999999963,9250
35.7319999999963,8638
35.7799999999988,9302
35.7799999999988,9902
35.7799999999988,9752
35.7799999999988,10326
35.7799999999988,9294
35.7799999999988,8098
35.7799999999988,7986
35.7799999999988,9490
35.7799999999988,10600
35.8269999999975,10692
35.8269999999975,11224
35.8269999999975,10660
35.8269999999975,10014
35.8269999999975,8208
35.8269999999975,7934
35.8269999999975,9140
35.8269999999975,9910
35.8269999999975,10194
35.8269999999975,9660
35.8739999999962,9050
35.8739999999962,8552
35.8739999999962,9104
35.8739999999962,9696
35.8739999999962,10676
35.8739999999962,10762
35.8739999999962,11214
35.8739999999962,10250
35.8739999999962,9588
35.9209999999948,8716
35.9209999999948,9032
35.9209999999948,9594
35.9209999999948,9818
35.9209999999948,10328
35.9209999999948,9362
35.9209999999948,8070
35.9209999999948,8002
35.9209999999948,9522
35.9689999999973,10610
35.9689999999973,10706
35.9689999999973,11234
35.9689999999973,10672
35.9689999999973,10018
35.9689999999973,8216
35.9689999999973,8212
35.9689999999973,9230
35.9689999999973,10028
35.9689999999973,9726
36.015999999996,9974
36.015999999996,9424
36.015999999996,8478
36.015999999996,9024
36.015999999996,9700
36.015999999996,10650
36.015999999996,10748
36.015999999996,11214
36.015999999996,10256
36.0639999999985,9614
36.0639999999985,8804
36.0639999999985,8976
36.0639999999985,9566
36.0639999999985,9922
36.0639999999985,10312
36.0639999999985,9430
36.0639999999985,8670
36.0639999999985,8320
36.0639999999985,9458
36.1099999999933,10454
36.1099999999933,10666
36.1099999999933,11050
36.1099999999933,10752
36.1099999999933,10118
36.1099999999933,8566
36.1099999999933,8134
36.1099999999933,9194
36.1579999999958,10038
36.1579999999958,9700
36.1579999999958,9902
36.1579999999958,9384
36.1579999999958,8542
36.1579999999958,8762
36.1579999999958,9578
36.1579999999958,10518
36.1579999999958,10682
36.1579999999958,11170
36.2049999999945,10264
36.2049999999945,9620
36.2049999999945,8788
36.2049999999945,8942
36.2049999999945,9556
36.2049999999945,9830
36.2049999999945,10336
36.2049999999945,9330
36.2049999999945,8084
36.2519999999931,7980
36.2519999999931,9500
36.2519999999931,10618
36.2519999999931,10680
36.2519999999931,11062
36.2519999999931,10774
36.2519999999931,10132
36.2519999999931,8608
36.2519999999931,8156
36.2519999999931,9214
36.2999999999956,10014
36.2999999999956,9720
36.2999999999956,9962
36.2999999999956,9430
36.2999999999956,8516
36.2999999999956,9100
36.2999999999956,9680
36.2999999999956,10656
36.2999999999956,10728
36.3469999999943,11180
36.3469999999943,10142
36.3469999999943,9480
36.3469999999943,8838
36.3469999999943,9156
36.3469999999943,9814
36.3469999999943,9876
36.3469999999943,10326
36.3469999999943,9248
36.3949999999968,8396
36.3949999999968,8152
36.3949999999968,9490
36.3949999999968,10522
36.3949999999968,10682
36.3949999999968,11188
36.3949999999968,10748
36.3949999999968,10118
36.3949999999968,8422
36.3949999999968,8070
36.4419999999955,9198
36.4419999999955,10126
36.4419999999955,9782
36.4419999999955,9828
36.4419999999955,9300
36.4419999999955,7944
36.4419999999955,8650
36.4419999999955,9660
36.4419999999955,10538
36.489999999998,10734
36.489999999998,11216
36.489999999998,10342
36.489999999998,9756
36.489999999998,8808
36.489999999998,8792
36.489999999998,9168
36.489999999998,9870
36.489999999998,10352
36.5369999999966,9188
36.5369999999966,8330
36.5369999999966,8120
36.5369999999966,9522
36.5369999999966,10362
36.5369999999966,10686
36.5369999999966,10780
36.5369999999966,10932
36.5369999999966,9782
36.5839999999953,8976
36.5839999999953,8468
36.5839999999953,9274
36.5839999999953,9982
36.5839999999953,9722
36.5839999999953,10046
36.5839999999953,9474
36.5839999999953,7796
36.5839999999953,8668
36.5839999999953,9638
36.6309999999939,10548
36.6309999999939,10738
36.6309999999939,11220
36.6309999999939,10374
36.6309999999939,9782
36.6309999999939,8084
36.6309999999939,8202
36.6309999999939,9126
36.6309999999939,9946
36.6789999999964,10270
36.6789999999964,9536
36.6789999999964,8850
36.6789999999964,8414
36.6789999999964,9414
36.6789999999964,10384
36.6789999999964,10666
36.6789999999964,10790
36.6789999999964,10706
36.6789999999964,9820
36.7259999999951,8848
36.7259999999951,8352
36.7259999999951,9264
36.7259999999951,9856
36.7259999999951,9748
36.7259999999951,10382
36.7259999999951,9568
36.7259999999951,7832
36.7259999999951,8172
36.7729999999938,9578
36.7729999999938,10774
36.7729999999938,10734
36.7729999999938,11226
36.7729999999938,10532
36.7729999999938,9890
36.7729999999938,8212
36.7729999999938,8542
36.7729999999938,9104
36.8209999999963,9906
36.8209999999963,10056
36.8209999999963,9778
36.8209999999963,9214
36.8209999999963,8660
36.8209999999963,9430
36.8209999999963,10164
36.8209999999963,10682
36.8209999999963,10762
36.8209999999963,11184
36.8679999999949,10028
36.8679999999949,9306
36.8679999999949,8654
36.8679999999949,9332
36.8679999999949,9900
36.8679999999949,9782
36.8679999999949,10408
36.8679999999949,9598
36.8679999999949,7854
36.9149999999936,8044
36.9149999999936,9510
36.9149999999936,10594
36.9149999999936,10722
36.9149999999936,11226
36.9149999999936,10742
36.9149999999936,10112
36.9149999999936,8388
36.9149999999936,8044
36.9619999999995,9166
36.9619999999995,10010
36.9619999999995,9932
36.9619999999995,9802
36.9619999999995,9244
36.9619999999995,8632
36.9619999999995,9384
36.9619999999995,10092
36.9619999999995,10662
37.0099999999948,10732
37.0099999999948,11142
37.0099999999948,9938
37.0099999999948,9574
37.0099999999948,8822
37.0099999999948,8988
37.0099999999948,9648
37.0099999999948,9804
37.0099999999948,10318
37.0099999999948,9522
37.0569999999934,7998
37.0569999999934,7950
37.0569999999934,9510
37.0569999999934,10636
37.0569999999934,10696
37.0569999999934,11214
37.0569999999934,10580
37.0569999999934,9928
37.0569999999934,8078
37.1039999999994,8206
37.1039999999994,9178
37.1039999999994,10142
37.1039999999994,9810
37.1039999999994,9828
37.1039999999994,9290
37.1039999999994,8618
37.1039999999994,9346
37.1039999999994,10028
37.1039999999994,10680
37.150999999998,10758
37.150999999998,11194
37.150999999998,10082
37.150999999998,9388
37.150999999998,8828
37.150999999998,9274
37.150999999998,9844
37.150999999998,9772
37.1989999999932,10384
37.1989999999932,9598
37.1989999999932,8280
37.1989999999932,8094
37.1989999999932,9510
37.1989999999932,10572
37.1989999999932,10712
37.1989999999932,11226
37.1989999999932,10768
37.1989999999932,10142
37.2459999999992,8464
37.2459999999992,8094
37.2459999999992,9212
37.2459999999992,10244
37.2459999999992,9710
37.2459999999992,9846
37.2459999999992,9312
37.2459999999992,8612
37.2459999999992,8710
37.2939999999944,9628
37.2939999999944,10526
37.2939999999944,10732
37.2939999999944,11210
37.2939999999944,10328
37.2939999999944,9722
37.2939999999944,8798
37.2939999999944,8878
37.2939999999944,9270
37.2939999999944,9846
37.3409999999931,10336
37.3409999999931,9162
37.3409999999931,8192
37.3409999999931,8044
37.3409999999931,9526
37.3409999999931,10584
37.3409999999931,10708
37.3409999999931,11240
37.3409999999931,10716
37.387999999999,10076
37.387999999999,8314
37.387999999999,8006
37.387999999999,9258
37.387999999999,10046
37.387999999999,9732
37.387999999999,10034
37.387999999999,9448
37.387999999999,8330
37.4349999999977,8756
37.4349999999977,9666
37.4349999999977,10618
37.4349999999977,10728
37.4349999999977,11188
37.4349999999977,10236
37.4349999999977,9588
37.4349999999977,8762
37.4349999999977,9032
37.4349999999977,9650
37.4830000000002,9866
37.4830000000002,10372
37.4830000000002,9284
37.4830000000002,8716
37.4830000000002,8346
37.4830000000002,9454
37.4830000000002,10454
37.4830000000002,10676
37.4830000000002,11004
37.5299999999988,10754
37.5299999999988,10100
37.5299999999988,8660
37.5299999999988,8198
37.5299999999988,9224
37.5299999999988,10096
37.5299999999988,9712
37.5299999999988,9952
37.5299999999988,9430
37.5769999999975,8520
37.5769999999975,9086
37.5769999999975,9594
37.5769999999975,10706
37.5769999999975,10726
37.5769999999975,11216
37.5769999999975,10408
37.5769999999975,9788
37.5769999999975,8762
37.6239999999962,8658
37.6239999999962,9104
37.6239999999962,9880
37.6239999999962,10338
37.6239999999962,9224
37.6239999999962,8378
37.6239999999962,8126
37.6239999999962,9470
37.6239999999962,10544
37.6239999999962,10702
37.6719999999987,11214
37.6719999999987,10726
37.6719999999987,10100
37.6719999999987,8362
37.6719999999987,8008
37.6719999999987,9254
37.6719999999987,10038
37.6719999999987,9746
37.6719999999987,10056
37.7189999999973,9474
37.7189999999973,8006
37.7189999999973,8704
37.7189999999973,9638
37.7189999999973,10588
37.7189999999973,10722
37.7189999999973,11200
37.7189999999973,10264
37.7189999999973,9612
37.7189999999973,8814
37.765999999996,9002
37.765999999996,9552
37.765999999996,9828
37.765999999996,10296
37.765999999996,9384
37.765999999996,8596
37.765999999996,8254
37.765999999996,9490
37.8129999999946,10502
37.8129999999946,10698
37.8129999999946,11036
37.8129999999946,10752
37.8129999999946,10076
37.8129999999946,8684
37.8129999999946,8238
37.8129999999946,9234
37.8129999999946,10080
37.8129999999946,9728
37.8609999999971,9988
37.8609999999971,9440
37.8609999999971,8474
37.8609999999971,8582
37.8609999999971,9640
37.8609999999971,10834
37.8609999999971,10772
37.8609999999971,11250
37.8609999999971,10554
37.9069999999992,9912
37.9069999999992,8182
37.9069999999992,8516
37.9069999999992,9136
37.9069999999992,9938
37.9069999999992,10280
37.9069999999992,9496
37.9069999999992,8772
37.9069999999992,8378
37.9069999999992,9454
37.9549999999945,10440
37.9549999999945,10690
37.9549999999945,10844
37.9549999999945,10768
37.9549999999945,9818
37.9549999999945,9366
37.9549999999945,8818
37.9549999999945,9310
37.9549999999945,9864
38.0019999999931,9766
38.0019999999931,10384
38.0019999999931,9582
38.0019999999931,7842
38.0019999999931,8090
38.0019999999931,9582
38.0019999999931,10800
38.0019999999931,10762
38.0019999999931,11262
38.0489999999991,10614
38.0489999999991,9958
38.0489999999991,8124
38.0489999999991,8106
38.0489999999991,9214
38.0489999999991,10318
38.0489999999991,9692
38.0489999999991,9860
38.0489999999991,9336
38.0489999999991,8588
38.0959999999977,9290
38.0959999999977,9942
38.0959999999977,10670
38.0959999999977,10748
38.0959999999977,11170
38.0959999999977,10034
38.0959999999977,9322
38.0959999999977,8684
38.0959999999977,9316
38.1429999999964,9866
38.1429999999964,9736
38.1429999999964,10316
38.1429999999964,9234
38.1429999999964,8124
38.1429999999964,7992
38.1429999999964,9486
38.1429999999964,10594
38.1429999999964,10690
38.1429999999964,11214
38.1909999999989,10640
38.1909999999989,9984
38.1909999999989,8160
38.1909999999989,7924
38.1909999999989,9136
38.1909999999989,9948
38.1909999999989,10240
38.1909999999989,9648
38.2379999999976,9034
38.2379999999976,8530
38.2379999999976,9132
38.2379999999976,9712
38.2379999999976,10660
38.2379999999976,10732
38.2379999999976,11180
38.2379999999976,10138
38.2379999999976,9464
38.2379999999976,8858
38.2860000000001,9166
38.2860000000001,9814
38.2860000000001,9802
38.2860000000001,10364
38.2860000000001,9620
38.2860000000001,7934
38.2860000000001,7934
38.2860000000001,9552
38.2860000000001,10686
38.3329999999987,10728
38.3329999999987,11240
38.3329999999987,10626
38.3329999999987,9982
38.3329999999987,8540
38.3329999999987,8142
38.3329999999987,9214
38.3329999999987,9984
38.3329999999987,9720
38.3329999999987,9938
38.3799999999974,9444
38.3799999999974,8540
38.3799999999974,9162
38.3799999999974,9726
38.3799999999974,10660
38.3799999999974,10744
38.3799999999974,11190
38.3799999999974,10146
38.3799999999974,9480
38.426999999996,8870
38.426999999996,8690
38.426999999996,9112
38.426999999996,9902
38.426999999996,10352
38.426999999996,9316
38.426999999996,8494
38.426999999996,8202
38.426999999996,9480
38.4749999999985,10522
38.4749999999985,10696
38.4749999999985,11142
38.4749999999985,10772
38.4749999999985,10152
38.4749999999985,8634
38.4749999999985,8198
38.4749999999985,9240
38.4749999999985,10060
38.5209999999934,9716
38.5209999999934,10110
38.5209999999934,9522
38.5209999999934,7786
38.5209999999934,8726
38.5209999999934,9624
38.5209999999934,10846
38.5209999999934,10758
38.5209999999934,11250
38.5209999999934,10508
38.5699999999997,9864
38.5699999999997,8432
38.5699999999997,8686
38.5699999999997,9136
38.5699999999997,9926
38.5699999999997,10300
38.5699999999997,9438
38.5699999999997,8686
38.5699999999997,8330
38.5699999999997,9460
38.6169999999984,10192
38.6169999999984,10666
38.6169999999984,10742
38.6169999999984,11134
38.6169999999984,9956
38.6169999999984,9202
38.6169999999984,8588
38.6169999999984,9316
38.663999999997,9920
38.663999999997,9752
38.663999999997,10188
38.663999999997,9546
38.663999999997,7808
38.663999999997,8572
38.663999999997,9598
38.663999999997,10820
38.663999999997,10718
38.663999999997,11226
38.7109999999957,10666
38.7109999999957,10018
38.7109999999957,8212
38.7109999999957,7944
38.7109999999957,9148
38.7109999999957,9974
38.7109999999957,10146
38.7109999999957,9722
38.7109999999957,9136
38.7579999999944,8612
38.7579999999944,9530
38.7579999999944,10250
38.7579999999944,10670
38.7579999999944,10744
38.7579999999944,11092
38.7579999999944,9922
38.7579999999944,9156
38.7579999999944,8568
38.7579999999944,9032
38.8059999999969,9702
38.8059999999969,9834
38.8059999999969,10346
38.8059999999969,9458
38.8059999999969,8070
38.8059999999969,7982
38.8059999999969,9506
38.8059999999969,10624
38.8059999999969,10702
38.8529999999955,11242
38.8529999999955,10662
38.8529999999955,10004
38.8529999999955,8196
38.8529999999955,7930
38.8529999999955,9148
38.8529999999955,9864
38.8529999999955,10178
38.8529999999955,9984
38.8999999999942,9454
38.8999999999942,8480
38.8999999999942,9018
38.8999999999942,9684
38.8999999999942,10650
38.8999999999942,10754
38.8999999999942,11214
38.8999999999942,10266
38.8999999999942,9628
38.9470000000001,8822
38.9470000000001,8988
38.9470000000001,9538
38.9470000000001,9830
38.9470000000001,10338
38.9470000000001,9336
38.9470000000001,8100
38.9470000000001,7992
38.9470000000001,9458
38.9470000000001,10482
38.9939999999988,10682
38.9939999999988,11040
38.9939999999988,10726
38.9939999999988,10102
38.9939999999988,8644
38.9939999999988,8196
38.9939999999988,9228
38.9939999999988,10082
38.9939999999988,9712
39.0409999999974,9978
39.0409999999974,9378
39.0409999999974,8484
39.0409999999974,9014
39.0409999999974,9676
39.0409999999974,10654
39.0409999999974,10742
39.0409999999974,11200
39.0409999999974,10228
39.0889999999999,9572
39.0889999999999,8614
39.0889999999999,8674
39.0889999999999,9130
39.0889999999999,9920
39.0889999999999,10316
39.0889999999999,9404
39.0889999999999,8628
39.0889999999999,8284
39.1359999999986,9486
39.1359999999986,10496
39.1359999999986,10692
39.1359999999986,11010
39.1359999999986,10672
39.1359999999986,9968
39.1359999999986,8760
39.1359999999986,8310
39.1359999999986,9266
39.1359999999986,10034
39.1839999999938,9722
39.1839999999938,10014
39.1839999999938,9408
39.1839999999938,7832
39.1839999999938,8300
39.1839999999938,9594
39.1839999999938,10800
39.1839999999938,10748
39.1839999999938,11236
39.1839999999938,10548
39.2309999999998,9900
39.2309999999998,8166
39.2309999999998,8514
39.2309999999998,9142
39.2309999999998,9946
39.2309999999998,10290
39.2309999999998,9546
39.2309999999998,8860
39.2779999999984,8438
39.2779999999984,9326
39.2779999999984,9920
39.2779999999984,10692
39.2779999999984,10778
39.2779999999984,11220
39.2779999999984,10198
39.2779999999984,9530
39.2779999999984,8822
39.2779999999984,9116
39.3249999999971,9728
39.3249999999971,9802
39.3249999999971,10326
39.3249999999971,9578
39.3249999999971,7982
39.3249999999971,7960
39.3249999999971,9538
39.3249999999971,10656
39.3249999999971,10716
39.3729999999996,11240
39.3729999999996,10646
39.3729999999996,9992
39.3729999999996,8576
39.3729999999996,8160
39.3729999999996,9224
39.3729999999996,10038
39.3729999999996,9726
39.3729999999996,9952
39.3729999999996,9434
39.4189999999944,8536
39.4189999999944,9112
39.4189999999944,9684
39.4189999999944,10660
39.4189999999944,10742
39.4189999999944,11190
39.4189999999944,10184
39.4189999999944,9538
39.4189999999944,8844
39.4669999999969,9094
39.4669999999969,9720
39.4669999999969,9906
39.4669999999969,10322
39.4669999999969,9362
39.4669999999969,8546
39.4669999999969,8244
39.4669999999969,9496
39.4669999999969,10506
39.5139999999956,10702
39.5139999999956,11076
39.5139999999956,10726
39.5139999999956,10100
39.5139999999956,8678
39.5139999999956,8242
39.5139999999956,9248
39.5139999999956,10066
39.5139999999956,9716
39.5609999999942,9964
39.5609999999942,9424
39.5609999999942,8488
39.5609999999942,8660
39.5609999999942,9620
39.5609999999942,10836
39.5609999999942,10734
39.5609999999942,11240
39.5609999999942,10502
39.5609999999942,9856
39.6080000000002,8470
39.6080000000002,8696
39.6080000000002,9136
39.6080000000002,9928
39.6080000000002,10308
39.6080000000002,9454
39.6080000000002,8696
39.6080000000002,8334
39.6080000000002,9466
39.6549999999988,10454
39.6549999999988,10686
39.6549999999988,10952
39.6549999999988,11138
39.6549999999988,9972
39.6549999999988,9228
39.6549999999988,8628
39.6549999999988,9310
39.6549999999988,9928
39.7029999999941,9774
39.7029999999941,10296
39.7029999999941,9572
39.7029999999941,7838
39.7029999999941,8304
39.7029999999941,9584
39.7029999999941,10788
39.7029999999941,10726
39.7029999999941,11240
39.75,10526
39.75,9876
39.75,8324
39.75,8022
39.75,9168
39.75,10096
39.75,9982
39.75,9720
39.75,9136
39.75,8608
39.7969999999987,9506
39.7969999999987,10244
39.7969999999987,10660
39.7969999999987,10752
39.7969999999987,11188
39.7969999999987,9942
39.7969999999987,9168
39.7969999999987,8592
39.7969999999987,9310
39.8439999999973,9910
39.8439999999973,9720
39.8439999999973,10308
39.8439999999973,9546
39.8439999999973,7972
39.8439999999973,7946
39.8439999999973,9526
39.8439999999973,10650
39.8439999999973,10696
39.8439999999973,11216
39.8919999999998,10584
39.8919999999998,9932
39.8919999999998,8078
39.8919999999998,8212
39.8919999999998,9140
39.8919999999998,9946
39.8919999999998,10266
39.8919999999998,9548
39.9389999999985,8868
39.9389999999985,8606
39.9389999999985,9296
39.9389999999985,9962
39.9389999999985,10644
39.9389999999985,10718
39.9389999999985,11148
39.9389999999985,9958
39.9389999999985,9204
39.9389999999985,8596
39.9859999999971,9320
39.9859999999971,9906
39.9859999999971,9738
39.9859999999971,10128
39.9859999999971,9520
39.9859999999971,7770
39.9859999999971,8736
39.9859999999971,9628
39.9859999999971,10644
40.0329999999958,10706
40.0329999999958,11236
40.0329999999958,10666
40.0329999999958,10014
40.0329999999958,8216
40.0329999999958,7966
40.0329999999958,9166
40.0329999999958,9882
40.0329999999958,10178
40.0329999999958,9656
40.0809999999983,9044
40.0809999999983,8530
40.0809999999983,9500
40.0809999999983,10302
40.0809999999983,10672
40.0809999999983,10734
40.0809999999983,11118
40.0809999999983,9804
40.0809999999983,9008
40.127999999997,8478
40.127999999997,9276
40.127999999997,9778
40.127999999997,9756
40.127999999997,10352
40.127999999997,9578
40.127999999997,7862
40.127999999997,7966
40.127999999997,9566
40.1759999999995,10716
40.1759999999995,10716
40.1759999999995,11236
40.1759999999995,10544
40.1759999999995,9900
40.1759999999995,8186
40.1759999999995,8500
40.1759999999995,9136
40.1759999999995,10020
40.1759999999995,9854
40.2229999999981,9768
40.2229999999981,9212
40.2229999999981,8660
40.2229999999981,9444
40.2229999999981,10148
40.2229999999981,10666
40.2229999999981,10744
40.2229999999981,11170
