25.3819999999978,9874
25.3819999999978,10276
25.4289999999964,9522
25.4289999999964,8886
25.4289999999964,7186
25.4289999999964,7228
25.4289999999964,8300
25.4289999999964,8958
25.4289999999964,8740
25.4289999999964,9330
25.4289999999964,8460
25.4289999999964,6848
25.4759999999951,7012
25.4759999999951,8576
25.4759999999951,9574
25.4759999999951,9732
25.4759999999951,9922
25.4759999999951,10198
25.4759999999951,9244
25.4759999999951,8824
25.5239999999976,7124
25.5239999999976,7038
25.5239999999976,8198
25.5239999999976,8910
25.5239999999976,8704
25.5239999999976,8904
25.5239999999976,8362
25.5239999999976,7278
25.5239999999976,7992
25.5239999999976,8658
25.5709999999963,9598
25.5709999999963,9742
25.5709999999963,10112
25.5709999999963,10218
25.5709999999963,9218
25.5709999999963,8586
25.5709999999963,7808
25.5709999999963,7988
25.5709999999963,8186
25.6179999999949,8894
25.6179999999949,9276
25.6179999999949,8638
25.6179999999949,8054
25.6179999999949,7648
25.6179999999949,8320
25.6179999999949,8648
25.6179999999949,9742
25.6179999999949,9788
25.6179999999949,10256
25.6650000000009,9830
25.6650000000009,8932
25.6650000000009,8244
25.6650000000009,7782
25.6650000000009,8278
25.6650000000009,8588
25.6650000000009,8804
25.6650000000009,9316
25.6650000000009,8334
25.6650000000009,7478
25.7129999999961,7672
25.7129999999961,8376
25.7129999999961,8792
25.7129999999961,9598
25.7129999999961,9830
25.7129999999961,10292
25.7129999999961,9802
25.7129999999961,8920
25.7129999999961,7818
25.7599999999948,7446
25.7599999999948,8356
25.7599999999948,8880
25.7599999999948,8788
25.7599999999948,9348
25.7599999999948,8432
25.7599999999948,7628
25.7599999999948,7390
25.7599999999948,8602
25.8070000000007,8936
25.8070000000007,9660
25.8070000000007,9850
25.8070000000007,10312
25.8070000000007,9692
25.8070000000007,8998
25.8070000000007,7474
25.8070000000007,7218
25.8070000000007,8418
25.8539999999994,8840
25.8539999999994,8818
25.8539999999994,9326
25.8539999999994,8162
25.8539999999994,7298
25.8539999999994,7164
25.8539999999994,8504
25.8539999999994,9322
25.8539999999994,9720
25.8539999999994,9886
25.900999999998,10286
25.900999999998,9574
25.900999999998,8922
25.900999999998,7612
25.900999999998,7300
25.900999999998,8320
25.900999999998,8950
25.900999999998,8760
25.900999999998,9366
25.9479999999967,8524
25.9479999999967,7026
25.9479999999967,7092
25.9479999999967,8568
25.9479999999967,9496
25.9479999999967,9756
25.9479999999967,9902
25.9479999999967,10338
25.9479999999967,9720
25.9479999999967,9014
25.9949999999953,7554
25.9949999999953,7294
25.9949999999953,8326
25.9949999999953,8958
25.9949999999953,8768
25.9949999999953,9368
25.9949999999953,8520
25.9949999999953,6970
26.0420000000013,7182
26.0420000000013,8470
26.0420000000013,9250
26.0420000000013,9728
26.0420000000013,9902
26.0420000000013,10338
26.0420000000013,9690
26.0420000000013,9012
26.0420000000013,7474
26.0420000000013,7236
26.0899999999965,8306
26.0899999999965,8976
26.0899999999965,8760
26.0899999999965,9316
26.0899999999965,8188
26.0899999999965,7222
26.0899999999965,7118
26.0899999999965,8552
26.0899999999965,9394
26.1369999999952,9766
26.1369999999952,9942
26.1369999999952,10348
26.1369999999952,9690
26.1369999999952,9012
26.1369999999952,7484
26.1369999999952,7248
26.1369999999952,8402
26.1369999999952,8814
26.1369999999952,8768
26.1840000000011,9312
26.1840000000011,8252
26.1840000000011,7170
26.1840000000011,7100
26.1840000000011,8506
26.1840000000011,9438
26.1840000000011,9736
26.1840000000011,9902
26.1840000000011,10290
26.2319999999963,9546
26.2319999999963,8998
26.2319999999963,7570
26.2319999999963,7278
26.2319999999963,8310
26.2319999999963,8932
26.2319999999963,8726
26.2319999999963,9312
26.2319999999963,8438
26.2319999999963,6836
26.278999999995,6980
26.278999999995,8560
26.278999999995,9428
26.278999999995,9722
26.278999999995,9900
26.278999999995,10292
26.278999999995,9548
26.278999999995,8906
26.3260000000009,7216
26.3260000000009,7072
26.3260000000009,8208
26.3260000000009,8978
26.3260000000009,8684
26.3260000000009,8952
26.3260000000009,8396
26.3260000000009,6858
26.3260000000009,7006
26.3260000000009,8572
26.3729999999996,9574
26.3729999999996,9736
26.3729999999996,9850
26.3729999999996,10220
26.3729999999996,9310
26.3729999999996,8788
26.3729999999996,7716
26.3729999999996,7786
26.3729999999996,8126
26.4199999999983,8878
26.4199999999983,9178
26.4199999999983,8900
26.4199999999983,8350
26.4199999999983,7202
26.4199999999983,7962
26.4199999999983,8642
26.4199999999983,9720
26.4199999999983,9774
26.4199999999983,10246
26.4660000000003,9860
26.4660000000003,8936
26.4660000000003,8270
26.4660000000003,7838
26.4660000000003,8232
26.4660000000003,8566
26.4660000000003,8834
26.4660000000003,9266
26.4660000000003,8506
26.5139999999956,7838
26.5139999999956,7572
26.5139999999956,8468
26.5139999999956,8798
26.5139999999956,9604
26.5139999999956,9808
26.5139999999956,10276
26.5139999999956,9654
26.5139999999956,8982
26.5610000000015,7422
26.5610000000015,7494
26.5610000000015,8360
26.5610000000015,8824
26.5610000000015,8704
26.5610000000015,9296
26.5610000000015,8454
26.5610000000015,6996
26.5610000000015,7038
26.6080000000002,8530
26.6080000000002,9496
26.6080000000002,9722
26.6080000000002,9876
26.6080000000002,10296
26.6080000000002,9612
26.6080000000002,8962
26.6080000000002,7324
26.6080000000002,7128
26.6080000000002,8242
26.6549999999988,9028
26.6549999999988,8694
26.6549999999988,8966
26.6549999999988,8422
26.6549999999988,6812
26.6549999999988,7052
26.6549999999988,8526
26.6549999999988,9490
26.6549999999988,9712
26.7030000000013,9844
26.7030000000013,10244
26.7030000000013,9384
26.7030000000013,8788
26.7030000000013,7500
26.7030000000013,7580
26.7030000000013,8176
26.7030000000013,8930
26.7030000000013,9004
26.7030000000013,8982
26.75,8432
26.75,6822
26.75,7622
26.75,8632
26.75,9638
26.75,9774
26.75,10218
26.75,10244
26.75,9230
26.7969999999987,8612
26.7969999999987,7808
26.7969999999987,7998
26.7969999999987,8212
26.7969999999987,8920
26.7969999999987,8726
26.7969999999987,8932
26.7969999999987,8372
26.7969999999987,7170
26.8439999999973,7956
26.8439999999973,8664
26.8439999999973,9702
26.8439999999973,9792
26.8439999999973,10234
26.8439999999973,10204
26.8439999999973,9064
26.8439999999973,8438
26.8439999999973,7858
26.8919999999998,7828
26.8919999999998,8180
26.8919999999998,8930
26.8919999999998,9148
26.8919999999998,8776
26.8919999999998,8218
26.8919999999998,7562
26.8919999999998,8176
26.8919999999998,8746
26.8919999999998,9856
26.9389999999985,9808
26.9389999999985,10198
26.9389999999985,10224
26.9389999999985,9080
26.9389999999985,8460
26.9389999999985,7854
26.9389999999985,8124
26.9389999999985,8166
26.9389999999985,8858
26.9859999999971,9320
26.9859999999971,8524
26.9859999999971,7822
26.9859999999971,7580
26.9859999999971,8500
26.9859999999971,8850
26.9859999999971,9584
26.9859999999971,9834
26.9859999999971,10296
26.9859999999971,9890
27.0329999999958,8992
27.0329999999958,8324
27.0329999999958,7874
27.0329999999958,8198
27.0329999999958,8396
27.0329999999958,8828
27.0329999999958,9316
27.0329999999958,8402
27.0329999999958,7608
27.0799999999945,7340
27.0799999999945,8270
27.0799999999945,8756
27.0799999999945,9676
27.0799999999945,9804
27.0799999999945,10256
27.0799999999945,9762
27.0799999999945,8966
27.0799999999945,7700
27.1270000000004,7354
27.1270000000004,8304
27.1270000000004,8916
27.1270000000004,8766
27.1270000000004,9346
27.1270000000004,8480
27.1270000000004,7494
27.1270000000004,7272
27.1270000000004,8460
27.1739999999991,9068
27.1739999999991,9692
27.1739999999991,9876
27.1739999999991,10296
27.1739999999991,9624
27.1739999999991,8958
27.1739999999991,7350
27.1739999999991,7118
27.1739999999991,8258
27.1739999999991,8890
27.2209999999977,8756
27.2209999999977,9332
27.2209999999977,8470
27.2209999999977,7022
27.2209999999977,7068
27.2209999999977,8542
27.2209999999977,9486
27.2209999999977,9728
27.2209999999977,9882
27.2679999999964,10270
27.2679999999964,9460
27.2679999999964,8818
27.2679999999964,7166
27.2679999999964,7146
27.2679999999964,8248
27.2679999999964,9002
27.2679999999964,8706
27.2679999999964,8988
27.2679999999964,8418
27.3159999999989,6806
27.3159999999989,7372
27.3159999999989,8638
27.3159999999989,9620
27.3159999999989,9762
27.3159999999989,9870
27.3159999999989,10244
27.3159999999989,9404
27.3159999999989,8792
27.3629999999976,7318
27.3629999999976,7356
27.3629999999976,8162
27.3629999999976,8920
27.3629999999976,8952
27.3629999999976,8818
27.3629999999976,8284
27.3629999999976,7514
27.3629999999976,8120
27.4099999999962,8644
27.4099999999962,9630
27.4099999999962,9768
27.4099999999962,10184
27.4099999999962,10224
27.4099999999962,9176
27.4099999999962,8546
27.4099999999962,7852
27.4099999999962,8022
27.4099999999962,8160
27.4569999999949,8858
27.4569999999949,9294
27.4569999999949,8566
27.4569999999949,7924
27.4569999999949,7474
27.4569999999949,8078
27.4569999999949,8710
27.4569999999949,9788
27.4569999999949,9804
27.5049999999974,10272
27.5049999999974,9738
27.5049999999974,8904
27.5049999999974,8202
27.5049999999974,7756
27.5049999999974,8288
27.5049999999974,8654
27.5049999999974,8792
27.5049999999974,9284
27.5049999999974,8536
27.551999999996,7868
27.551999999996,7618
27.551999999996,8460
27.551999999996,8812
27.551999999996,9574
27.551999999996,9824
27.551999999996,10276
27.551999999996,9680
27.551999999996,8988
27.5989999999947,7488
27.5989999999947,7232
27.5989999999947,8392
27.5989999999947,8840
27.5989999999947,8798
27.5989999999947,9322
27.5989999999947,8162
27.5989999999947,7278
27.5989999999947,7128
27.6460000000006,8526
27.6460000000006,9346
27.6460000000006,9692
27.6460000000006,9874
27.6460000000006,10270
27.6460000000006,9516
27.6460000000006,9002
27.6460000000006,7494
27.6460000000006,7238
27.6939999999959,8320
27.6939999999959,8988
27.6939999999959,8786
27.6939999999959,9362
27.6939999999959,8490
27.6939999999959,6914
27.6939999999959,7028
27.6939999999959,8588
27.6939999999959,9548
27.6939999999959,9710
27.7409999999945,9896
27.7409999999945,10300
27.7409999999945,9614
27.7409999999945,8958
27.7409999999945,7314
27.7409999999945,7120
27.7409999999945,8244
27.7409999999945,9054
27.7409999999945,8746
27.7880000000005,8982
27.7880000000005,8434
27.7880000000005,6812
27.7880000000005,7032
27.7880000000005,8546
27.7880000000005,9494
27.7880000000005,9726
27.7880000000005,9864
27.7880000000005,10246
27.7880000000005,9392
27.8349999999991,8792
27.8349999999991,7344
27.8349999999991,7454
27.8349999999991,8182
27.8349999999991,8950
27.8349999999991,8946
27.8349999999991,8880
27.8349999999991,8460
27.8349999999991,6822
27.8819999999978,7268
27.8819999999978,8650
27.8819999999978,9624
27.8819999999978,9772
27.8819999999978,10010
27.8819999999978,10240
27.8819999999978,9316
27.8819999999978,8798
27.8819999999978,7726
27.9289999999964,7826
27.9289999999964,8182
27.9289999999964,9018
27.9289999999964,8752
27.9289999999964,8994
27.9289999999964,8432
27.9289999999964,6816
27.9289999999964,7740
27.9289999999964,8628
27.976999999999,9634
27.976999999999,9746
27.976999999999,10188
27.976999999999,10208
27.976999999999,9064
27.976999999999,8434
27.976999999999,7872
27.976999999999,8116
27.976999999999,8152
27.976999999999,8916
28.0239999999976,9172
28.0239999999976,8730
28.0239999999976,8166
28.0239999999976,7560
28.0239999999976,8202
28.0239999999976,8756
28.0239999999976,9846
28.0239999999976,9820
28.0239999999976,10280
28.0709999999963,9804
28.0709999999963,8834
28.0709999999963,8382
28.0709999999963,7884
28.0709999999963,8156
28.0709999999963,8252
28.0709999999963,8802
28.0709999999963,9286
28.0709999999963,8386
28.0709999999963,7582
28.1179999999949,7336
28.1179999999949,8536
28.1179999999949,8838
28.1179999999949,9670
28.1179999999949,9882
28.1179999999949,10308
28.1179999999949,9828
28.1179999999949,8822
28.1179999999949,8058
28.163999999997,7556
28.163999999997,8412
28.163999999997,8786
28.163999999997,8804
28.163999999997,9300
28.163999999997,8146
28.163999999997,7314
28.163999999997,7160
28.163999999997,8506
28.2119999999995,9306
28.2119999999995,9598
28.2119999999995,9850
28.2119999999995,10302
28.2119999999995,9782
28.2119999999995,9004
28.2119999999995,7724
28.2119999999995,7380
28.2119999999995,8314
28.2589999999982,8914
28.2589999999982,8776
28.2589999999982,9348
28.2589999999982,8454
28.2589999999982,7074
28.2589999999982,7320
28.2589999999982,8536
28.2589999999982,8958
28.2589999999982,9692
28.2589999999982,9882
28.3059999999969,10322
28.3059999999969,9706
28.3059999999969,9012
28.3059999999969,7530
28.3059999999969,7248
28.3059999999969,8306
28.3059999999969,8966
28.3059999999969,8762
28.3059999999969,9346
28.3529999999955,8142
28.3529999999955,7292
28.3529999999955,7134
28.3529999999955,8514
28.3529999999955,9348
28.3529999999955,9702
28.3529999999955,9876
28.3529999999955,10270
28.3529999999955,9552
28.3529999999955,8894
28.400999999998,7226
28.400999999998,7078
28.400999999998,8324
28.400999999998,8968
28.400999999998,8778
28.400999999998,9358
28.400999999998,8514
28.400999999998,6980
28.4479999999967,7046
28.4479999999967,8568
28.4479999999967,9520
28.4479999999967,9742
28.4479999999967,9910
28.4479999999967,10276
28.4479999999967,9490
28.4479999999967,8844
28.4479999999967,7160
28.4479999999967,7202
28.4949999999953,8290
28.4949999999953,8988
28.4949999999953,8760
28.4949999999953,9270
28.4949999999953,8444
28.4949999999953,6838
28.4949999999953,7000
28.4949999999953,8576
28.4949999999953,9584
28.5420000000013,9746
28.5420000000013,9906
28.5420000000013,10266
28.5420000000013,9510
28.5420000000013,8864
28.5420000000013,7176
28.5420000000013,7056
28.5420000000013,8228
28.5420000000013,8966
28.5420000000013,8742
28.5889999999999,8986
28.5889999999999,8432
28.5889999999999,6806
28.5889999999999,7766
28.5889999999999,8562
28.5889999999999,9556
28.5889999999999,9742
28.5889999999999,9874
28.5889999999999,10254
28.6359999999986,9394
28.6359999999986,8788
28.6359999999986,7380
28.6359999999986,7464
28.6359999999986,8182
28.6359999999986,8936
28.6359999999986,8968
28.6359999999986,8838
28.6359999999986,8310
28.6359999999986,6792
28.6829999999973,7372
28.6829999999973,8612
28.6829999999973,9624
28.6829999999973,9766
28.6829999999973,10164
28.6829999999973,10220
28.6829999999973,9178
28.6829999999973,8546
28.7309999999998,7832
28.7309999999998,8038
28.7309999999998,8160
28.7309999999998,8874
28.7309999999998,9306
28.7309999999998,8868
28.7309999999998,8330
28.7309999999998,7432
28.7309999999998,8028
28.7309999999998,8706
28.7779999999984,9758
28.7779999999984,9820
28.7779999999984,10270
28.7779999999984,10154
28.7779999999984,9050
28.7779999999984,8402
28.7779999999984,7878
28.7779999999984,8146
28.7779999999984,8172
28.7779999999984,8920
28.8260000000009,9182
28.8260000000009,8746
28.8260000000009,8202
28.8260000000009,7560
28.8260000000009,8180
28.8260000000009,8710
28.8260000000009,9824
28.8260000000009,9784
28.8260000000009,10254
28.8729999999996,9794
28.8729999999996,8840
28.8729999999996,7852
28.8729999999996,7482
28.8729999999996,8146
28.8729999999996,8342
28.8729999999996,8796
28.8729999999996,9280
28.8729999999996,8340
28.8729999999996,7536
28.9219999999987,7258
28.9219999999987,8514
28.9219999999987,8914
28.9219999999987,9674
28.9219999999987,9854
28.9219999999987,10290
28.9219999999987,9650
28.9219999999987,8894
28.9219999999987,7828
28.9689999999973,7472
28.9689999999973,8352
28.9689999999973,8850
28.9689999999973,8768
28.9689999999973,9320
28.9689999999973,8360
28.9689999999973,7100
28.9689999999973,7048
28.9689999999973,8536
29.0169999999998,8828
29.0169999999998,9666
29.0169999999998,9856
29.0169999999998,10286
29.0169999999998,9648
29.0169999999998,8976
29.0169999999998,7396
29.0169999999998,7182
29.0169999999998,8290
29.0169999999998,8992
29.0639999999985,8768
29.0639999999985,9266
29.0639999999985,8458
29.0639999999985,6852
29.0639999999985,7094
29.0639999999985,8516
29.0639999999985,9408
29.0639999999985,9726
29.0639999999985,9900
29.1109999999971,10290
29.1109999999971,9568
29.1109999999971,8916
29.1109999999971,7262
29.1109999999971,7114
29.1109999999971,8254
29.1109999999971,9096
29.1109999999971,8742
29.1109999999971,9332
29.1109999999971,8506
29.1579999999958,6954
29.1579999999958,7058
29.1579999999958,8572
29.1579999999958,9510
29.1579999999958,9756
29.1579999999958,9928
29.1579999999958,10316
29.1579999999958,9574
29.2059999999983,8920
29.2059999999983,7264
29.2059999999983,7104
29.2059999999983,8320
29.2059999999983,8932
29.2059999999983,8772
29.2059999999983,9342
29.2059999999983,8504
29.2059999999983,6954
29.2059999999983,7022
29.252999999997,8524
29.252999999997,9516
29.252999999997,9732
29.252999999997,9876
29.252999999997,10286
29.252999999997,9608
29.252999999997,8950
29.252999999997,7324
29.252999999997,7128
29.252999999997,8260
29.3009999999995,9040
29.3009999999995,8760
29.3009999999995,9070
29.3009999999995,8454
29.3009999999995,6812
29.3009999999995,7068
29.3009999999995,8596
29.3009999999995,9464
29.3009999999995,9732
29.3479999999981,9902
29.3479999999981,10280
29.3479999999981,9532
29.3479999999981,8894
29.3479999999981,7226
29.3479999999981,7082
29.3479999999981,8228
29.3479999999981,9024
29.3479999999981,8736
29.3479999999981,8982
29.3949999999968,8414
29.3949999999968,6792
29.3949999999968,7046
29.3949999999968,8596
29.3949999999968,9538
29.3949999999968,9758
29.3949999999968,9920
29.3949999999968,10286
29.3949999999968,9510
29.4419999999955,8870
29.4419999999955,7206
29.4419999999955,7074
29.4419999999955,8186
29.4419999999955,8914
29.4419999999955,8720
29.4419999999955,9208
29.4419999999955,8414
29.4419999999955,6812
29.4890000000014,7016
29.4890000000014,8602
29.4890000000014,9584
29.4890000000014,9742
29.4890000000014,9900
29.4890000000014,10210
29.4890000000014,9274
29.4890000000014,8714
29.4890000000014,7762
29.5369999999966,7878
29.5369999999966,8202
29.5369999999966,8950
29.5369999999966,8710
29.5369999999966,8952
29.5369999999966,8398
29.5369999999966,6898
29.5369999999966,7848
29.5369999999966,8650
29.5369999999966,9654
29.5839999999953,9782
29.5839999999953,10210
29.5839999999953,10246
29.5839999999953,9204
29.5839999999953,8798
29.5839999999953,7200
29.5839999999953,7186
29.5839999999953,8192
29.5839999999953,8884
29.6319999999978,8752
29.6319999999978,8886
29.6319999999978,8346
29.6319999999978,7330
29.6319999999978,7960
29.6319999999978,8654
29.6319999999978,9716
29.6319999999978,9788
29.6319999999978,9998
29.6319999999978,10228
29.6789999999964,9274
29.6789999999964,8704
29.6789999999964,7766
29.6789999999964,7910
29.6789999999964,8172
29.6789999999964,8920
29.6789999999964,9202
29.6789999999964,8746
29.6789999999964,8188
29.7259999999951,7582
29.7259999999951,8192
29.7259999999951,8624
29.7259999999951,9640
29.7259999999951,9766
29.7259999999951,10178
29.7259999999951,10188
29.7259999999951,9070
29.7259999999951,8432
29.773000000001,7848
29.773000000001,8130
29.773000000001,8176
29.773000000001,8870
29.773000000001,9320
29.773000000001,8556
29.773000000001,8290
29.773000000001,7504
29.773000000001,8106
29.773000000001,8714
29.8209999999963,9784
29.8209999999963,9804
29.8209999999963,10266
29.8209999999963,9774
29.8209999999963,8926
29.8209999999963,8224
29.8209999999963,7822
29.8209999999963,8238
29.8209999999963,8596
29.8679999999949,8834
29.8679999999949,9312
29.8679999999949,8654
29.8679999999949,8062
29.8679999999949,7638
29.8679999999949,8304
29.8679999999949,8792
29.8679999999949,9690
29.8679999999949,9828
29.8679999999949,10286
29.9150000000009,9818
29.9150000000009,8814
29.9150000000009,7962
29.9150000000009,7536
29.9150000000009,8448
29.9150000000009,8840
29.9150000000009,8878
29.9150000000009,9330
29.9629999999961,8552
29.9629999999961,7878
29.9629999999961,7668
29.9629999999961,8438
29.9629999999961,8824
29.9629999999961,9526
29.9629999999961,9844
29.9629999999961,10282
29.9629999999961,9788
29.9629999999961,8930
30.0109999999986,7816
30.0109999999986,7442
30.0109999999986,8208
30.0109999999986,8418
30.0109999999986,8878
30.0109999999986,9340
30.0109999999986,8520
30.0109999999986,7796
30.0109999999986,7586
30.0109999999986,8510
30.0590000000011,8824
30.0590000000011,9578
30.0590000000011,9850
30.0590000000011,10296
30.0590000000011,9778
30.0590000000011,8942
30.0590000000011,8254
30.0590000000011,7848
30.0590000000011,8238
30.1059999999998,8480
30.1059999999998,8868
30.1059999999998,9326
30.1059999999998,8478
30.1059999999998,7724
30.1059999999998,7490
30.1059999999998,8546
30.1059999999998,8736
30.1059999999998,9846
30.1059999999998,9810
30.1529999999984,10280
30.1529999999984,9774
30.1529999999984,8844
30.1529999999984,8114
30.1529999999984,7642
30.1529999999984,8340
30.1529999999984,8726
30.1529999999984,8802
30.1529999999984,9284
30.2010000000009,8198
30.2010000000009,7356
30.2010000000009,7642
30.2010000000009,8418
30.2010000000009,8822
30.2010000000009,9516
30.2010000000009,9824
30.2010000000009,10260
30.2010000000009,9748
30.2479999999996,8962
30.2479999999996,7710
30.2479999999996,7372
30.2479999999996,8274
30.2479999999996,8878
30.2479999999996,8762
30.2479999999996,9280
30.2479999999996,8264
30.2479999999996,7418
30.2959999999948,7200
30.2959999999948,8460
30.2959999999948,9038
30.2959999999948,9670
30.2959999999948,9860
30.2959999999948,10286
30.2959999999948,9638
30.2959999999948,8966
30.2959999999948,7400
30.2959999999948,7464
30.3430000000008,8340
30.3430000000008,8848
30.3430000000008,8776
30.3430000000008,9300
30.3430000000008,8326
30.3430000000008,7104
30.3430000000008,7046
30.3430000000008,8516
30.3430000000008,9424
30.3430000000008,9706
30.3899999999994,9874
30.3899999999994,10254
30.3899999999994,9506
30.3899999999994,8978
30.3899999999994,7498
30.3899999999994,7252
30.3899999999994,8264
30.3899999999994,8922
30.3899999999994,8714
30.4369999999981,9192
30.4369999999981,8414
30.4369999999981,6800
30.4369999999981,6996
30.4369999999981,8516
30.4369999999981,9420
30.4369999999981,9696
30.4369999999981,9850
30.4369999999981,10230
30.4839999999967,9444
30.4839999999967,8792
30.4839999999967,7120
30.4839999999967,7088
30.4839999999967,8180
30.4839999999967,8884
30.4839999999967,8730
30.4839999999967,8860
30.4839999999967,8340
30.5309999999954,6802
30.5309999999954,7092
30.5309999999954,8592
30.5309999999954,9566
30.5309999999954,9732
30.5309999999954,10070
30.5309999999954,10208
30.5309999999954,9228
30.5309999999954,8602
30.5780000000013,7792
30.5780000000013,7946
30.5780000000013,8176
30.5780000000013,8910
30.5780000000013,9224
30.5780000000013,8910
30.5780000000013,8370
30.5780000000013,7046
30.5780000000013,7900
30.5780000000013,8660
30.625,9680
30.625,9792
30.625,10178
30.625,10234
30.625,9186
30.625,8540
30.625,7838
30.625,8016
30.625,8188
30.625,8914
30.6719999999987,8788
30.6719999999987,8874
30.6719999999987,8346
30.6719999999987,7324
30.6719999999987,7972
30.6719999999987,8668
30.6719999999987,9720
30.6719999999987,9794
30.6719999999987,10234
30.7200000000012,10162
30.7200000000012,9034
30.7200000000012,8378
30.7200000000012,7730
30.7200000000012,7848
30.7200000000012,8166
30.7200000000012,8922
30.7200000000012,9158
30.7200000000012,8752
30.7669999999998,8208
30.7669999999998,7536
30.7669999999998,8166
30.7669999999998,8742
30.7669999999998,9828
30.7669999999998,9772
30.7669999999998,10136
30.7669999999998,10214
30.7669999999998,9204
30.8139999999985,8556
30.8139999999985,7822
30.8139999999985,7972
30.8139999999985,8192
30.8139999999985,8906
30.8139999999985,9240
30.8139999999985,8690
30.8139999999985,8120
30.8139999999985,7570
30.8139999999985,8234
30.8609999999971,8750
30.8609999999971,9670
30.8609999999971,9766
30.8609999999971,10214
30.8609999999971,10182
30.8609999999971,9050
30.8609999999971,8396
30.8609999999971,7858
30.8609999999971,8104
30.9089999999997,8150
30.9089999999997,8834
30.9089999999997,9284
30.9089999999997,8480
30.9089999999997,7746
30.9089999999997,7526
30.9089999999997,8160
30.9089999999997,8720
30.9089999999997,9810
30.9089999999997,9788
30.9559999999983,10266
30.9559999999983,9736
30.9559999999983,8844
30.9559999999983,8116
30.9559999999983,7652
30.9559999999983,8326
30.9559999999983,8706
30.9559999999983,8824
31.002999999997,9320
31.002999999997,8362
31.002999999997,7524
31.002999999997,7642
31.002999999997,8300
31.002999999997,8776
31.002999999997,9758
31.002999999997,9830
31.002999999997,10316
31.002999999997,9784
31.0499999999956,8916
31.0499999999956,8198
31.0499999999956,7782
31.0499999999956,8280
31.0499999999956,8562
31.0499999999956,8828
31.0499999999956,9264
31.0499999999956,8664
31.0499999999956,8094
31.0979999999981,7622
31.0979999999981,8264
31.0979999999981,8766
31.0979999999981,9808
31.0979999999981,9814
31.0979999999981,10286
31.0979999999981,9788
31.0979999999981,8840
31.0979999999981,8110
31.0979999999981,7664
31.1449999999968,8078
31.1449999999968,8150
31.1449999999968,8858
31.1449999999968,9290
31.1449999999968,8560
31.1449999999968,7898
31.1449999999968,7668
31.1449999999968,8388
31.1449999999968,8814
31.1919999999955,9532
31.1919999999955,9838
31.1919999999955,10286
31.1919999999955,9810
31.1919999999955,9028
31.1919999999955,8378
31.1919999999955,7868
31.1919999999955,8120
31.1919999999955,8166
31.2390000000014,8832
31.2390000000014,9276
31.2390000000014,8442
31.2390000000014,7688
31.2390000000014,7446
31.2390000000014,8560
31.2390000000014,8808
31.2390000000014,9612
31.2390000000014,9794
31.2860000000001,10280
31.2860000000001,9784
31.2860000000001,8814
31.2860000000001,8062
31.2860000000001,7586
31.2860000000001,8378
31.2860000000001,8760
31.2860000000001,8802
31.2860000000001,9270
31.2860000000001,8150
31.3329999999987,7330
31.3329999999987,7156
31.3329999999987,8452
31.3329999999987,8828
31.3329999999987,9568
31.3329999999987,9838
31.3329999999987,10270
31.3329999999987,9766
31.3329999999987,8968
31.3810000000012,7754
31.3810000000012,7412
31.3810000000012,8310
31.3810000000012,8878
31.3810000000012,8778
31.3810000000012,9316
31.3810000000012,8378
31.3810000000012,7546
31.3810000000012,7318
31.3810000000012,8532
31.4279999999999,8850
31.4279999999999,9650
31.4279999999999,9838
31.4279999999999,10276
31.4279999999999,9648
31.4279999999999,8972
31.4279999999999,7438
31.4279999999999,7200
31.4279999999999,8376
31.4279999999999,8824
31.4749999999985,8762
31.4749999999985,9290
31.4749999999985,8252
31.4749999999985,7120
31.4749999999985,7082
31.4749999999985,8542
31.4749999999985,9384
31.4749999999985,9710
31.5219999999972,9882
31.5219999999972,10280
31.5219999999972,9594
31.5219999999972,8936
31.5219999999972,7710
31.5219999999972,7376
31.5219999999972,8278
31.5219999999972,8880
31.5219999999972,8750
31.5219999999972,9300
31.5689999999959,8470
31.5689999999959,6966
31.5689999999959,7058
31.5689999999959,8536
31.5689999999959,9464
31.5689999999959,9692
31.5689999999959,9830
31.5689999999959,10254
31.5689999999959,9582
31.6169999999984,8936
31.6169999999984,7308
31.6169999999984,7124
31.6169999999984,8238
31.6169999999984,9022
31.6169999999984,8710
31.6169999999984,8932
31.6169999999984,8412
31.6169999999984,6776
31.6169999999984,7452
31.663999999997,8540
31.663999999997,9466
31.663999999997,9692
31.663999999997,9804
31.663999999997,10194
31.663999999997,9320
31.663999999997,8760
31.663999999997,7596
31.663999999997,7720
31.7109999999957,8162
31.7109999999957,8914
31.7109999999957,9096
31.7109999999957,8760
31.7109999999957,8232
31.7109999999957,7526
31.7109999999957,7760
31.7109999999957,8632
31.7109999999957,9628
31.7580000000016,9752
31.7580000000016,10158
31.7580000000016,10204
31.7580000000016,9132
31.7580000000016,8490
31.7580000000016,7858
31.7580000000016,8054
31.7580000000016,8166
31.7580000000016,8878
31.8059999999969,8916
31.8059999999969,8850
31.8059999999969,8324
31.8059999999969,7418
31.8059999999969,8026
31.8059999999969,8694
31.8059999999969,9736
31.8059999999969,9784
31.8059999999969,10230
31.8059999999969,9956
31.8529999999955,8986
31.8529999999955,8310
31.8529999999955,7904
31.8529999999955,8152
31.8529999999955,8186
31.8529999999955,8916
31.8529999999955,9212
31.8529999999955,8722
31.8529999999955,8176
31.9000000000015,7566
31.9000000000015,8218
31.9000000000015,8760
31.9000000000015,9846
31.9000000000015,9824
31.9000000000015,10276
31.9000000000015,9712
31.9000000000015,8920
31.9000000000015,8232
31.9000000000015,7844
31.9470000000001,7992
31.9470000000001,8186
31.9470000000001,8886
31.9470000000001,9266
31.9470000000001,8648
31.9470000000001,8054
31.9470000000001,7632
31.9470000000001,8306
31.9470000000001,8768
31.9949999999953,9630
31.9949999999953,9818
31.9949999999953,10272
31.9949999999953,10188
31.9949999999953,9060
31.9949999999953,8398
31.9949999999953,7872
31.9949999999953,8120
31.9949999999953,8156
32.0420000000013,8854
32.0420000000013,9294
32.0420000000013,8500
32.0420000000013,7792
32.0420000000013,7560
32.0420000000013,8506
32.0420000000013,8832
32.0420000000013,9578
32.0420000000013,9814
32.0889999999999,10266
32.0889999999999,9902
32.0889999999999,8998
32.0889999999999,8326
32.0889999999999,7908
32.0889999999999,8152
32.0889999999999,8284
32.0889999999999,8824
32.0889999999999,9280
32.0889999999999,8428
32.1359999999986,7668
32.1359999999986,7386
32.1359999999986,8592
32.1359999999986,8746
32.1359999999986,9828
32.1359999999986,9802
32.1359999999986,10272
32.1359999999986,9788
32.1359999999986,8788
32.1829999999973,8016
32.1829999999973,7540
32.1829999999973,8408
32.1829999999973,8798
32.1829999999973,8802
32.1829999999973,9290
32.1829999999973,8156
32.1829999999973,7838
32.1829999999973,7580
32.1829999999973,8500
32.2309999999998,8824
32.2309999999998,9530
32.2309999999998,9838
32.2309999999998,10270
32.2309999999998,9784
32.2309999999998,8946
32.2309999999998,7806
32.2309999999998,7462
32.2309999999998,8330
32.2779999999984,8850
32.2779999999984,8808
32.2779999999984,9276
32.2779999999984,8342
32.2779999999984,7566
32.2779999999984,7292
32.2779999999984,8552
32.2779999999984,8884
32.2779999999984,9664
32.3249999999971,9864
32.3249999999971,10302
32.3249999999971,9720
32.3249999999971,8988
32.3249999999971,7606
32.3249999999971,7320
32.3249999999971,8376
32.3249999999971,8756
32.3249999999971,8798
32.3249999999971,9284
32.3719999999958,8188
32.3719999999958,7380
32.3719999999958,7174
32.3719999999958,8474
32.3719999999958,9162
32.3719999999958,9674
32.3719999999958,9844
32.3719999999958,10260
32.3719999999958,9588
32.4199999999983,8972
32.4199999999983,7720
32.4199999999983,7390
32.4199999999983,8278
32.4199999999983,8874
32.4199999999983,8740
32.4199999999983,9306
32.4199999999983,8470
32.4199999999983,6982
32.4199999999983,7074
32.4669999999969,8566
32.4669999999969,9476
32.4669999999969,9716
32.4669999999969,9874
32.4669999999969,10312
32.4669999999969,9722
32.4669999999969,9002
32.4669999999969,7562
32.4669999999969,7288
32.5139999999956,8320
32.5139999999956,8932
32.5139999999956,8760
32.5139999999956,9320
32.5139999999956,8488
32.5139999999956,6930
32.5139999999956,7048
32.5139999999956,8468
32.5139999999956,9234
32.5610000000015,9680
32.5610000000015,9856
32.5610000000015,10272
32.5610000000015,9624
32.5610000000015,8956
32.5610000000015,7360
32.5610000000015,7150
32.5610000000015,8252
32.5610000000015,8998
32.6089999999967,8732
32.6089999999967,9306
32.6089999999967,8448
32.6089999999967,7026
32.6089999999967,7074
32.6089999999967,8530
32.6089999999967,9448
32.6089999999967,9692
32.6089999999967,9834
32.6089999999967,10218
32.6559999999954,9408
32.6559999999954,8756
32.6559999999954,7192
32.6559999999954,7124
32.6559999999954,8260
32.6559999999954,9040
32.6559999999954,8750
32.6559999999954,9032
32.6559999999954,8434
32.7039999999979,6828
32.7039999999979,7084
32.7039999999979,8592
32.7039999999979,9548
32.7039999999979,9716
32.7039999999979,10092
32.7039999999979,10178
32.7039999999979,9156
32.7039999999979,8756
32.7039999999979,7264
32.7509999999966,7346
32.7509999999966,8180
32.7509999999966,8926
32.7509999999966,8904
32.7509999999966,8854
32.7509999999966,8320
32.7509999999966,7418
32.7509999999966,8042
32.7509999999966,8690
32.7989999999991,9726
32.7989999999991,9726
32.7989999999991,10100
32.7989999999991,10188
32.7989999999991,9182
32.7989999999991,8536
32.7989999999991,7834
32.7989999999991,7970
32.7989999999991,8166
32.8459999999977,8868
32.8459999999977,9270
32.8459999999977,8618
32.8459999999977,8012
32.8459999999977,7642
32.8459999999977,8356
32.8459999999977,8694
32.8459999999977,9720
32.8459999999977,9792
32.8459999999977,10228
32.8940000000002,10162
32.8940000000002,9038
32.8940000000002,8378
32.8940000000002,7884
32.8940000000002,8142
32.8940000000002,8180
32.8940000000002,8850
32.8940000000002,9286
32.8940000000002,8490
32.9409999999989,7782
32.9409999999989,7544
32.9409999999989,8152
32.9409999999989,8726
32.9409999999989,9828
32.9409999999989,9802
32.9409999999989,10280
32.9409999999989,9772
32.9409999999989,8822
32.9409999999989,8080
32.9879999999976,7618
32.9879999999976,8362
32.9879999999976,8756
32.9879999999976,8798
32.9879999999976,9284
32.9879999999976,8540
32.9879999999976,7884
32.9879999999976,7628
32.9879999999976,8454
33.0349999999962,8838
33.0349999999962,9526
33.0349999999962,9854
33.0349999999962,10282
33.0349999999962,9810
33.0349999999962,8848
33.0349999999962,7944
33.0349999999962,7524
33.0349999999962,8124
33.0829999999987,8198
33.0829999999987,8838
33.0829999999987,9286
33.0829999999987,8470
33.0829999999987,7756
33.0829999999987,7494
33.0829999999987,8546
33.0829999999987,8828
33.0829999999987,9628
33.1290000000008,9850
33.1290000000008,10280
33.1290000000008,9758
33.1290000000008,8978
33.1290000000008,8198
33.1290000000008,7812
33.1290000000008,8258
33.1290000000008,8622
33.1290000000008,8838
33.1290000000008,9312
33.176999999996,8386
33.176999999996,7628
33.176999999996,7340
33.176999999996,8560
33.176999999996,8874
33.176999999996,9666
33.176999999996,9840
33.176999999996,10292
33.176999999996,9766
33.2239999999947,8860
33.2239999999947,8146
33.2239999999947,7730
33.2239999999947,8314
33.2239999999947,8690
33.2239999999947,8838
33.2239999999947,9316
33.2239999999947,8370
33.2239999999947,7616
33.2239999999947,7346
33.2710000000006,8576
33.2710000000006,8796
33.2710000000006,9810
33.2710000000006,9840
33.2710000000006,10296
33.2710000000006,9720
33.2710000000006,8894
33.2710000000006,8186
33.2710000000006,7798
33.3189999999959,8270
33.3189999999959,8624
33.3189999999959,8808
33.3189999999959,9296
33.3189999999959,8320
33.3189999999959,7544
33.3189999999959,7304
33.3189999999959,8356
33.3189999999959,8788
33.3659999999945,9572
33.3659999999945,9820
33.3659999999945,10254
33.3659999999945,9784
33.3659999999945,8874
33.3659999999945,7872
33.3659999999945,7500
33.3659999999945,8370
33.3659999999945,8834
33.3659999999945,8766
33.4130000000005,9306
33.4130000000005,8274
33.4130000000005,7668
33.4130000000005,7354
33.4130000000005,8586
33.4130000000005,8854
33.4130000000005,9648
33.4130000000005,9844
33.4130000000005,10300
33.4599999999991,9720
33.4599999999991,8978
33.4599999999991,7590
33.4599999999991,7300
33.4599999999991,8304
33.4599999999991,8772
33.4599999999991,8802
33.4599999999991,9280
33.4599999999991,8196
33.4599999999991,7396
33.5069999999978,7202
33.5069999999978,8504
33.5069999999978,9182
33.5069999999978,9696
33.5069999999978,9874
33.5069999999978,10300
33.5069999999978,9684
33.5069999999978,8986
33.5069999999978,7472
33.5539999999964,7526
33.5539999999964,8402
33.5539999999964,8834
33.5539999999964,8812
33.5539999999964,9316
33.5539999999964,8170
33.5539999999964,7346
33.5539999999964,7150
33.5539999999964,8514
33.601999999999,9274
33.601999999999,9676
33.601999999999,9844
33.601999999999,10250
33.601999999999,9710
33.601999999999,8958
33.601999999999,7582
33.601999999999,7292
33.601999999999,8314
33.648000000001,8952
33.648000000001,8786
33.648000000001,9342
33.648000000001,8500
33.648000000001,7038
33.648000000001,7056
33.648000000001,8488
33.648000000001,8972
33.648000000001,9670
33.648000000001,9850
33.6959999999963,10282
33.6959999999963,9674
33.6959999999963,8968
33.6959999999963,7448
33.6959999999963,7218
33.6959999999963,8270
33.6959999999963,8966
33.6959999999963,8722
33.6959999999963,9218
33.7429999999949,8448
33.7429999999949,7156
33.7429999999949,7042
33.7429999999949,8520
33.7429999999949,9392
33.7429999999949,9680
33.7429999999949,9830
33.7429999999949,10220
33.7429999999949,9450
33.7429999999949,8804
33.7909999999974,7136
33.7909999999974,7072
33.7909999999974,8198
33.7909999999974,8986
33.7909999999974,8732
33.7909999999974,9194
33.7909999999974,8444
33.7909999999974,6838
33.7909999999974,7006
33.8379999999961,8592
33.8379999999961,9568
33.8379999999961,9736
33.8379999999961,9864
33.8379999999961,10204
33.8379999999961,9320
33.8379999999961,8772
33.8379999999961,7236
33.8379999999961,7094
33.8859999999986,8238
33.8859999999986,9064
33.8859999999986,8742
33.8859999999986,8978
33.8859999999986,8428
33.8859999999986,6800
33.8859999999986,7622
33.8859999999986,8648
33.8859999999986,9618
33.9329999999973,9766
33.9329999999973,9874
33.9329999999973,10260
33.9329999999973,9470
33.9329999999973,8812
33.9329999999973,7150
33.9329999999973,7108
33.9329999999973,8208
33.9329999999973,8894
33.9329999999973,8750
33.9799999999959,8926
33.9799999999959,8370
33.9799999999959,7038
33.9799999999959,7934
33.9799999999959,8622
33.9799999999959,9574
33.9799999999959,9746
33.9799999999959,9856
33.9799999999959,10234
33.9799999999959,9388
34.0269999999946,8772
34.0269999999946,7354
34.0269999999946,7462
34.0269999999946,8212
34.0269999999946,8956
34.0269999999946,8880
34.0269999999946,8906
34.0269999999946,8464
34.0269999999946,6838
34.0740000000005,7046
34.0740000000005,8614
34.0740000000005,9584
34.0740000000005,9736
34.0740000000005,9988
34.0740000000005,10188
34.0740000000005,9244
34.0740000000005,8628
34.0740000000005,7796
34.1219999999958,7920
34.1219999999958,8188
34.1219999999958,8920
34.1219999999958,8746
34.1219999999958,8956
34.1219999999958,8412
34.1219999999958,6908
34.1219999999958,7880
34.1219999999958,8668
34.1690000000017,9654
34.1690000000017,9768
34.1690000000017,10174
34.1690000000017,10220
34.1690000000017,9090
34.1690000000017,8432
34.1690000000017,7638
34.1690000000017,7750
34.1690000000017,8172
34.1690000000017,8932
34.2169999999969,9126
34.2169999999969,8782
34.2169999999969,8234
34.2169999999969,7524
34.2169999999969,8150
34.2169999999969,8730
34.2169999999969,9808
34.2169999999969,9746
34.2169999999969,10152
34.2639999999956,10210
34.2639999999956,9090
34.2639999999956,8438
34.2639999999956,7862
34.2639999999956,8098
34.2639999999956,8126
34.2639999999956,8832
34.2639999999956,9270
34.2639999999956,8480
34.2639999999956,7790
34.3110000000015,7494
34.3110000000015,8546
34.3110000000015,8726
34.3110000000015,9820
34.3110000000015,9788
34.3110000000015,10260
34.3110000000015,9782
34.3110000000015,8808
34.3110000000015,7924
34.3580000000002,7510
34.3580000000002,8406
34.3580000000002,8840
34.3580000000002,8798
34.3580000000002,9322
34.3580000000002,8160
34.3580000000002,7274
34.3580000000002,7504
34.3580000000002,8546
34.4059999999954,8828
34.4059999999954,9608
34.4059999999954,9820
34.4059999999954,10270
34.4059999999954,9674
34.4059999999954,8978
34.4059999999954,7472
34.4059999999954,7212
34.4059999999954,8284
34.4059999999954,8968
34.4530000000013,8746
34.4530000000013,9286
34.4530000000013,8180
34.4530000000013,7218
34.4530000000013,7100
34.4530000000013,8516
34.4530000000013,9384
34.4530000000013,9700
34.4530000000013,9856
34.5,10246
34.5,9512
34.5,8868
34.5,7200
34.5,7074
34.5,8290
34.5,8956
34.5,8750
34.5,9312
34.5,8464
34.5469999999987,6892
34.5469999999987,7028
34.5469999999987,8588
34.5469999999987,9538
34.5469999999987,9728
34.5469999999987,9844
34.5469999999987,10218
34.5469999999987,9352
34.5469999999987,8904
34.5939999999973,7262
34.5939999999973,7104
34.5939999999973,8248
34.5939999999973,9094
34.5939999999973,8760
34.5939999999973,8994
34.5939999999973,8458
34.5939999999973,6812
34.5939999999973,7308
34.6419999999998,8670
34.6419999999998,9624
34.6419999999998,9738
34.6419999999998,9900
34.6419999999998,10282
34.6419999999998,9562
34.6419999999998,8914
34.6419999999998,7272
34.6419999999998,7118
34.6889999999985,8244
34.6889999999985,9076
34.6889999999985,8736
34.6889999999985,8972
34.6889999999985,8432
34.6889999999985,6800
34.6889999999985,7038
34.6889999999985,8572
34.6889999999985,9494
34.6889999999985,9716
34.7359999999971,9844
34.7359999999971,10218
34.7359999999971,9366
34.7359999999971,8762
34.7359999999971,7426
34.7359999999971,7510
34.7359999999971,8162
34.7359999999971,8914
34.7359999999971,9044
34.7829999999958,8772
34.7829999999958,8418
34.7829999999958,6784
34.7829999999958,7708
34.7829999999958,8638
34.7829999999958,9612
34.7829999999958,9756
34.7829999999958,10154
34.7829999999958,10210
34.7829999999958,9080
34.8299999999945,8438
34.8299999999945,7862
34.8299999999945,8104
34.8299999999945,8142
34.8299999999945,8840
34.8299999999945,9122
34.8299999999945,8760
34.8299999999945,8218
34.877999999997,7546
34.877999999997,8182
34.877999999997,8742
34.877999999997,9828
34.877999999997,9820
34.877999999997,10272
34.877999999997,9746
34.877999999997,8956
34.877999999997,8260
34.877999999997,7916
34.9239999999991,8222
34.9239999999991,8172
34.9239999999991,8880
34.9239999999991,9248
34.9239999999991,8622
34.9239999999991,8044
34.9239999999991,7642
34.9239999999991,8342
34.9239999999991,8786
34.9709999999977,9674
34.9709999999977,9814
34.9709999999977,10250
34.9709999999977,9792
34.9709999999977,8870
34.9709999999977,7864
34.9709999999977,7890
34.9709999999977,8146
34.9709999999977,8284
34.9709999999977,8804
35.0190000000002,9274
35.0190000000002,8396
35.0190000000002,7638
35.0190000000002,7354
35.0190000000002,8618
35.0190000000002,8822
35.0190000000002,9638
35.0190000000002,9834
35.0190000000002,10272
35.0659999999989,9654
35.0659999999989,8840
35.0659999999989,7888
35.0659999999989,7490
35.0659999999989,8392
35.0659999999989,8832
35.0659999999989,8772
35.0659999999989,9316
35.0659999999989,8232
35.1129999999976,7166
35.1129999999976,7046
35.1129999999976,8524
35.1129999999976,8828
35.1129999999976,9640
35.1129999999976,9834
35.1129999999976,10272
35.1129999999976,9666
35.1129999999976,8978
35.1599999999962,7472
35.1599999999962,7222
35.1599999999962,8284
35.1599999999962,8958
35.1599999999962,8726
35.1599999999962,9284
35.1599999999962,8454
35.1599999999962,7202
35.1599999999962,7062
35.1599999999962,8526
35.2069999999949,9362
35.2069999999949,9706
35.2069999999949,9866
35.2069999999949,10254
35.2069999999949,9522
35.2069999999949,8890
35.2069999999949,7232
35.2069999999949,7100
35.2069999999949,8224
35.2540000000008,9068
35.2540000000008,8736
35.2540000000008,9346
35.2540000000008,8488
35.2540000000008,6934
35.2540000000008,7042
35.2540000000008,8560
35.2540000000008,9496
35.2540000000008,9722
35.2540000000008,9866
35.301999999996,10244
35.301999999996,9420
35.301999999996,8786
35.301999999996,7200
35.301999999996,7130
35.301999999996,8254
35.301999999996,9038
35.301999999996,8750
35.301999999996,9156
35.3489999999947,8454
35.3489999999947,6842
35.3489999999947,7026
35.3489999999947,8588
35.3489999999947,9574
35.3489999999947,9742
35.3489999999947,9880
35.3489999999947,10276
35.3489999999947,9574
35.3960000000006,8926
35.3960000000006,7282
35.3960000000006,7114
35.3960000000006,8248
35.3960000000006,9084
35.3960000000006,8742
35.3960000000006,9024
35.3960000000006,8442
35.3960000000006,6810
35.4439999999959,7134
35.4439999999959,8526
35.4439999999959,9470
35.4439999999959,9712
35.4439999999959,9876
35.4439999999959,10264
35.4439999999959,9480
35.4439999999959,8840
35.4439999999959,7164
35.4439999999959,7058
35.4909999999945,8186
35.4909999999945,8914
35.4909999999945,8690
35.4909999999945,8936
35.4909999999945,8388
35.4909999999945,6832
35.4909999999945,7016
35.4909999999945,8562
35.4909999999945,9572
35.5380000000005,9732
35.5380000000005,9860
35.5380000000005,10198
35.5380000000005,9296
35.5380000000005,8732
35.5380000000005,7698
35.5380000000005,7818
35.5380000000005,8166
35.5380000000005,9002
35.5380000000005,8720
35.5849999999991,8972
35.5849999999991,8438
35.5849999999991,6810
35.5849999999991,7720
35.5849999999991,8644
35.5849999999991,9614
35.5849999999991,9762
35.5849999999991,10164
35.5849999999991,10210
35.6319999999978,9198
35.6319999999978,8556
35.6319999999978,7816
35.6319999999978,7114
35.6319999999978,8202
35.6319999999978,8890
35.6319999999978,8710
35.6319999999978,8914
35.6319999999978,8360
35.6789999999964,7098
35.6789999999964,7908
35.6789999999964,8624
35.6789999999964,9676
35.6789999999964,9752
35.6789999999964,10188
35.6789999999964,10004
35.6789999999964,9202
35.6789999999964,8602
35.6789999999964,7790
35.726999999999,7936
35.726999999999,8170
35.726999999999,8890
35.726999999999,9224
35.726999999999,8660
35.726999999999,8106
35.726999999999,7600
35.726999999999,8254
35.726999999999,8740
35.7739999999976,9660
35.7739999999976,9748
35.7739999999976,10198
35.7739999999976,10152
35.7739999999976,9002
35.7739999999976,8340
35.7739999999976,7848
35.7739999999976,8152
35.7739999999976,8252
35.7739999999976,8808
35.8209999999963,9276
35.8209999999963,8406
35.8209999999963,7626
35.8209999999963,7382
35.8209999999963,8222
35.8209999999963,8730
35.8209999999963,9756
35.8209999999963,9768
35.8209999999963,10228
35.8679999999949,9768
35.8679999999949,8880
35.8679999999949,7822
35.8679999999949,7438
35.8679999999949,8336
35.8679999999949,8868
35.8679999999949,8796
35.8679999999949,9330
35.8679999999949,8172
35.9150000000009,7698
35.9150000000009,7482
35.9150000000009,8546
35.9150000000009,8844
35.9150000000009,9620
35.9150000000009,9828
35.9150000000009,10270
35.9150000000009,9738
35.9150000000009,8988
35.9619999999995,7678
35.9619999999995,7340
35.9619999999995,8290
35.9619999999995,8648
35.9619999999995,8798
35.9619999999995,9300
35.9619999999995,8310
35.9619999999995,7452
35.9619999999995,7228
35.9619999999995,8444
36.0099999999948,8966
36.0099999999948,9666
36.0099999999948,9828
36.0099999999948,10256
36.0099999999948,9588
36.0099999999948,8940
36.0099999999948,7734
36.0099999999948,7390
36.0099999999948,8290
36.0570000000007,8870
36.0570000000007,8730
36.0570000000007,9312
36.0570000000007,8448
36.0570000000007,7006
36.0570000000007,7042
36.0570000000007,8494
36.0570000000007,9458
36.0570000000007,9702
36.0570000000007,9840
36.1039999999994,10282
36.1039999999994,9660
36.1039999999994,8982
36.1039999999994,7462
36.1039999999994,7226
36.1039999999994,8288
36.1039999999994,8952
36.1039999999994,8696
36.1039999999994,9286
36.150999999998,8434
36.150999999998,6848
36.150999999998,7006
36.150999999998,8496
36.150999999998,9330
36.150999999998,9696
36.150999999998,9860
36.150999999998,10246
36.150999999998,9530
36.1990000000005,8894
36.1990000000005,7232
36.1990000000005,7110
36.1990000000005,8218
36.1990000000005,9080
36.1990000000005,8706
36.1990000000005,8972
36.1990000000005,8470
36.1990000000005,6960
36.2459999999992,7064
36.2459999999992,8514
36.2459999999992,9448
36.2459999999992,9690
36.2459999999992,9850
36.2459999999992,10240
36.2459999999992,9428
36.2459999999992,8792
36.2459999999992,7110
36.2459999999992,7098
36.2929999999978,8216
36.2929999999978,9008
36.2929999999978,8756
36.2929999999978,9300
36.2929999999978,8460
36.2929999999978,6888
36.2929999999978,7058
36.2929999999978,8566
36.2929999999978,9530
36.3410000000003,9726
36.3410000000003,9910
36.3410000000003,10272
36.3410000000003,9510
36.3410000000003,8884
36.3410000000003,7202
36.3410000000003,7258
36.3410000000003,8290
36.3410000000003,8936
36.3410000000003,8706
36.387999999999,9312
36.387999999999,8448
36.387999999999,6892
36.387999999999,7028
36.387999999999,8532
36.387999999999,9510
36.387999999999,9710
36.387999999999,9850
36.387999999999,10250
36.4349999999977,9578
36.4349999999977,8932
36.4349999999977,7294
36.4349999999977,7128
36.4349999999977,8264
36.4349999999977,9040
36.4349999999977,8750
36.4349999999977,9204
36.4349999999977,8444
36.4819999999963,6868
36.4819999999963,7046
36.4819999999963,8530
36.4819999999963,9330
36.4819999999963,9706
36.4819999999963,9866
36.4819999999963,10276
36.4819999999963,9592
36.4819999999963,8942
36.528999999995,7324
36.528999999995,7146
36.528999999995,8258
36.528999999995,9008
36.528999999995,8714
36.528999999995,9080
36.528999999995,8412
36.528999999995,7042
36.528999999995,7038
36.528999999995,8496
36.5769999999975,9414
36.5769999999975,9676
36.5769999999975,9844
36.5769999999975,10234
36.5769999999975,9454
36.5769999999975,8832
36.5769999999975,7146
36.5769999999975,7056
36.5769999999975,8258
36.5769999999975,8968
36.6239999999962,8710
36.6239999999962,9248
36.6239999999962,8406
36.6239999999962,6842
36.6239999999962,6996
36.6239999999962,8540
36.6239999999962,9546
36.6239999999962,9696
36.6239999999962,9880
36.6709999999948,10158
36.6709999999948,9224
36.6709999999948,8664
36.6709999999948,7156
36.6709999999948,7048
36.6709999999948,8182
36.6709999999948,8914
36.6709999999948,8668
36.6709999999948,8926
36.7180000000008,8386
36.7180000000008,6954
36.7180000000008,7880
36.7180000000008,8602
36.7180000000008,9634
36.7180000000008,9752
36.7180000000008,9864
36.7180000000008,10220
36.7180000000008,9368
36.7649999999994,8766
36.7649999999994,7336
36.7649999999994,7422
36.7649999999994,8192
36.7649999999994,8936
36.7649999999994,8804
36.7649999999994,8880
36.7649999999994,8334
36.7649999999994,7298
36.7649999999994,7052
36.8129999999946,8568
36.8129999999946,9556
36.8129999999946,9726
36.8129999999946,9968
36.8129999999946,10198
36.8129999999946,9306
36.8129999999946,8772
36.8129999999946,7632
36.8129999999946,7754
36.8589999999967,8182
36.8589999999967,8922
36.8589999999967,9002
36.8589999999967,8968
36.8589999999967,8422
36.8589999999967,6802
36.8589999999967,7324
36.8589999999967,8606
36.8589999999967,9582
36.8589999999967,9736
36.9069999999992,10102
36.9069999999992,10188
36.9069999999992,9230
36.9069999999992,8648
36.9069999999992,7746
36.9069999999992,7908
36.9069999999992,8186
36.9069999999992,8910
36.9069999999992,8678
36.9539999999979,8932
36.9539999999979,8386
36.9539999999979,6924
36.9539999999979,7844
36.9539999999979,8624
36.9539999999979,9634
36.9539999999979,9756
36.9539999999979,10184
