25.5740000000005,10680
25.5740000000005,10804
25.5740000000005,11210
25.6210000000065,9798
25.6210000000065,8906
25.6210000000065,8300
25.6210000000065,9158
25.6210000000065,9958
25.6210000000065,9656
25.6210000000065,10322
25.6210000000065,9454
25.6210000000065,7710
25.6680000000051,7750
25.6680000000051,9404
25.6680000000051,10666
25.6680000000051,10696
25.6680000000051,11262
25.6680000000051,10618
25.6680000000051,9906
25.6680000000051,8038
25.6680000000051,7854
25.7160000000003,9064
25.7160000000003,9936
25.7160000000003,10154
25.7160000000003,9578
25.7160000000003,8804
25.7160000000003,8360
25.7160000000003,9104
25.7160000000003,9664
25.7160000000003,10636
25.7160000000003,10764
25.7630000000063,11256
25.7630000000063,10228
25.7630000000063,9526
25.7630000000063,8750
25.7630000000063,9054
25.7630000000063,9450
25.7630000000063,9768
25.7630000000063,10306
25.7630000000063,9258
25.8100000000049,7898
25.8100000000049,7844
25.8100000000049,9414
25.8100000000049,10450
25.8100000000049,10680
25.8100000000049,10994
25.8100000000049,10938
25.8100000000049,9794
25.8100000000049,8858
25.8570000000036,8346
25.8570000000036,9244
25.8570000000036,10018
25.8570000000036,9670
25.8570000000036,9978
25.8570000000036,9332
25.8570000000036,7792
25.8570000000036,8854
25.8570000000036,9638
25.9050000000061,10780
25.9050000000061,10732
25.9050000000061,11242
25.9050000000061,10410
25.9050000000061,9902
25.9050000000061,8070
25.9050000000061,7970
25.9050000000061,9120
25.9050000000061,9938
25.9050000000061,10192
25.9520000000048,9496
25.9520000000048,8694
25.9520000000048,8188
25.9520000000048,9368
25.9520000000048,10244
25.9520000000048,10698
25.9520000000048,10798
25.9520000000048,11272
25.9520000000048,9876
25.9990000000034,8998
25.9990000000034,8814
25.9990000000034,9136
25.9990000000034,9726
25.9990000000034,9756
25.9990000000034,10322
25.9990000000034,9484
25.9990000000034,7744
25.9990000000034,7806
25.9990000000034,9490
26.0460000000021,10672
26.0460000000021,10718
26.0460000000021,11276
26.0460000000021,10656
26.0460000000021,9946
26.0460000000021,8114
26.0460000000021,7914
26.0460000000021,9186
26.0460000000021,10092
26.0940000000046,9562
26.0940000000046,9814
26.0940000000046,9132
26.0940000000046,8448
26.0940000000046,9230
26.0940000000046,9686
26.0940000000046,10666
26.0940000000046,10774
26.0940000000046,11226
26.1410000000033,10112
26.1410000000033,9398
26.1410000000033,8788
26.1410000000033,9172
26.1410000000033,9784
26.1410000000033,9746
26.1410000000033,10282
26.1410000000033,9054
26.1410000000033,8058
26.1880000000019,7880
26.1880000000019,9384
26.1880000000019,10558
26.1880000000019,10696
26.1880000000019,11216
26.1880000000019,10758
26.1880000000019,9978
26.1880000000019,8290
26.1880000000019,7952
26.1880000000019,9126
26.2350000000006,9988
26.2350000000006,9618
26.2350000000006,9814
26.2350000000006,9130
26.2350000000006,7770
26.2350000000006,8860
26.2350000000006,9628
26.2350000000006,10768
26.2350000000006,10752
26.2830000000031,11260
26.2830000000031,10424
26.2830000000031,9782
26.2830000000031,8678
26.2830000000031,8890
26.2830000000031,9068
26.2830000000031,9798
26.2830000000031,10270
26.2830000000031,9070
26.3300000000017,8088
26.3300000000017,8156
26.3300000000017,9340
26.3300000000017,10260
26.3300000000017,10686
26.3300000000017,10808
26.3300000000017,11088
26.3300000000017,9762
26.3300000000017,8840
26.3770000000004,8326
26.3770000000004,9222
26.3770000000004,10008
26.3770000000004,9684
26.3770000000004,10024
26.3770000000004,9358
26.3770000000004,7668
26.3770000000004,8802
26.3770000000004,9566
26.3770000000004,10840
26.4250000000029,10692
26.4250000000029,11256
26.4250000000029,10604
26.4250000000029,9892
26.4250000000029,8062
26.4250000000029,7926
26.4250000000029,9070
26.4250000000029,9932
26.4250000000029,10198
26.4250000000029,9530
26.471000000005,8722
26.471000000005,8260
26.471000000005,9388
26.471000000005,10228
26.471000000005,10680
26.471000000005,10772
26.471000000005,11204
26.471000000005,9820
26.471000000005,8940
26.5200000000041,8796
26.5200000000041,9130
26.5200000000041,9726
26.5200000000041,9802
26.5200000000041,10364
26.5200000000041,9470
26.5200000000041,7822
26.5200000000041,7822
26.5200000000041,9464
26.5670000000027,10662
26.5670000000027,10718
26.5670000000027,11240
26.5670000000027,10718
26.5670000000027,10004
26.5670000000027,8208
26.5670000000027,7946
26.5670000000027,9148
26.5670000000027,9902
26.6140000000014,9684
26.6140000000014,9958
26.6140000000014,9302
26.6140000000014,8074
26.6140000000014,8956
26.6140000000014,9624
26.6140000000014,10618
26.6140000000014,10732
26.6140000000014,11234
26.6140000000014,10342
26.6610000000001,9700
26.6610000000001,8760
26.6610000000001,9008
26.6610000000001,9140
26.6610000000001,9798
26.6610000000001,10282
26.6610000000001,9040
26.6610000000001,8606
26.6610000000001,8140
26.7090000000026,9322
26.7090000000026,10332
26.7090000000026,10660
26.7090000000026,10906
26.7090000000026,10726
26.7090000000026,9766
26.7090000000026,8668
26.7090000000026,8162
26.7090000000026,9178
26.7560000000012,9982
26.7560000000012,9666
26.7560000000012,9948
26.7560000000012,9300
26.7560000000012,8002
26.7560000000012,7976
26.7560000000012,9522
26.7560000000012,10734
26.7560000000012,10716
26.8029999999999,11266
26.8029999999999,10572
26.8029999999999,9820
26.8029999999999,7992
26.8029999999999,7982
26.8029999999999,9064
26.8029999999999,9910
26.8029999999999,10198
26.8029999999999,9500
26.8029999999999,8696
26.8500000000058,8202
26.8500000000058,9382
26.8500000000058,10250
26.8500000000058,10644
26.8500000000058,10734
26.8500000000058,11190
26.8500000000058,10064
26.8500000000058,9332
26.8500000000058,8786
26.8970000000045,9222
26.8970000000045,9830
26.8970000000045,9736
26.8970000000045,10336
26.8970000000045,9458
26.8970000000045,7694
26.8970000000045,7792
26.8970000000045,9486
26.8970000000045,10686
26.8970000000045,10698
26.9440000000031,11260
26.9440000000031,10578
26.9440000000031,9860
26.9440000000031,8034
26.9440000000031,7992
26.9440000000031,9172
26.9440000000031,10000
26.9440000000031,9640
26.9910000000018,9794
26.9910000000018,9100
26.9910000000018,8452
26.9910000000018,9238
26.9910000000018,9674
26.9910000000018,10646
26.9910000000018,10732
26.9910000000018,11180
26.9910000000018,10014
26.9910000000018,9238
27.0390000000043,8612
27.0390000000043,9340
27.0390000000043,9938
27.0390000000043,9742
27.0390000000043,10312
27.0390000000043,9212
27.0390000000043,7946
27.0390000000043,7832
27.0390000000043,9428
27.086000000003,10604
27.086000000003,10692
27.086000000003,11204
27.086000000003,10620
27.086000000003,9920
27.086000000003,8080
27.086000000003,7888
27.086000000003,9122
27.086000000003,9964
27.086000000003,10198
27.1330000000016,9568
27.1330000000016,8776
27.1330000000016,8434
27.1330000000016,9192
27.1330000000016,9706
27.1330000000016,10640
27.1330000000016,10744
27.1330000000016,11210
27.1330000000016,10142
27.1800000000003,9448
27.1800000000003,8850
27.1800000000003,9162
27.1800000000003,9798
27.1800000000003,9778
27.1800000000003,10348
27.1800000000003,9474
27.1800000000003,7756
27.1800000000003,7770
27.2270000000062,9486
27.2270000000062,10512
27.2270000000062,10672
27.2270000000062,11198
27.2270000000062,10784
27.2270000000062,9982
27.2270000000062,8398
27.2270000000062,8048
27.2270000000062,9192
27.2270000000062,10096
27.2740000000049,9630
27.2740000000049,9828
27.2740000000049,9148
27.2740000000049,8432
27.2740000000049,9214
27.2740000000049,9684
27.2740000000049,10644
27.2740000000049,10744
27.2740000000049,11194
27.3220000000001,10096
27.3220000000001,9382
27.3220000000001,8740
27.3220000000001,8962
27.3220000000001,9100
27.3220000000001,9814
27.3220000000001,10272
27.3220000000001,9058
27.3220000000001,7996
27.3220000000001,7872
27.3690000000061,9428
27.3690000000061,10590
27.3690000000061,10698
27.3690000000061,11236
27.3690000000061,10788
27.3690000000061,10024
27.3690000000061,8340
27.3690000000061,8016
27.4160000000047,9178
27.4160000000047,9998
27.4160000000047,9686
27.4160000000047,9946
27.4160000000047,9316
27.4160000000047,8084
27.4160000000047,8966
27.4160000000047,9664
27.4160000000047,10532
27.4160000000047,10726
27.4630000000034,11226
27.4630000000034,10246
27.4630000000034,9556
27.4630000000034,8786
27.4630000000034,9086
27.4630000000034,9578
27.4630000000034,9782
27.4630000000034,10318
27.4630000000034,9464
27.5110000000059,7808
27.5110000000059,7976
27.5110000000059,9378
27.5110000000059,10490
27.5110000000059,10654
27.5110000000059,11178
27.5110000000059,10754
27.5110000000059,9972
27.5110000000059,8356
27.5110000000059,8018
27.5580000000045,9176
27.5580000000045,10024
27.5580000000045,9614
27.5580000000045,9784
27.5580000000045,9100
27.5580000000045,8500
27.5580000000045,8916
27.5580000000045,9640
27.5580000000045,10588
27.6050000000032,10726
27.6050000000032,11236
27.6050000000032,10328
27.6050000000032,9674
27.6050000000032,8776
27.6050000000032,9014
27.6050000000032,9208
27.6050000000032,9784
27.6050000000032,10272
27.6520000000019,9112
27.6520000000019,7934
27.6520000000019,7828
27.6520000000019,9424
27.6520000000019,10578
27.6520000000019,10696
27.6520000000019,10980
27.6520000000019,10772
27.6520000000019,9784
27.7000000000044,8736
27.7000000000044,8260
27.7000000000044,9244
27.7000000000044,10034
27.7000000000044,9666
27.7000000000044,9922
27.7000000000044,9274
27.7000000000044,8124
27.7000000000044,8952
27.7000000000044,9618
27.747000000003,10536
27.747000000003,10752
27.747000000003,11246
27.747000000003,10322
27.747000000003,9670
27.747000000003,8772
27.747000000003,8360
27.747000000003,9132
27.747000000003,9916
27.747000000003,10270
27.7940000000017,9424
27.7940000000017,8578
27.7940000000017,8172
27.7940000000017,9320
27.7940000000017,10308
27.7940000000017,10666
27.7940000000017,10898
27.7940000000017,10934
27.8420000000042,9768
27.8420000000042,8848
27.8420000000042,8316
27.8420000000042,9208
27.8420000000042,9962
27.8420000000042,9710
27.8420000000042,10326
27.8420000000042,9424
27.8420000000042,7658
27.8420000000042,7834
27.8890000000029,9502
27.8890000000029,10712
27.8890000000029,10732
27.8890000000029,11276
27.8890000000029,10650
27.8890000000029,9938
27.8890000000029,8106
27.8890000000029,7904
27.8890000000029,9120
27.9360000000015,9946
27.9360000000015,9660
27.9360000000015,9900
27.9360000000015,9240
27.9360000000015,8350
27.9360000000015,9100
27.9360000000015,9684
27.9360000000015,10584
27.9360000000015,10752
27.9360000000015,11262
27.984000000004,10308
27.984000000004,9644
27.984000000004,8766
27.984000000004,9022
27.984000000004,9214
27.984000000004,9784
27.984000000004,10292
27.984000000004,9060
27.984000000004,8566
28.0310000000027,8106
28.0310000000027,9316
28.0310000000027,10312
28.0310000000027,10672
28.0310000000027,10808
28.0310000000027,10980
28.0310000000027,9752
28.0310000000027,8828
28.0310000000027,8300
28.0780000000013,9178
28.0780000000013,9968
28.0780000000013,9666
28.0780000000013,10030
28.0780000000013,9352
28.0780000000013,7586
28.0780000000013,8700
28.0780000000013,9450
28.0780000000013,10650
28.125,10686
28.125,11240
28.125,10594
28.125,9854
28.125,8008
28.125,7828
28.125,9034
28.125,9900
28.125,10100
28.125,9552
28.1720000000059,8772
28.1720000000059,8316
28.1720000000059,9412
28.1720000000059,10028
28.1720000000059,10656
28.1720000000059,10732
28.1720000000059,11204
28.1720000000059,9920
28.1720000000059,9474
28.2200000000012,8680
28.2200000000012,9008
28.2200000000012,9358
28.2200000000012,9768
28.2200000000012,10282
28.2200000000012,9100
28.2200000000012,7972
28.2200000000012,7854
28.2200000000012,9408
28.2669999999998,10502
28.2669999999998,10670
28.2669999999998,11200
28.2669999999998,10758
28.2669999999998,9892
28.2669999999998,8362
28.2669999999998,7998
28.2669999999998,9218
28.2669999999998,9912
28.3140000000058,9684
28.3140000000058,10300
28.3140000000058,9378
28.3140000000058,7602
28.3140000000058,8316
28.3140000000058,9500
28.3140000000058,10734
28.3140000000058,10718
28.3140000000058,11260
28.3140000000058,10542
28.3610000000044,9792
28.3610000000044,7936
28.3610000000044,8034
28.3610000000044,9116
28.3610000000044,9988
28.3610000000044,9602
28.3610000000044,9814
28.3610000000044,9116
28.3610000000044,8314
28.4080000000031,9112
28.4080000000031,9674
28.4080000000031,10620
28.4080000000031,10744
28.4080000000031,11226
28.4080000000031,10246
28.4080000000031,9506
28.4080000000031,8668
28.4080000000031,8942
28.4080000000031,9198
28.4550000000017,9880
28.4550000000017,10244
28.4550000000017,9448
28.4550000000017,8634
28.4550000000017,8116
28.4550000000017,9368
28.4550000000017,10154
28.4550000000017,10682
28.4550000000017,10722
28.5030000000042,11178
28.5030000000042,9922
28.5030000000042,9136
28.5030000000042,8566
28.5030000000042,9202
28.5030000000042,9782
28.5030000000042,9722
28.5030000000042,10332
28.5030000000042,9412
28.5510000000068,7700
28.5510000000068,7828
28.5510000000068,9356
28.5510000000068,10466
28.5510000000068,10680
28.5510000000068,11030
28.5510000000068,10808
28.5510000000068,9732
28.5510000000068,8736
28.5510000000068,8268
28.5980000000054,9172
28.5980000000054,9962
28.5980000000054,9674
28.5980000000054,10034
28.5980000000054,9346
28.5980000000054,7554
28.5980000000054,8674
28.5980000000054,9484
28.5980000000054,10640
28.6450000000041,10718
28.6450000000041,11260
28.6450000000041,10708
28.6450000000041,9952
28.6450000000041,8142
28.6450000000041,7880
28.6450000000041,9090
28.6450000000041,9874
28.6450000000041,9710
28.6450000000041,9758
28.6920000000027,9084
28.6920000000027,8474
28.6920000000027,9260
28.6920000000027,9604
28.6920000000027,10676
28.6920000000027,10758
28.6920000000027,11266
28.6920000000027,10462
28.7390000000014,9788
28.7390000000014,8480
28.7390000000014,8792
28.7390000000014,9058
28.7390000000014,9820
28.7390000000014,10260
28.7390000000014,9222
28.7390000000014,8316
28.7390000000014,7940
28.7390000000014,9366
28.7860000000001,10476
28.7860000000001,10680
28.7860000000001,11076
28.7860000000001,10758
28.7860000000001,9690
28.7860000000001,9192
28.7860000000001,8622
28.7860000000001,9156
28.7860000000001,9728
28.8340000000026,9702
28.8340000000026,10290
28.8340000000026,9430
28.8340000000026,7668
28.8340000000026,7766
28.8340000000026,9448
28.8340000000026,10644
28.8340000000026,10666
28.8340000000026,11204
28.8340000000026,10614
28.8810000000012,9906
28.8810000000012,8090
28.8810000000012,8088
28.8810000000012,9126
28.8810000000012,9962
28.8810000000012,9566
28.8810000000012,9850
28.8810000000012,9162
28.8810000000012,8238
28.9279999999999,9014
28.9279999999999,9630
28.9279999999999,10526
28.9279999999999,10702
28.9279999999999,11206
28.9279999999999,10282
28.9279999999999,9618
28.9279999999999,8624
28.9279999999999,8848
28.9750000000058,9018
28.9750000000058,9828
28.9750000000058,10118
28.9750000000058,9460
28.9750000000058,8678
28.9750000000058,8172
28.9750000000058,9340
28.9750000000058,10066
28.9750000000058,10640
29.0220000000045,10726
29.0220000000045,11170
29.0220000000045,9968
29.0220000000045,9228
29.0220000000045,8674
29.0220000000045,9148
29.0220000000045,9722
29.0220000000045,9702
29.0220000000045,10292
29.0220000000045,9476
29.0690000000031,8182
29.0690000000031,7854
29.0690000000031,9362
29.0690000000031,10460
29.0690000000031,10676
29.0690000000031,11142
29.0690000000031,10666
29.0690000000031,9788
29.0690000000031,8588
29.1170000000056,8134
29.1170000000056,9168
29.1170000000056,10014
29.1170000000056,9686
29.1170000000056,9972
29.1170000000056,9378
29.1170000000056,7678
29.1170000000056,7796
29.1170000000056,9466
29.1640000000043,10660
29.1640000000043,10676
29.1640000000043,11214
29.1640000000043,10644
29.1640000000043,9900
29.1640000000043,8124
29.1640000000043,7832
29.1640000000043,9076
29.1640000000043,9910
29.211000000003,9594
29.211000000003,9820
29.211000000003,9104
29.211000000003,8306
29.211000000003,8632
29.211000000003,9542
29.211000000003,10794
29.211000000003,10726
29.211000000003,11234
29.211000000003,10486
29.2580000000016,9756
29.2580000000016,7910
29.2580000000016,7916
29.2580000000016,9076
29.2580000000016,9928
29.2580000000016,10152
29.2580000000016,9618
29.2580000000016,8868
29.2580000000016,8490
29.3060000000041,9316
29.3060000000041,9592
29.3060000000041,10554
29.3060000000041,10734
29.3060000000041,11206
29.3060000000041,10322
29.3060000000041,9696
29.3060000000041,8480
29.3060000000041,8760
29.3060000000041,9050
29.3520000000062,9808
29.3520000000062,10250
29.3520000000062,9296
29.3520000000062,8488
29.3520000000062,8084
29.3520000000062,9322
29.3520000000062,10244
29.3520000000062,10646
29.4000000000015,10742
29.4000000000015,11220
29.4000000000015,9876
29.4000000000015,9120
29.4000000000015,8664
29.4000000000015,8940
29.4000000000015,9094
29.4000000000015,9756
29.4000000000015,10286
29.4000000000015,9034
29.4470000000001,8100
29.4470000000001,7822
29.4470000000001,9378
29.4470000000001,10444
29.4470000000001,10646
29.4470000000001,11040
29.4470000000001,10708
29.4470000000001,9670
29.4470000000001,8710
29.4470000000001,8218
29.4940000000061,9152
29.4940000000061,9742
29.4940000000061,9738
29.4940000000061,10312
29.4940000000061,9408
29.4940000000061,7756
29.4940000000061,7790
29.4940000000061,9450
29.4940000000061,10568
29.5410000000047,10656
29.5410000000047,11184
29.5410000000047,10702
29.5410000000047,9882
29.5410000000047,8370
29.5410000000047,7972
29.5410000000047,9152
29.5410000000047,10074
29.5410000000047,9692
29.5880000000034,9952
29.5880000000034,9428
29.5880000000034,7668
29.5880000000034,7884
29.5880000000034,9458
29.5880000000034,10666
29.5880000000034,10672
29.5880000000034,11204
29.5880000000034,10528
29.635000000002,9828
29.635000000002,8042
29.635000000002,7858
29.635000000002,9048
29.635000000002,9874
29.635000000002,10028
29.635000000002,9556
29.635000000002,8808
29.635000000002,8444
29.6820000000007,8966
29.6820000000007,9628
29.6820000000007,10482
29.6820000000007,10690
29.6820000000007,11174
29.6820000000007,10306
29.6820000000007,9644
29.6820000000007,8468
29.6820000000007,8730
29.6820000000007,9032
29.7290000000066,9774
29.7290000000066,10220
29.7290000000066,9254
29.7290000000066,8412
29.7290000000066,7970
29.7290000000066,9270
29.7290000000066,9686
29.7290000000066,10552
29.7290000000066,10680
29.7760000000053,11148
29.7760000000053,10118
29.7760000000053,9428
29.7760000000053,8776
29.7760000000053,9054
29.7760000000053,9500
29.7760000000053,9768
29.7760000000053,10272
29.7760000000053,9100
29.8240000000005,7950
29.8240000000005,7822
29.8240000000005,9402
29.8240000000005,10480
29.8240000000005,10640
29.8240000000005,11154
29.8240000000005,10676
29.8240000000005,9782
29.8240000000005,9110
29.8710000000065,8514
29.8710000000065,9198
29.8710000000065,9784
29.8710000000065,9706
29.8710000000065,10266
29.8710000000065,9384
29.8710000000065,7716
29.8710000000065,7710
29.8710000000065,9418
29.8710000000065,10528
29.9180000000051,10630
29.9180000000051,11160
29.9180000000051,10680
29.9180000000051,9756
29.9180000000051,8612
29.9180000000051,8170
29.9180000000051,9156
29.9180000000051,9738
29.9180000000051,9692
29.9180000000051,10250
29.9650000000038,9332
29.9650000000038,7780
29.9650000000038,7760
29.9650000000038,9366
29.9650000000038,10454
29.9650000000038,10608
29.9650000000038,11170
29.9650000000038,10742
29.9650000000038,9846
30.0130000000063,8648
30.0130000000063,8212
30.0130000000063,9208
30.0130000000063,9992
30.0130000000063,9720
30.0130000000063,10292
30.0130000000063,9434
30.0130000000063,7756
30.0130000000063,7772
30.0590000000011,9412
30.0590000000011,10554
30.0590000000011,10660
30.0590000000011,11190
30.0590000000011,10752
30.0590000000011,9912
30.0590000000011,8428
30.0590000000011,8064
30.0590000000011,9156
30.1070000000036,10004
30.1070000000036,9614
30.1070000000036,9844
30.1070000000036,9322
30.1070000000036,7586
30.1070000000036,8238
30.1070000000036,9466
30.1070000000036,10676
30.1070000000036,10660
30.1070000000036,11204
30.1540000000023,10544
30.1540000000023,9850
30.1540000000023,8068
30.1540000000023,7868
30.1540000000023,9058
30.1540000000023,9870
30.1540000000023,9964
30.1540000000023,9608
30.1540000000023,9172
30.2010000000009,8206
30.2010000000009,8968
30.2010000000009,9588
30.2010000000009,10460
30.2010000000009,10686
30.2010000000009,11170
30.2010000000009,10306
30.2010000000009,9700
30.2010000000009,8650
30.2480000000069,8868
30.2480000000069,9058
30.2480000000069,9788
30.2480000000069,10230
30.2480000000069,9178
30.2480000000069,8290
30.2480000000069,8402
30.2480000000069,9384
30.2480000000069,9846
30.2960000000021,10618
30.2960000000021,10732
30.2960000000021,11178
30.2960000000021,10122
30.2960000000021,9430
30.2960000000021,8742
30.2960000000021,9032
30.2960000000021,9424
30.2960000000021,9732
30.2960000000021,10264
30.3420000000042,9084
30.3420000000042,7926
30.3420000000042,7796
30.3420000000042,9368
30.3420000000042,10240
30.3420000000042,10630
30.3420000000042,10712
30.3420000000042,11180
30.3420000000042,9902
30.3900000000067,9070
30.3900000000067,8458
30.3900000000067,9264
30.3900000000067,9804
30.3900000000067,9676
30.3900000000067,10302
30.3900000000067,9414
30.3900000000067,7684
30.3900000000067,7766
30.3900000000067,9450
30.4370000000054,10610
30.4370000000054,10676
30.4370000000054,11190
30.4370000000054,10662
30.4370000000054,9948
30.4370000000054,8664
30.4370000000054,8196
30.4370000000054,9194
30.4370000000054,9972
30.484000000004,9656
30.484000000004,9964
30.484000000004,9340
30.484000000004,7608
30.484000000004,8710
30.484000000004,9548
30.484000000004,10790
30.484000000004,10712
30.484000000004,11236
30.5310000000027,10564
30.5310000000027,9854
30.5310000000027,8068
30.5310000000027,8038
30.5310000000027,9176
30.5310000000027,10054
30.5310000000027,9650
30.5310000000027,9928
30.5310000000027,9248
30.5780000000013,8068
30.5780000000013,8910
30.5780000000013,9582
30.5780000000013,10578
30.5780000000013,10686
30.5780000000013,11178
30.5780000000013,10374
30.5780000000013,9684
30.5780000000013,8452
30.5780000000013,7796
30.625,9028
30.625,9910
30.625,9902
30.625,9680
30.625,9002
30.625,8460
30.625,9238
30.625,9644
30.625,10644
30.6720000000059,10718
30.6720000000059,11170
30.6720000000059,10162
30.6720000000059,9466
30.6720000000059,8740
30.6720000000059,9038
30.6720000000059,9086
30.6720000000059,9860
30.6720000000059,10250
30.7200000000012,9362
30.7200000000012,8546
30.7200000000012,8080
30.7200000000012,9312
30.7200000000012,10260
30.7200000000012,10630
30.7200000000012,10762
30.7200000000012,11148
30.7200000000012,9788
30.7669999999998,8914
30.7669999999998,8366
30.7669999999998,9198
30.7669999999998,9956
30.7669999999998,9680
30.7669999999998,10220
30.7669999999998,9372
30.7669999999998,7844
30.7669999999998,7802
30.7669999999998,9402
30.8140000000058,10538
30.8140000000058,10656
30.8140000000058,11168
30.8140000000058,10680
30.8140000000058,9936
30.8140000000058,8238
30.8140000000058,7934
30.8140000000058,9112
30.8140000000058,9926
30.8610000000044,9612
30.8610000000044,9774
30.8610000000044,9094
30.8610000000044,8392
30.8610000000044,8750
30.8610000000044,9530
30.8610000000044,10772
30.8610000000044,10696
30.8610000000044,11190
30.8610000000044,10400
30.9080000000031,9720
30.9080000000031,8386
30.9080000000031,8740
30.9080000000031,9084
30.9080000000031,9830
30.9080000000031,10246
30.9080000000031,9316
30.9080000000031,8408
30.9550000000017,8062
30.9550000000017,9302
30.9550000000017,9680
30.9550000000017,10614
30.9550000000017,10758
30.9550000000017,11240
30.9550000000017,10292
30.9550000000017,9628
30.9550000000017,8722
30.9550000000017,8940
31.0030000000042,9034
31.0030000000042,9772
31.0030000000042,10240
31.0030000000042,9136
31.0030000000042,8188
31.0030000000042,7910
31.0030000000042,9336
31.0030000000042,10460
31.0030000000042,10630
31.0500000000029,10944
31.0500000000029,10886
31.0500000000029,9720
31.0500000000029,9312
31.0500000000029,8740
31.0500000000029,9100
31.0500000000029,9674
31.0500000000029,9716
31.0500000000029,10270
31.0500000000029,9280
31.096000000005,7854
31.096000000005,7802
31.096000000005,9336
31.096000000005,10480
31.096000000005,10620
31.096000000005,11160
31.096000000005,10698
31.096000000005,9880
31.096000000005,8378
31.1430000000037,8008
31.1430000000037,9122
31.1430000000037,9846
31.1430000000037,9650
31.1430000000037,10286
31.1430000000037,9366
31.1430000000037,7608
31.1430000000037,7832
31.1430000000037,9424
31.1900000000023,10590
31.1900000000023,10660
31.1900000000023,11174
31.1900000000023,10676
31.1900000000023,9920
31.1900000000023,8238
31.1900000000023,7936
31.1900000000023,9086
31.1900000000023,9936
31.2380000000048,9546
31.2380000000048,9998
31.2380000000048,9296
31.2380000000048,7554
31.2380000000048,8642
31.2380000000048,9502
31.2380000000048,10732
31.2380000000048,10670
31.2380000000048,11214
31.2380000000048,10536
31.2850000000035,9798
31.2850000000035,8018
31.2850000000035,7858
31.2850000000035,9038
31.2850000000035,9866
31.2850000000035,9978
31.2850000000035,9602
31.2850000000035,9168
31.2850000000035,8170
31.3320000000022,8930
31.3320000000022,9592
31.3320000000022,10590
31.3320000000022,10718
31.3320000000022,11214
31.3320000000022,10434
31.3320000000022,9692
31.3320000000022,8028
31.3320000000022,8362
31.3790000000008,9050
31.3790000000008,9840
31.3790000000008,10204
31.3790000000008,9404
31.3790000000008,8612
31.3790000000008,8304
31.3790000000008,9034
31.3790000000008,9648
31.3790000000008,10532
31.4260000000068,10686
31.4260000000068,11200
31.4260000000068,10254
31.4260000000068,9644
31.4260000000068,8572
31.4260000000068,8792
31.4260000000068,9058
31.4260000000068,9778
31.4260000000068,10228
31.4260000000068,9250
31.4730000000054,8362
31.4730000000054,7998
31.4730000000054,9222
31.4730000000054,10234
31.4730000000054,10636
31.4730000000054,10708
31.4730000000054,11152
31.4730000000054,9876
31.4730000000054,9500
31.5210000000006,8618
31.5210000000006,8860
31.5210000000006,9038
31.5210000000006,9732
31.5210000000006,10244
31.5210000000006,9084
31.5210000000006,8160
31.5210000000006,7872
31.5210000000006,9254
31.5210000000006,10372
31.5680000000066,10594
31.5680000000066,10846
31.5680000000066,11010
31.5680000000066,9706
31.5680000000066,8868
31.5680000000066,8696
31.5680000000066,9008
31.5680000000066,9448
31.6150000000052,9666
31.6150000000052,10218
31.6150000000052,9070
31.6150000000052,7848
31.6150000000052,7786
31.6150000000052,9326
31.6150000000052,10476
31.6150000000052,10608
31.6150000000052,11152
31.6150000000052,10654
31.6620000000039,9768
31.6620000000039,8582
31.6620000000039,8150
31.6620000000039,9156
31.6620000000039,9748
31.6620000000039,9656
31.6620000000039,10264
31.6620000000039,9394
31.6620000000039,7678
31.7100000000064,7762
31.7100000000064,9448
31.7100000000064,10572
31.7100000000064,10650
31.7100000000064,11168
31.7100000000064,10706
31.7100000000064,9892
31.7100000000064,8412
31.7100000000064,8048
31.7100000000064,9146
31.7570000000051,9948
31.7570000000051,9630
31.7570000000051,10272
31.7570000000051,9346
31.7570000000051,7616
31.7570000000051,7790
31.7570000000051,9414
31.7570000000051,10590
31.7570000000051,10636
31.8040000000037,11178
31.8040000000037,10644
31.8040000000037,9900
31.8040000000037,8156
31.8040000000037,7878
31.8040000000037,9122
31.8040000000037,10014
31.8040000000037,9614
31.8040000000037,9864
31.8510000000024,9182
31.8510000000024,7606
31.8510000000024,8098
31.8510000000024,9474
31.8510000000024,10656
31.8510000000024,10654
31.8510000000024,11204
31.8510000000024,10650
31.8510000000024,9912
31.8990000000049,8222
31.8990000000049,7914
31.8990000000049,9100
31.8990000000049,10080
31.8990000000049,9634
31.8990000000049,9892
31.8990000000049,9222
31.8990000000049,7842
31.8990000000049,7812
31.8990000000049,9420
31.9460000000036,10594
31.9460000000036,10650
31.9460000000036,11160
31.9460000000036,10662
31.9460000000036,9890
31.9460000000036,8244
31.9460000000036,7910
31.9460000000036,9096
31.9460000000036,10054
31.9460000000036,9628
31.9930000000022,9890
31.9930000000022,9188
31.9930000000022,7998
31.9930000000022,8850
31.9930000000022,9458
31.9930000000022,10626
31.9930000000022,10662
31.9930000000022,11194
31.9930000000022,10590
32.0400000000009,9846
32.0400000000009,8078
32.0400000000009,7842
32.0400000000009,9058
32.0400000000009,9876
32.0400000000009,9572
32.0400000000009,9784
32.0400000000009,9106
32.0400000000009,8234
32.0870000000068,8952
32.0870000000068,9500
32.0870000000068,10672
32.0870000000068,10690
32.0870000000068,11204
32.0870000000068,10644
32.0870000000068,9876
32.0870000000068,8212
32.0870000000068,7924
32.135000000002,9096
32.135000000002,10010
32.135000000002,9594
32.135000000002,9856
32.135000000002,9156
32.135000000002,8126
32.135000000002,8904
32.135000000002,9510
32.135000000002,10634
32.135000000002,10662
32.1820000000007,11204
32.1820000000007,10656
32.1820000000007,9886
32.1820000000007,8248
32.1820000000007,7916
32.1820000000007,9112
32.1820000000007,10054
32.1820000000007,9574
32.1820000000007,9864
32.2290000000066,9186
32.2290000000066,8074
32.2290000000066,8858
32.2290000000066,9558
32.2290000000066,10568
32.2290000000066,10624
32.2290000000066,11160
32.2290000000066,10532
32.2290000000066,9840
32.2760000000053,8074
32.2760000000053,7864
32.2760000000053,9058
32.2760000000053,9818
32.2760000000053,9614
32.2760000000053,9696
32.2760000000053,9034
32.2760000000053,8376
32.2760000000053,9126
32.323000000004,9686
32.323000000004,10538
32.323000000004,10716
32.323000000004,11200
32.323000000004,10372
32.323000000004,9676
32.323000000004,8090
32.323000000004,7864
32.323000000004,9050
32.323000000004,9820
32.3700000000026,9578
32.3700000000026,9728
32.3700000000026,9028
32.3700000000026,8296
32.3700000000026,9034
32.3700000000026,9602
32.3700000000026,10476
32.3700000000026,10666
32.3700000000026,11152
32.4180000000051,10270
32.4180000000051,9638
32.4180000000051,8536
32.4180000000051,7808
32.4180000000051,9018
32.4180000000051,9856
32.4180000000051,9804
32.4180000000051,9660
32.4180000000051,8982
32.4180000000051,8336
32.4650000000038,9142
32.4650000000038,9638
32.4650000000038,10542
32.4650000000038,10692
32.4650000000038,11178
32.4650000000038,10300
32.4650000000038,9660
32.4650000000038,8496
32.5120000000024,8714
32.5120000000024,9074
32.5120000000024,9870
32.5120000000024,9690
32.5120000000024,9762
32.5120000000024,9096
32.5120000000024,8326
32.5120000000024,9028
32.5120000000024,9602
32.5120000000024,10426
32.5600000000049,10680
32.5600000000049,11168
32.5600000000049,10358
32.5600000000049,9670
32.5600000000049,8234
32.5600000000049,8562
32.5600000000049,9064
32.5600000000049,9820
32.5600000000049,9614
32.6070000000036,9732
32.6070000000036,9070
32.6070000000036,8324
32.6070000000036,9044
32.6070000000036,9644
32.6070000000036,10472
32.6070000000036,10682
32.6070000000036,11168
32.6070000000036,10372
32.6070000000036,9684
32.6540000000023,8260
32.6540000000023,8596
32.6540000000023,9060
32.6540000000023,9834
32.6540000000023,9648
32.6540000000023,9700
32.6540000000023,9032
32.6540000000023,8360
32.6540000000023,9100
32.6540000000023,9634
32.7020000000048,10548
32.7020000000048,10692
32.7020000000048,11178
32.7020000000048,10338
32.7020000000048,9706
32.7020000000048,8550
32.7020000000048,8760
32.7020000000048,9038
32.7490000000034,9808
32.7490000000034,9880
32.7490000000034,9620
32.7490000000034,8956
32.7490000000034,8458
32.7490000000034,9240
32.7490000000034,9634
32.7490000000034,10568
32.7490000000034,10696
32.7490000000034,11184
32.7960000000021,10244
32.7960000000021,9592
32.7960000000021,8632
32.7960000000021,8844
32.7960000000021,9012
32.7960000000021,9774
32.7960000000021,10040
32.7960000000021,9568
32.7960000000021,8874
32.8430000000008,8428
32.8430000000008,9218
32.8430000000008,9638
32.8430000000008,10574
32.8430000000008,10686
32.8430000000008,11160
32.8430000000008,10250
32.8430000000008,9638
32.8430000000008,8608
32.8430000000008,8804
32.8910000000033,9034
32.8910000000033,9774
32.8910000000033,10200
32.8910000000033,9230
32.8910000000033,8334
32.8910000000033,7966
32.8910000000033,9214
32.8910000000033,9638
32.8910000000033,10574
32.9380000000019,10706
32.9380000000019,11190
32.9380000000019,10322
32.9380000000019,9686
32.9380000000019,8524
32.9380000000019,8742
32.9380000000019,9012
32.9380000000019,9798
32.9380000000019,10214
32.9850000000006,9320
32.9850000000006,8484
32.9850000000006,8058
32.9850000000006,9284
32.9850000000006,10054
32.9850000000006,10608
32.9850000000006,10696
32.9850000000006,11128
32.9850000000006,10352
33.0320000000065,9666
33.0320000000065,8228
33.0320000000065,8514
33.0320000000065,9038
33.0320000000065,9834
33.0320000000065,10188
33.0320000000065,9458
33.0320000000065,8686
33.0320000000065,8324
33.0320000000065,9336
33.0800000000017,9728
33.0800000000017,10578
33.0800000000017,10698
33.0800000000017,11128
33.0800000000017,10152
33.0800000000017,9486
33.0800000000017,8638
33.0800000000017,8198
33.0800000000017,9054
33.1270000000004,9874
33.1270000000004,10112
33.1270000000004,9608
33.1270000000004,8904
33.1270000000004,8432
33.1270000000004,9198
33.1270000000004,9614
33.1270000000004,10562
33.1270000000004,10696
33.1740000000063,11160
33.1740000000063,10264
33.1740000000063,9640
33.1740000000063,8532
33.1740000000063,8750
33.1740000000063,9028
33.1740000000063,9864
33.1740000000063,9736
33.1740000000063,9722
33.221000000005,9044
33.221000000005,8284
33.221000000005,8986
33.221000000005,9582
33.221000000005,10424
33.221000000005,10676
33.221000000005,11148
33.221000000005,10426
33.221000000005,9684
33.221000000005,7926
33.2680000000037,7904
33.2680000000037,9070
33.2680000000037,9998
33.2680000000037,9598
33.2680000000037,9876
33.2680000000037,9222
33.2680000000037,7622
33.2680000000037,8670
33.2680000000037,9476
33.3150000000023,10670
33.3150000000023,10680
33.3150000000023,11178
33.3150000000023,10580
33.3150000000023,9874
33.3150000000023,8124
33.3150000000023,7874
33.3150000000023,9060
33.3150000000023,9936
33.3150000000023,9542
33.362000000001,10056
33.362000000001,9290
33.362000000001,7560
33.362000000001,8182
33.362000000001,9428
33.362000000001,10588
33.362000000001,10598
33.362000000001,11128
33.4100000000035,10564
33.4100000000035,9850
33.4100000000035,8134
33.4100000000035,7884
33.4100000000035,9084
33.4100000000035,9956
33.4100000000035,9558
33.4100000000035,9804
33.4100000000035,9120
33.4100000000035,7544
33.4570000000022,8068
33.4570000000022,9412
33.4570000000022,10574
33.4570000000022,10594
33.4570000000022,11108
33.4570000000022,10580
33.4570000000022,9838
33.4570000000022,8212
33.4570000000022,7920
33.5040000000008,9090
33.5040000000008,9982
33.5040000000008,9578
33.5040000000008,9838
33.5040000000008,9186
33.5040000000008,7798
33.5040000000008,7772
33.5040000000008,9382
33.5040000000008,10532
33.5040000000008,10600
33.5520000000033,11102
33.5520000000033,10620
33.5520000000033,9834
33.5520000000033,8306
33.5520000000033,7962
33.5520000000033,9086
33.5520000000033,9928
33.5520000000033,9568
33.5520000000033,9850
33.599000000002,9224
33.599000000002,7628
33.599000000002,7750
33.599000000002,9368
33.599000000002,10502
33.599000000002,10600
33.599000000002,11092
33.599000000002,10650
33.599000000002,9802
33.6460000000006,8464
33.6460000000006,8070
33.6460000000006,9104
33.6460000000006,9874
33.6460000000006,9568
33.6460000000006,9956
33.6460000000006,9274
33.6460000000006,7550
33.6460000000006,7780
33.6460000000006,9320
33.6940000000031,10398
33.6940000000031,10584
33.6940000000031,11030
33.6940000000031,10690
33.6940000000031,9666
33.6940000000031,8844
33.6940000000031,8316
33.6940000000031,9178
33.6940000000031,9782
33.7410000000018,9604
33.7410000000018,10218
33.7410000000018,9358
33.7410000000018,7672
33.7410000000018,7754
33.7410000000018,9286
33.7410000000018,10332
33.7410000000018,10554
33.7410000000018,10692
33.7410000000018,11072
33.7880000000005,9896
33.7880000000005,9186
33.7880000000005,8694
33.7880000000005,9040
33.7880000000005,9562
33.7880000000005,9666
33.7880000000005,10184
33.7880000000005,8962
33.8350000000064,7988
33.8350000000064,7816
33.8350000000064,9270
33.8350000000064,10326
33.8350000000064,10548
33.8350000000064,10734
33.8350000000064,11088
33.8350000000064,9874
33.8350000000064,9512
33.8350000000064,8632
33.8830000000016,8860
33.8830000000016,9022
33.8830000000016,9746
33.8830000000016,10182
33.8830000000016,9306
33.8830000000016,8464
33.8830000000016,8048
33.8830000000016,9312
33.8830000000016,9890
33.9300000000003,10542
33.9300000000003,10676
33.9300000000003,11134
33.9300000000003,10192
33.9300000000003,9582
33.9300000000003,8628
33.9300000000003,7950
33.9300000000003,9040
33.9300000000003,9838
33.9300000000003,9880
33.9760000000024,9624
33.9760000000024,8982
33.9760000000024,8352
33.9760000000024,9122
33.9760000000024,9634
33.9760000000024,10492
33.9760000000024,10654
33.9760000000024,11106
33.9760000000024,10302
34.0240000000049,9640
34.0240000000049,8152
34.0240000000049,8496
34.0240000000049,9058
34.0240000000049,9802
34.0240000000049,9532
34.0240000000049,9726
34.0240000000049,9080
34.0240000000049,8248
34.0710000000036,8956
34.0710000000036,9584
34.0710000000036,10400
34.0710000000036,10640
34.0710000000036,11124
34.0710000000036,10408
34.0710000000036,9700
34.0710000000036,7950
34.0710000000036,7884
34.1180000000022,9100
34.1180000000022,9978
34.1180000000022,9598
34.1180000000022,9854
34.1180000000022,9238
34.1180000000022,7618
34.1180000000022,8686
34.1180000000022,9476
34.1180000000022,10666
34.1180000000022,10618
34.1650000000009,11134
34.1650000000009,10564
34.1650000000009,9870
34.1650000000009,8192
34.1650000000009,7930
34.1650000000009,9070
34.1650000000009,9828
34.1650000000009,9568
34.1650000000009,10102
34.2120000000068,9270
34.2120000000068,7554
34.2120000000068,8140
34.2120000000068,9420
34.2120000000068,10564
34.2120000000068,10584
34.2120000000068,11092
34.2120000000068,10572
34.2120000000068,9860
34.2120000000068,8232
34.2590000000055,7936
34.2590000000055,9100
34.2590000000055,9988
34.2590000000055,9624
34.2590000000055,10230
34.2590000000055,9332
34.2590000000055,7622
34.2590000000055,7790
34.3070000000007,9398
34.3070000000007,10508
34.3070000000007,10580
34.3070000000007,11070
34.3070000000007,10630
34.3070000000007,9846
34.3070000000007,8402
34.3070000000007,8044
34.3070000000007,9126
34.3070000000007,9926
34.3540000000066,9602
34.3540000000066,9880
34.3540000000066,9384
34.3540000000066,7710
34.3540000000066,7746
34.3540000000066,9332
34.3540000000066,10446
34.3540000000066,10572
34.3540000000066,11082
34.4010000000053,10590
34.4010000000053,9674
34.4010000000053,8642
34.4010000000053,8218
34.4010000000053,9126
34.4010000000053,9844
34.4010000000053,9588
34.4010000000053,10198
34.4010000000053,9312
34.4010000000053,7612
34.448000000004,7792
34.448000000004,9290
34.448000000004,10362
34.448000000004,10562
34.448000000004,10830
34.448000000004,11034
34.448000000004,9788
34.448000000004,9012
34.448000000004,8418
34.4960000000065,9228
34.4960000000065,9746
34.4960000000065,9690
34.4960000000065,10228
34.4960000000065,9172
34.4960000000065,7880
34.4960000000065,7842
34.4960000000065,9222
34.4960000000065,10086
34.5430000000051,10542
34.5430000000051,10666
34.5430000000051,11086
34.5430000000051,10102
34.5430000000051,9414
34.5430000000051,8654
34.5430000000051,8940
34.5430000000051,9034
34.5430000000051,9702
34.5430000000051,10174
34.5900000000038,9172
34.5900000000038,8264
34.5900000000038,8008
34.5900000000038,9248
34.5900000000038,10208
34.5900000000038,10584
34.5900000000038,10666
34.5900000000038,11082
34.5900000000038,10018
34.6380000000063,9670
34.6380000000063,8540
34.6380000000063,8766
34.6380000000063,9050
34.6380000000063,9782
34.6380000000063,10192
34.6380000000063,9366
34.6380000000063,8566
34.6380000000063,8150
34.6380000000063,9356
34.6850000000049,9984
34.6850000000049,10544
34.6850000000049,10626
34.6850000000049,11016
34.6850000000049,9912
34.6850000000049,9230
34.6850000000049,8704
34.6850000000049,9048
34.7320000000036,9582
34.7320000000036,9720
34.7320000000036,10174
34.7320000000036,9214
34.7320000000036,8326
34.7320000000036,8018
34.7320000000036,9208
34.7320000000036,10148
34.7320000000036,10522
34.7320000000036,10618
34.7790000000023,11072
34.7790000000023,9870
34.7790000000023,9136
34.7790000000023,8602
34.7790000000023,9146
34.7790000000023,9696
34.7790000000023,9660
34.7790000000023,10204
34.7790000000023,9306
34.8260000000009,7782
34.8260000000009,7982
34.8260000000009,9238
34.8260000000009,10244
34.8260000000009,10528
34.8260000000009,10644
34.8260000000009,11036
34.8260000000009,9794
34.8260000000009,9012
34.8260000000009,8414
34.8730000000069,9224
34.8730000000069,9726
34.8730000000069,9630
34.8730000000069,10208
34.8730000000069,9366
34.8730000000069,7694
34.8730000000069,7898
34.8730000000069,9300
34.8730000000069,10318
34.9200000000055,10562
34.9200000000055,10666
34.9200000000055,11086
34.9200000000055,9886
34.9200000000055,9166
34.9200000000055,8650
34.9200000000055,9130
34.9200000000055,9676
34.9200000000055,9680
34.9670000000042,10220
34.9670000000042,9126
34.9670000000042,7880
34.9670000000042,7838
34.9670000000042,9322
34.9670000000042,10116
34.9670000000042,10544
34.9670000000042,10646
34.9670000000042,11044
35.0150000000067,9958
35.0150000000067,9286
35.0150000000067,8704
35.0150000000067,9050
35.0150000000067,9494
35.0150000000067,9696
35.0150000000067,10220
35.0150000000067,8998
35.0150000000067,8080
35.0150000000067,7888
35.0620000000054,9302
35.0620000000054,10338
35.0620000000054,10552
35.0620000000054,10696
35.0620000000054,11080
35.0620000000054,9838
35.0620000000054,9142
35.0620000000054,8596
35.0620000000054,8940
35.109000000004,9070
35.109000000004,9804
35.109000000004,10264
35.109000000004,9266
35.109000000004,8382
35.109000000004,8042
35.109000000004,9244
35.109000000004,10168
35.109000000004,10598
35.1560000000027,10690
35.1560000000027,11052
35.1560000000027,9958
35.1560000000027,9300
35.1560000000027,8690
35.1560000000027,9002
35.1560000000027,9392
35.1560000000027,9772
35.1560000000027,10182
35.2030000000013,9392
35.2030000000013,8624
35.2030000000013,8228
35.2030000000013,9356
35.2030000000013,9700
35.2030000000013,10544
35.2030000000013,10680
35.2030000000013,11112
35.2030000000013,10154
35.2030000000013,9522
35.25,8642
35.25,8874
35.25,9038
35.25,9758
35.25,10208
35.25,9612
35.25,8978
35.25,8372
35.25,9148
35.2980000000025,9640
35.2980000000025,10490
35.2980000000025,10646
35.2980000000025,11116
35.2980000000025,10332
35.2980000000025,9660
35.2980000000025,8098
35.2980000000025,8424
35.2980000000025,9024
35.2980000000025,9798
35.3450000000012,10122
35.3450000000012,9438
35.3450000000012,8722
35.3450000000012,8238
35.3450000000012,8946
35.3450000000012,9574
35.3450000000012,10382
35.3450000000012,10608
35.3919999999998,11062
35.3919999999998,10308
35.3919999999998,9630
35.3919999999998,8052
35.3919999999998,8290
35.3919999999998,9004
35.3919999999998,9798
35.3919999999998,10070
35.3919999999998,9450
35.3919999999998,8756
35.4390000000058,8422
35.4390000000058,8916
35.4390000000058,9552
35.4390000000058,10450
35.4390000000058,10618
35.4390000000058,11152
35.4390000000058,10400
35.4390000000058,9720
35.4390000000058,7976
35.4390000000058,7858
35.487000000001,9018
35.487000000001,9802
35.487000000001,9834
35.487000000001,9582
35.487000000001,8946
35.487000000001,8356
35.487000000001,9142
35.487000000001,9624
35.487000000001,10692
35.5339999999997,10590
35.5339999999997,11128
35.5339999999997,10522
35.5339999999997,9856
35.5339999999997,8074
35.5339999999997,7872
35.5339999999997,9068
35.5339999999997,9840
35.5339999999997,9568
35.5810000000056,9702
35.5810000000056,9080
35.5810000000056,8284
35.5810000000056,9022
35.5810000000056,9604
35.5810000000056,10444
35.5810000000056,10650
35.5810000000056,11096
35.5810000000056,10486
35.6280000000042,9814
35.6280000000042,8064
35.6280000000042,7864
35.6280000000042,9044
35.6280000000042,9758
35.6280000000042,9598
35.6280000000042,9654
35.6280000000042,9032
35.6280000000042,8294
35.6280000000042,9074
35.6750000000029,9614
35.6750000000029,10480
35.6750000000029,10646
35.6750000000029,11112
35.6750000000029,10290
35.6750000000029,9650
35.6750000000029,8064
35.6750000000029,7878
35.6750000000029,9064
35.7220000000016,9798
35.7220000000016,9620
35.7220000000016,9696
35.7220000000016,9084
35.7220000000016,8314
35.7220000000016,9074
35.7220000000016,9608
35.7220000000016,10462
35.7220000000016,10634
35.7220000000016,11124
35.7690000000002,10292
35.7690000000002,9684
35.7690000000002,8586
35.7690000000002,7878
35.7690000000002,9060
35.7690000000002,9798
35.7690000000002,9890
35.7690000000002,9618
35.8170000000027,8998
35.8170000000027,8448
35.8170000000027,9266
35.8170000000027,9674
35.8170000000027,10548
35.8170000000027,10660
35.8170000000027,11138
35.8170000000027,10218
35.8170000000027,9578
35.8170000000027,8714
35.8640000000014,8978
35.8640000000014,9084
35.8640000000014,9846
35.8640000000014,10164
35.8640000000014,9480
35.8640000000014,8740
35.8640000000014,8314
35.8640000000014,9434
35.8640000000014,9892
35.9110000000001,10588
35.9110000000001,10732
35.9110000000001,11188
35.9110000000001,10146
35.9110000000001,9474
35.9110000000001,8808
35.9110000000001,9140
35.9110000000001,9588
35.9110000000001,9772
35.9110000000001,10286
35.958000000006,9214
35.958000000006,8448
35.958000000006,8104
35.958000000006,9326
35.958000000006,10358
35.958000000006,10624
35.958000000006,10872
35.958000000006,10762
35.958000000006,9720
36.0060000000012,8746
36.0060000000012,8270
36.0060000000012,9254
36.0060000000012,9994
36.0060000000012,9686
36.0060000000012,9946
36.0060000000012,9368
36.0060000000012,7694
36.0060000000012,7844
36.0529999999999,9500
36.0529999999999,10630
36.0529999999999,10640
36.0529999999999,11148
36.0529999999999,10492
36.0529999999999,9792
36.0529999999999,7982
36.0529999999999,8234
36.0529999999999,9110
36.1000000000058,9900
36.1000000000058,10244
36.1000000000058,9448
36.1000000000058,8628
36.1000000000058,8176
36.1000000000058,9330
36.1000000000058,9736
36.1000000000058,10604
36.1000000000058,10698
36.1000000000058,11122
36.1470000000045,10028
36.1470000000045,9322
36.1470000000045,8786
36.1470000000045,9224
36.1470000000045,9830
36.1470000000045,9738
36.1470000000045,10316
36.1470000000045,9444
36.1470000000045,7736
36.1940000000031,7872
36.1940000000031,9490
36.1940000000031,10666
36.1940000000031,10624
36.1940000000031,11154
36.1940000000031,10450
36.1940000000031,9752
36.1940000000031,8156
36.1940000000031,7904
36.2420000000056,9130
36.2420000000056,9916
36.2420000000056,9870
36.2420000000056,9732
36.2420000000056,9100
36.2420000000056,8494
36.2420000000056,9306
36.2420000000056,9710
36.2420000000056,10608
36.2890000000043,10692
36.2890000000043,11112
36.2890000000043,9978
36.2890000000043,9238
36.2890000000043,8706
36.2890000000043,9002
36.2890000000043,9172
36.2890000000043,9792
36.2890000000043,10282
36.2890000000043,9040
36.336000000003,8058
36.336000000003,7868
36.336000000003,9356
36.336000000003,10506
36.336000000003,10646
36.336000000003,11154
36.336000000003,10702
36.336000000003,9962
36.336000000003,8278
36.336000000003,7944
36.3840000000055,9166
36.3840000000055,10010
36.3840000000055,9692
36.3840000000055,9984
36.3840000000055,9392
36.3840000000055,7664
36.3840000000055,8788
36.3840000000055,9598
36.3840000000055,10810
36.4310000000041,10686
36.4310000000041,11168
36.4310000000041,10362
36.4310000000041,9722
36.4310000000041,8510
36.4310000000041,8792
36.4310000000041,9060
36.4310000000041,9824
36.4310000000041,10264
36.4780000000028,9260
36.4780000000028,8930
36.4780000000028,8480
36.4780000000028,9352
36.4780000000028,9756
36.4780000000028,10636
36.4780000000028,10692
36.4780000000028,11086
36.4780000000028,9992
36.5260000000053,9294
36.5260000000053,8722
36.5260000000053,9038
36.5260000000053,9644
36.5260000000053,9722
36.5260000000053,10256
36.5260000000053,9228
36.5260000000053,7894
36.5260000000053,7842
36.5260000000053,9224
36.573000000004,10322
36.573000000004,10578
36.573000000004,10712
36.573000000004,11076
36.573000000004,9736
36.573000000004,8890
36.573000000004,8314
36.573000000004,9158
36.573000000004,9834
36.6200000000026,9640
36.6200000000026,10264
36.6200000000026,9352
36.6200000000026,7642
36.6200000000026,7744
36.6200000000026,9296
36.6200000000026,10426
36.6200000000026,10594
36.6200000000026,10962
36.6670000000013,10800
36.6670000000013,9674
36.6670000000013,8802
36.6670000000013,8280
36.6670000000013,9168
36.6670000000013,9844
36.6670000000013,9650
36.6670000000013,10246
36.6670000000013,9346
36.7150000000038,7622
36.7150000000038,7776
36.7150000000038,9330
36.7150000000038,10456
36.7150000000038,10626
36.7150000000038,10866
36.7150000000038,11092
36.7150000000038,9784
36.7150000000038,8978
36.7150000000038,8386
36.7620000000024,9224
36.7620000000024,9728
36.7620000000024,9666
36.7620000000024,10244
36.7620000000024,9342
36.7620000000024,7736
36.7620000000024,7770
36.7620000000024,9320
36.7620000000024,10472
36.8090000000011,10598
36.8090000000011,11118
36.8090000000011,11112
36.8090000000011,9916
36.8090000000011,9186
36.8090000000011,8680
36.8090000000011,9060
36.8090000000011,9618
36.8090000000011,9674
36.8090000000011,10208
36.8559999999998,9070
36.8559999999998,7930
36.8559999999998,7816
36.8559999999998,9300
36.8559999999998,10418
36.8559999999998,10580
36.8559999999998,10964
36.8559999999998,10804
36.8559999999998,9680
36.9030000000057,8838
36.9030000000057,8680
36.9030000000057,9008
36.9030000000057,9434
36.9030000000057,9728
36.9030000000057,10246
36.9030000000057,8992
36.9030000000057,8104
36.9030000000057,7858
36.9500000000044,9244
36.9500000000044,10342
36.9500000000044,10640
36.9500000000044,10738
36.9500000000044,11092
36.9500000000044,9892
36.9500000000044,9158
36.9500000000044,8670
36.9500000000044,9094
36.9980000000069,9680
36.9980000000069,9766
36.9980000000069,10198
36.9980000000069,9276
36.9980000000069,8376
36.9980000000069,8006
36.9980000000069,9202
36.9980000000069,10178
36.9980000000069,10558
36.9980000000069,10686
37.0450000000055,11088
37.0450000000055,9922
37.0450000000055,9240
37.0450000000055,8690
37.0450000000055,9028
37.0450000000055,9602
37.0450000000055,9674
37.0450000000055,10244
37.0450000000055,9086
37.0920000000042,7874
37.0920000000042,8034
37.0920000000042,9230
37.0920000000042,10250
37.0920000000042,10598
37.0920000000042,10656
37.0920000000042,11086
37.0920000000042,9902
37.0920000000042,9148
37.1390000000029,8628
37.1390000000029,9136
37.1390000000029,9746
37.1390000000029,9706
37.1390000000029,10236
37.1390000000029,9182
37.1390000000029,7852
37.1390000000029,7790
37.1390000000029,9158
37.1390000000029,10164
37.1870000000054,10580
37.1870000000054,10654
37.1870000000054,11092
37.1870000000054,9952
37.1870000000054,9270
37.1870000000054,8694
37.1870000000054,9050
37.1870000000054,9464
37.1870000000054,9726
37.234000000004,10214
37.234000000004,9040
37.234000000004,8094
37.234000000004,7924
37.234000000004,9276
37.234000000004,10328
37.234000000004,10548
37.234000000004,10728
37.234000000004,11158
37.234000000004,10244
37.2810000000027,9670
37.2810000000027,8602
37.2810000000027,8788
37.2810000000027,9032
37.2810000000027,9768
37.2810000000027,10182
37.2810000000027,9332
37.2810000000027,8524
37.2810000000027,8136
37.3280000000013,9306
37.3280000000013,9964
37.3280000000013,10528
37.3280000000013,10666
37.3280000000013,11062
37.3280000000013,10066
37.3280000000013,9388
37.3280000000013,8714
37.3280000000013,8762
37.375,9086
37.375,9856
37.375,10254
37.375,9434
37.375,8642
37.375,8208
37.375,9388
37.375,10000
37.375,10610
37.4230000000025,10708
37.4230000000025,11098
37.4230000000025,10008
37.4230000000025,9330
37.4230000000025,8778
37.4230000000025,9126
37.4230000000025,9726
37.4230000000025,9736
37.4230000000025,10240
37.4230000000025,9240
37.4690000000046,8320
37.4690000000046,8008
37.4690000000046,9294
37.4690000000046,10400
37.4690000000046,10608
37.4690000000046,10892
37.4690000000046,10722
37.4690000000046,9686
37.4690000000046,8788
37.5169999999998,8296
37.5169999999998,9218
37.5169999999998,9956
37.5169999999998,9674
37.5169999999998,10034
37.5169999999998,9358
37.5169999999998,7616
37.5169999999998,7852
37.5169999999998,9460
37.5640000000058,10588
37.5640000000058,10656
37.5640000000058,11154
37.5640000000058,10682
37.5640000000058,9932
37.5640000000058,8326
37.5640000000058,7992
37.5640000000058,9152
37.5640000000058,10074
37.612000000001,9598
37.612000000001,9820
37.612000000001,9194
37.612000000001,8324
37.612000000001,8510
37.612000000001,9506
37.612000000001,10696
37.612000000001,10640
37.612000000001,11152
37.612000000001,10460
37.6589999999997,9752
37.6589999999997,7966
37.6589999999997,8208
37.6589999999997,9074
37.6589999999997,9860
37.6589999999997,10192
37.6589999999997,9428
37.6589999999997,8634
37.6589999999997,8170
37.7060000000056,9316
37.7060000000056,10128
37.7060000000056,10610
37.7060000000056,10698
37.7060000000056,11160
37.7060000000056,10198
37.7060000000056,9546
37.7060000000056,8710
37.7060000000056,8994
37.7530000000042,9148
37.7530000000042,9758
37.7530000000042,10250
37.7530000000042,9054
37.7530000000042,8100
37.7530000000042,7898
37.7530000000042,9326
37.7530000000042,10446
37.7530000000042,10646
37.8010000000068,11116
37.8010000000068,10708
37.8010000000068,9844
37.8010000000068,8654
37.8010000000068,8198
37.8010000000068,9332
37.8010000000068,9860
37.8010000000068,9712
37.8010000000068,10312
37.8010000000068,9398
37.8480000000054,7654
37.8480000000054,7796
37.8480000000054,9466
37.8480000000054,10660
37.8480000000054,10672
37.8480000000054,11168
37.8480000000054,10538
37.8480000000054,9838
37.8480000000054,8026
37.8950000000041,7838
37.8950000000041,9084
37.8950000000041,10082
37.8950000000041,9654
37.8950000000041,9928
37.8950000000041,9286
37.8950000000041,8080
37.8950000000041,8886
37.8950000000041,9582
37.8950000000041,10516
37.9410000000062,10690
37.9410000000062,11158
37.9410000000062,10312
37.9410000000062,9696
37.9410000000062,8568
37.9410000000062,8804
37.9410000000062,9044
37.9410000000062,9792
37.9410000000062,10008
37.9890000000014,9566
37.9890000000014,8868
37.9890000000014,8428
37.9890000000014,9336
37.9890000000014,9712
37.9890000000014,10600
37.9890000000014,10722
37.9890000000014,11118
37.9890000000014,10096
38.0360000000001,9428
38.0360000000001,8706
38.0360000000001,9004
38.0360000000001,9368
38.0360000000001,9696
38.0360000000001,10214
38.0360000000001,9140
38.0360000000001,7874
38.0360000000001,8032
38.083000000006,9250
38.083000000006,10280
38.083000000006,10574
38.083000000006,10702
38.083000000006,11086
38.083000000006,9802
38.083000000006,9002
38.083000000006,8408
38.083000000006,9294
38.083000000006,9824
38.1300000000047,9654
38.1300000000047,10280
38.1300000000047,9372
38.1300000000047,7668
38.1300000000047,7838
38.1300000000047,9368
38.1300000000047,10462
38.1300000000047,10640
38.1300000000047,11076
38.1300000000047,10682
38.1770000000033,9712
38.1770000000033,8804
38.1770000000033,8324
38.1770000000033,9204
38.1770000000033,9942
38.1770000000033,9648
38.1770000000033,10064
38.1770000000033,9366
38.2260000000024,7616
38.2260000000024,8694
38.2260000000024,9460
38.2260000000024,10588
38.2260000000024,10670
38.2260000000024,11148
38.2260000000024,10650
38.2260000000024,9938
38.2260000000024,8244
38.2260000000024,7962
38.273000000001,9146
38.273000000001,9938
38.273000000001,9618
38.273000000001,9758
38.273000000001,9116
38.273000000001,8398
38.273000000001,9202
38.273000000001,9712
38.273000000001,10590
38.3199999999997,10702
38.3199999999997,11132
38.3199999999997,10128
38.3199999999997,9720
38.3199999999997,8290
38.3199999999997,8710
38.3199999999997,9100
38.3199999999997,9850
38.3199999999997,10250
38.3199999999997,9366
38.3670000000056,8490
38.3670000000056,8090
38.3670000000056,9284
38.3670000000056,10272
38.3670000000056,10600
38.3670000000056,10708
38.3670000000056,11092
38.3670000000056,9778
38.3670000000056,8946
38.4140000000043,8396
38.4140000000043,9106
38.4140000000043,9660
38.4140000000043,9756
38.4140000000043,10280
38.4140000000043,9358
38.4140000000043,7884
38.4140000000043,7852
38.4140000000043,9420
38.461000000003,10572
38.461000000003,10656
38.461000000003,11138
38.461000000003,10686
38.461000000003,9964
38.461000000003,8326
38.461000000003,7992
38.461000000003,9172
38.461000000003,9968
38.5090000000055,9690
38.5090000000055,10086
38.5090000000055,9392
38.5090000000055,7638
38.5090000000055,8690
38.5090000000055,9568
38.5090000000055,10778
38.5090000000055,10672
38.5090000000055,11168
38.5090000000055,10462
38.5570000000007,9772
38.5570000000007,7980
38.5570000000007,8306
38.5570000000007,9120
38.5570000000007,9922
38.5570000000007,9664
38.5570000000007,9824
38.5570000000007,9178
38.5570000000007,8412
38.5570000000007,9152
38.6040000000066,9716
38.6040000000066,10584
38.6040000000066,10732
38.6040000000066,11188
38.6040000000066,10326
38.6040000000066,9746
38.6040000000066,8710
38.6040000000066,8958
38.6510000000053,9112
38.6510000000053,9856
38.6510000000053,10282
38.6510000000053,9218
38.6510000000053,8834
38.6510000000053,8408
38.6510000000053,9418
38.6510000000053,9968
38.6510000000053,10600
38.6510000000053,10682
38.6990000000005,11134
38.6990000000005,9938
38.6990000000005,9176
38.6990000000005,8550
38.6990000000005,9330
38.6990000000005,9900
38.6990000000005,9758
38.6990000000005,10354
38.6990000000005,9470
38.7460000000065,7750
38.7460000000065,7864
38.7460000000065,9398
38.7460000000065,10536
38.7460000000065,10630
38.7460000000065,11122
38.7460000000065,10660
38.7460000000065,9946
38.7460000000065,8248
38.7460000000065,7960
38.7930000000051,9172
38.7930000000051,9962
38.7930000000051,9654
38.7930000000051,9772
38.7930000000051,9106
38.7930000000051,8438
38.7930000000051,8850
38.7930000000051,9608
38.7930000000051,10610
38.8400000000038,10670
38.8400000000038,11148
38.8400000000038,10296
38.8400000000038,9702
38.8400000000038,8704
38.8400000000038,8972
38.8400000000038,9112
38.8400000000038,9828
38.8400000000038,10296
38.8870000000024,9068
38.8870000000024,8080
38.8870000000024,7890
38.8870000000024,9398
38.8870000000024,10538
38.8870000000024,10644
38.8870000000024,11138
38.8870000000024,10702
38.8870000000024,9972
38.9340000000011,8296
38.9340000000011,8296
38.9340000000011,9240
38.9340000000011,10008
38.9340000000011,9680
38.9340000000011,9964
38.9340000000011,9358
38.9340000000011,7716
38.9340000000011,8808
38.9340000000011,9594
38.9820000000036,10712
38.9820000000036,10692
38.9820000000036,11160
38.9820000000036,10336
38.9820000000036,9762
38.9820000000036,8678
38.9820000000036,8932
38.9820000000036,9104
38.9820000000036,9928
39.0290000000023,10214
39.0290000000023,9522
39.0290000000023,8732
39.0290000000023,8244
39.0290000000023,9382
39.0290000000023,10122
39.0290000000023,10666
39.0290000000023,10744
39.0290000000023,11190
39.0760000000009,9906
39.0760000000009,9104
39.0760000000009,8452
39.0760000000009,9326
39.0760000000009,9928
39.0760000000009,9778
39.0760000000009,10300
39.0760000000009,9284
39.0760000000009,7848
39.1230000000069,7812
39.1230000000069,9388
39.1230000000069,10580
39.1230000000069,10656
39.1230000000069,11132
39.1230000000069,10650
39.1230000000069,9942
39.1230000000069,8258
39.1230000000069,7960
39.1230000000069,9158
39.1700000000055,9982
39.1700000000055,9630
39.1700000000055,9810
39.1700000000055,9362
39.1700000000055,7642
39.1700000000055,8772
39.1700000000055,9588
39.1700000000055,10824
39.1700000000055,10682
39.2180000000008,11160
39.2180000000008,10384
39.2180000000008,9738
39.2180000000008,8452
39.2180000000008,8804
39.2180000000008,9100
39.2180000000008,9830
39.2180000000008,10246
39.2180000000008,9250
39.2180000000008,8310
39.2650000000067,8478
39.2650000000067,9368
39.2650000000067,9778
39.2650000000067,10630
39.2650000000067,10716
39.2650000000067,11118
39.2650000000067,10024
39.2650000000067,9326
39.2650000000067,8772
39.3120000000054,9112
39.3120000000054,9716
39.3120000000054,9756
39.3120000000054,10280
39.3120000000054,9428
39.3120000000054,7818
39.3120000000054,7808
39.3120000000054,9408
39.3120000000054,10544
39.359000000004,10640
39.359000000004,10916
39.359000000004,10722
39.359000000004,9686
39.359000000004,8802
39.359000000004,8280
39.359000000004,9172
39.359000000004,9902
39.359000000004,9630
39.359000000004,10056
39.4070000000065,9316
39.4070000000065,7570
39.4070000000065,8562
39.4070000000065,9496
39.4070000000065,10696
39.4070000000065,10630
39.4070000000065,11148
39.4070000000065,10486
39.4070000000065,9788
39.4540000000052,8038
39.4540000000052,8018
39.4540000000052,9168
39.4540000000052,10030
39.4540000000052,9598
39.4540000000052,9860
39.4540000000052,9198
39.4540000000052,8048
39.4540000000052,8880
39.5010000000038,9566
39.5010000000038,10538
39.5010000000038,10654
39.5010000000038,11128
39.5010000000038,10374
39.5010000000038,9690
39.5010000000038,8180
39.5010000000038,7888
39.5010000000038,9100
39.5480000000025,9838
39.5480000000025,9692
39.5480000000025,9712
39.5480000000025,9070
39.5480000000025,8398
39.5480000000025,9176
39.5480000000025,9656
39.5480000000025,10548
39.5480000000025,10660
39.5480000000025,11118
39.5950000000012,10158
39.5950000000012,9496
39.5950000000012,8706
39.5950000000012,8490
39.5950000000012,9080
39.5950000000012,9870
39.5950000000012,10220
39.5950000000012,9448
39.5950000000012,8686
39.6419999999998,8202
39.6419999999998,9366
39.6419999999998,10056
39.6419999999998,10580
39.6419999999998,10676
39.6419999999998,11098
39.6419999999998,9910
39.6419999999998,9166
39.6419999999998,8568
39.6419999999998,9276
39.6890000000058,9844
39.6890000000058,9802
39.6890000000058,10272
39.6890000000058,9120
39.6890000000058,8152
39.6890000000058,7914
39.6890000000058,9336
39.6890000000058,10420
39.6890000000058,10598
39.7360000000044,11044
39.7360000000044,10598
39.7360000000044,9768
39.7360000000044,8632
39.7360000000044,8180
39.7360000000044,9204
39.7360000000044,9978
39.7360000000044,9654
39.7360000000044,9926
39.7830000000031,9438
39.7830000000031,7762
39.7830000000031,7790
39.7830000000031,9412
39.7830000000031,10552
39.7830000000031,10624
39.7830000000031,11102
39.7830000000031,10584
39.7830000000031,9906
39.8310000000056,8146
39.8310000000056,7900
39.8310000000056,9096
39.8310000000056,9840
39.8310000000056,9684
39.8310000000056,9706
39.8310000000056,9058
39.8310000000056,7818
39.8310000000056,8822
39.8310000000056,9566
39.8780000000042,10672
39.8780000000042,10656
39.8780000000042,11134
39.8780000000042,10398
39.8780000000042,9712
39.8780000000042,8156
39.8780000000042,8608
39.8780000000042,9096
39.8780000000042,9846
39.9250000000029,10220
39.9250000000029,9384
39.9250000000029,8552
39.9250000000029,8166
39.9250000000029,9208
39.9250000000029,9692
39.9250000000029,10584
39.9250000000029,10696
39.9250000000029,11148
39.9720000000016,10200
39.9720000000016,9566
39.9720000000016,8710
39.9720000000016,8986
39.9720000000016,9130
39.9720000000016,9768
39.9720000000016,10234
39.9720000000016,9028
39.9720000000016,8062
40.0200000000041,7868
40.0200000000041,9326
40.0200000000041,10444
40.0200000000041,10584
40.0200000000041,11096
40.0200000000041,10680
40.0200000000041,9902
40.0200000000041,8968
40.0200000000041,8396
40.0200000000041,9244
40.0660000000062,9882
40.0660000000062,9656
40.0660000000062,10220
40.0660000000062,9348
40.0660000000062,7618
40.0660000000062,8396
40.0660000000062,9494
40.0660000000062,10690
40.0660000000062,10624
40.1140000000014,11124
40.1140000000014,10470
40.1140000000014,9762
40.1140000000014,7988
40.1140000000014,7970
40.1140000000014,9146
40.1140000000014,9936
40.1140000000014,9582
40.1140000000014,9742
40.1140000000014,9094
40.1610000000001,8424
40.1610000000001,9202
40.1610000000001,9686
40.1610000000001,10578
40.1610000000001,10670
40.1610000000001,11092
40.1610000000001,10060
40.1610000000001,9414
40.208000000006,8722
40.208000000006,9086
40.208000000006,9572
40.208000000006,9788
40.208000000006,10188
40.208000000006,9156
40.208000000006,8196
40.208000000006,7960
40.208000000006,9320
40.208000000006,10382
40.2550000000047,10578
40.2550000000047,10906
40.2550000000047,10660
40.2550000000047,9666
40.2550000000047,8772
40.2550000000047,8270
40.2550000000047,9194
40.2550000000047,9916
40.2550000000047,9624
40.3029999999999,10044
40.3029999999999,9322
40.3029999999999,7766
40.3029999999999,7802
40.3029999999999,9382
40.3029999999999,10502
40.3029999999999,10608
40.3029999999999,11086
40.3029999999999,10634
40.3029999999999,9906
40.349000000002,8260
40.349000000002,7956
40.349000000002,9130
40.349000000002,10020
40.349000000002,9538
40.349000000002,9772
40.349000000002,9120
40.349000000002,8346
40.349000000002,8648
40.3970000000045,9502
40.3970000000045,10712
40.3970000000045,10640
40.3970000000045,11160
40.3970000000045,10490
40.3970000000045,9782
40.3970000000045,8034
40.3970000000045,7864
40.3970000000045,9070
40.4440000000031,9876
40.4440000000031,9978
40.4440000000031,9598
40.4440000000031,8914
40.4440000000031,8470
40.4440000000031,8886
40.4440000000031,9578
40.4440000000031,10496
40.4440000000031,10656
40.4910000000018,11116
40.4910000000018,10336
40.4910000000018,9684
40.4910000000018,8324
40.4910000000018,8694
40.4910000000018,9044
40.4910000000018,9794
40.4910000000018,10192
40.4910000000018,9286
40.4910000000018,8378
40.5380000000005,8032
40.5380000000005,9240
40.5380000000005,9654
40.5380000000005,10552
40.5380000000005,10662
40.5380000000005,11106
40.5380000000005,10138
40.5380000000005,9496
40.5380000000005,8706
40.586000000003,8986
40.586000000003,9136
40.586000000003,9762
40.586000000003,10230
40.586000000003,9076
40.586000000003,8114
40.586000000003,7890
40.586000000003,9322
40.586000000003,10390
40.6330000000016,10578
40.6330000000016,11016
40.6330000000016,10584
40.6330000000016,9752
40.6330000000016,9142
40.6330000000016,8550
40.6330000000016,9266
40.6330000000016,9788
40.6330000000016,9706
40.6330000000016,10266
40.6800000000003,9428
40.6800000000003,7724
40.6800000000003,7798
40.6800000000003,9434
40.6800000000003,10552
40.6800000000003,10634
40.6800000000003,11118
40.6800000000003,10630
40.6800000000003,9920
40.7270000000062,8244
40.7270000000062,8254
40.7270000000062,9178
40.7270000000062,9920
40.7270000000062,9630
40.7270000000062,10030
40.7270000000062,9316
40.7270000000062,7592
40.7270000000062,8618
40.7270000000062,9496
40.7740000000049,10690
40.7740000000049,10614
40.7740000000049,11128
40.7740000000049,10462
40.7740000000049,9768
40.7740000000049,8006
40.7740000000049,7916
40.7740000000049,9158
40.7740000000049,10064
40.8220000000001,9602
40.8220000000001,9864
40.8220000000001,9202
40.8220000000001,8202
40.8220000000001,8930
40.8220000000001,9588
40.8220000000001,10430
40.8220000000001,10636
40.8220000000001,11096
40.8680000000022,10246
40.8680000000022,9670
40.8680000000022,8634
40.8680000000022,8860
40.8680000000022,9070
40.8680000000022,9890
40.8680000000022,10086
40.8680000000022,9566
40.8680000000022,8868
40.9160000000047,8434
40.9160000000047,9352
40.9160000000047,9702
40.9160000000047,10578
40.9160000000047,10656
40.9160000000047,11070
40.9160000000047,9922
40.9160000000047,9202
40.9160000000047,8618
40.9160000000047,9234
40.9630000000034,9784
40.9630000000034,9712
40.9630000000034,10240
40.9630000000034,9050
40.9630000000034,8098
40.9630000000034,7868
40.9630000000034,9356
40.9630000000034,10430
40.9630000000034,10594
41.010000000002,11080
41.010000000002,10676
41.010000000002,9902
41.010000000002,8432
41.010000000002,8064
41.010000000002,9162
41.010000000002,10056
41.010000000002,9638
41.010000000002,9902
41.010000000002,9244
41.0570000000007,7880
41.0570000000007,8216
41.0570000000007,9532
41.0570000000007,10666
41.0570000000007,10654
41.0570000000007,11148
41.0570000000007,10516
41.0570000000007,9828
41.1040000000066,8054
41.1040000000066,7888
41.1040000000066,9120
41.1040000000066,9932
41.1040000000066,9992
41.1040000000066,9692
41.1040000000066,9022
41.1040000000066,8514
41.1040000000066,8932
41.1040000000066,9634
41.1510000000053,10650
41.1510000000053,10686
41.1510000000053,11148
41.1510000000053,10424
41.1510000000053,9748
41.1510000000053,8258
41.1510000000053,8670
41.1510000000053,9116
41.1510000000053,9876
41.1990000000005,10260
41.1990000000005,9394
41.1990000000005,8540
41.1990000000005,8146
41.1990000000005,9290
41.1990000000005,10256
41.1990000000005,10610
41.1990000000005,10686
41.1990000000005,11080
41.1990000000005,10014
41.2460000000065,9352
41.2460000000065,8762
41.2460000000065,9172
41.2460000000065,9752
41.2460000000065,9756
41.2460000000065,10292
41.2460000000065,9420
41.2460000000065,7838
41.2460000000065,7864
41.2930000000051,9438
41.2930000000051,10526
41.2930000000051,10636
41.2930000000051,11124
41.2930000000051,10654
41.2930000000051,9938
41.2930000000051,8268
41.2930000000051,7966
41.2930000000051,9218
41.3400000000038,9984
41.3400000000038,9686
41.3400000000038,10056
41.3400000000038,9372
41.3400000000038,7626
41.3400000000038,8632
41.3400000000038,9522
41.3400000000038,10728
41.3400000000038,10620
41.3870000000024,11148
41.3870000000024,10470
41.3870000000024,9778
41.3870000000024,7996
41.3870000000024,8002
41.3870000000024,9096
41.3870000000024,10076
41.3870000000024,9612
41.3870000000024,9846
41.3870000000024,9192
41.4340000000011,8284
41.4340000000011,8992
41.4340000000011,9640
41.4340000000011,10454
41.4340000000011,10672
41.4340000000011,11124
41.4340000000011,10300
41.4340000000011,9710
41.4340000000011,8576
41.4340000000011,8824
41.4820000000036,9080
41.4820000000036,9824
41.4820000000036,10230
41.4820000000036,9300
41.4820000000036,8976
41.4820000000036,8484
41.4820000000036,9254
41.4820000000036,9654
41.5290000000023,10594
41.5290000000023,10692
41.5290000000023,11108
41.5290000000023,10122
41.5290000000023,9464
41.5290000000023,8730
41.5290000000023,9024
41.5290000000023,9336
41.5290000000023,9774
41.5760000000009,10246
41.5760000000009,9048
41.5760000000009,8080
41.5760000000009,7888
41.5760000000009,9376
41.5760000000009,10096
41.5760000000009,10600
41.5760000000009,10698
41.5760000000009,11096
41.5760000000009,9962
41.6230000000069,9250
41.6230000000069,8694
41.6230000000069,9202
41.6230000000069,9798
41.6230000000069,9758
41.6230000000069,10302
41.6230000000069,9444
41.6230000000069,7832
41.6230000000069,7838
41.6700000000055,9408
41.6700000000055,10518
41.6700000000055,10598
41.6700000000055,10876
41.6700000000055,10744
41.6700000000055,9684
41.6700000000055,8772
41.6700000000055,8278
41.6700000000055,9194
41.6700000000055,9962
41.7180000000008,9676
41.7180000000008,10086
41.7180000000008,9362
41.7180000000008,7636
41.7180000000008,8576
41.7180000000008,9470
41.7180000000008,10690
41.7180000000008,10618
41.7640000000029,11132
41.7640000000029,10446
41.7640000000029,9748
41.7640000000029,8228
41.7640000000029,7946
41.7640000000029,9132
41.7640000000029,9938
41.7640000000029,9630
41.7640000000029,9742
41.7640000000029,9104
41.8120000000054,8402
41.8120000000054,9168
41.8120000000054,9690
41.8120000000054,10588
41.8120000000054,10686
41.8120000000054,11112
41.8120000000054,10096
41.8120000000054,9448
41.8120000000054,8768
41.859000000004,8804
41.859000000004,9068
41.859000000004,9808
41.859000000004,10224
41.859000000004,9218
41.859000000004,8280
41.859000000004,7946
41.859000000004,9358
41.859000000004,10434
41.859000000004,10608
41.9070000000065,11020
41.9070000000065,10574
41.9070000000065,9802
41.9070000000065,8612
41.9070000000065,8180
41.9070000000065,9202
41.9070000000065,9982
41.9070000000065,9686
41.9070000000065,10292
41.9530000000013,9378
41.9530000000013,7628
41.9530000000013,8114
41.9530000000013,9520
41.9530000000013,10690
41.9530000000013,10672
41.9530000000013,11170
41.9530000000013,10554
41.9530000000013,9876
42.0010000000038,8106
42.0010000000038,7920
42.0010000000038,9110
42.0010000000038,9912
42.0010000000038,9638
42.0010000000038,9874
42.0010000000038,9228
42.0010000000038,8288
42.0010000000038,9038
42.0010000000038,9676
42.0480000000025,10470
42.0480000000025,10690
42.0480000000025,11158
42.0480000000025,10272
42.0480000000025,9674
42.0480000000025,8730
42.0480000000025,8988
42.0480000000025,9100
42.0480000000025,9810
42.0950000000012,10266
42.0950000000012,9074
42.0950000000012,8090
42.0950000000012,8196
42.0950000000012,9356
42.0950000000012,10204
42.0950000000012,10598
42.0950000000012,10666
42.0950000000012,11016
42.1419999999998,9738
42.1419999999998,8890
42.1419999999998,8352
42.1419999999998,9212
42.1419999999998,9936
42.1419999999998,9666
42.1419999999998,10092
42.1419999999998,9358
42.1419999999998,7608
42.1890000000058,8674
42.1890000000058,9428
42.1890000000058,10558
42.1890000000058,10624
42.1890000000058,11108
42.1890000000058,10542
42.1890000000058,9864
42.1890000000058,8078
42.1890000000058,7874
42.2360000000044,9094
42.2360000000044,9932
42.2360000000044,10040
42.2360000000044,9628
42.2360000000044,8936
42.2360000000044,8444
42.2360000000044,9332
42.2360000000044,9644
42.2360000000044,10434
42.2360000000044,10672
42.2830000000031,11134
42.2830000000031,10276
42.2830000000031,9696
42.2830000000031,8684
42.2830000000031,8910
42.2830000000031,9070
42.2830000000031,9810
42.2830000000031,10250
42.2830000000031,9162
42.3300000000017,8224
42.3300000000017,7926
42.3300000000017,9356
42.3300000000017,10440
42.3300000000017,10600
42.3300000000017,11020
42.3300000000017,10620
42.3300000000017,9746
42.3300000000017,8678
42.3300000000017,8622
42.3770000000004,9274
42.3770000000004,9844
42.3770000000004,9746
42.3770000000004,10312
42.3770000000004,9444
42.3770000000004,7730
42.3770000000004,7806
42.3770000000004,9450
42.3770000000004,10604
42.4250000000029,10660
