25.3729999999996,8756
25.3729999999996,8192
25.3729999999996,6724
25.4199999999983,6560
25.4199999999983,7526
25.4199999999983,8166
25.4199999999983,8062
25.4199999999983,8552
25.4199999999983,7792
25.4199999999983,7282
25.4199999999983,7012
25.4199999999983,7654
25.4679999999935,8064
25.4679999999935,8992
25.4679999999935,9148
25.4679999999935,9382
25.4679999999935,9716
25.4679999999935,9532
25.4679999999935,8786
25.4679999999935,8234
25.4679999999935,6774
25.5149999999994,6862
25.5149999999994,7580
25.5149999999994,7982
25.5149999999994,8070
25.5149999999994,8536
25.5149999999994,7798
25.5149999999994,7298
25.5149999999994,7002
25.5149999999994,7642
25.5149999999994,8074
25.5619999999981,8986
25.5619999999981,9084
25.5619999999981,9362
25.5619999999981,9684
25.5619999999981,9584
25.5619999999981,8936
25.5619999999981,8386
25.5619999999981,7108
25.5619999999981,6862
25.6079999999929,7590
25.6079999999929,8006
25.6079999999929,8098
25.6079999999929,8578
25.6079999999929,7900
25.6079999999929,7704
25.6079999999929,6440
25.6079999999929,7186
25.6079999999929,7998
25.6079999999929,8858
25.6559999999954,9060
25.6559999999954,9356
25.6559999999954,9696
25.6559999999954,9614
25.6559999999954,9004
25.6559999999954,8422
25.6559999999954,7324
25.6559999999954,6974
25.7029999999941,7218
25.7029999999941,7416
25.7029999999941,8142
25.7029999999941,8424
25.7029999999941,8216
25.7029999999941,7716
25.7029999999941,6282
25.7029999999941,6580
25.7029999999941,7972
25.7029999999941,8802
25.75,9032
25.75,9352
25.75,9438
25.75,9710
25.75,9116
25.75,8500
25.75,7998
25.75,7064
25.75,6976
25.7979999999952,7446
25.7979999999952,8084
25.7979999999952,8042
25.7979999999952,8304
25.7979999999952,7826
25.7979999999952,6430
25.7979999999952,6734
25.7979999999952,7904
25.7979999999952,8212
25.7979999999952,8832
25.8449999999939,9228
25.8449999999939,9404
25.8449999999939,9702
25.8449999999939,9366
25.8449999999939,8598
25.8449999999939,8078
25.8449999999939,6602
25.8449999999939,6498
25.8449999999939,7530
25.8449999999939,8124
25.8919999999998,8044
25.8919999999998,8526
25.8919999999998,7530
25.8919999999998,6902
25.8919999999998,6802
25.8919999999998,7920
25.8919999999998,8110
25.8919999999998,8968
25.8919999999998,9204
25.9389999999985,9382
25.9389999999985,9706
25.9389999999985,9532
25.9389999999985,8808
25.9389999999985,8248
25.9389999999985,6816
25.9389999999985,6636
25.9389999999985,7554
25.9389999999985,8124
25.9869999999937,8070
25.9869999999937,8536
25.9869999999937,7638
25.9869999999937,7036
25.9869999999937,6874
25.9869999999937,7534
25.9869999999937,8054
25.9869999999937,8942
25.9869999999937,9122
26.0339999999997,9402
26.0339999999997,9722
26.0339999999997,9630
26.0339999999997,9022
26.0339999999997,8434
26.0339999999997,7320
26.0339999999997,6980
26.0339999999997,7510
26.0339999999997,7826
26.0339999999997,8130
26.0819999999949,8432
26.0819999999949,8188
26.0819999999949,7710
26.0819999999949,6266
26.0819999999949,6658
26.0819999999949,7972
26.0819999999949,8796
26.0819999999949,9022
26.0819999999949,9320
26.127999999997,9602
26.127999999997,9618
26.127999999997,9136
26.127999999997,8334
26.127999999997,7770
26.127999999997,7180
26.127999999997,7098
26.127999999997,7408
26.127999999997,8136
26.127999999997,8320
26.1759999999995,8258
26.1759999999995,7746
26.1759999999995,6318
26.1759999999995,6550
26.1759999999995,7888
26.1759999999995,8500
26.1759999999995,8946
26.1759999999995,9250
26.1759999999995,9392
26.2229999999981,9656
26.2229999999981,9130
26.2229999999981,8342
26.2229999999981,7780
26.2229999999981,7180
26.2229999999981,7110
26.2229999999981,7442
26.2229999999981,8160
26.2229999999981,8104
26.2699999999968,8510
26.2699999999968,7944
26.2699999999968,6672
26.2699999999968,6754
26.2699999999968,7988
26.2699999999968,8560
26.2699999999968,9060
26.2699999999968,9394
26.2699999999968,9552
26.3179999999993,9830
26.3179999999993,9302
26.3179999999993,8496
26.3179999999993,8232
26.3179999999993,6914
26.3179999999993,6872
26.3179999999993,7616
26.3179999999993,8388
26.3179999999993,8216
26.3179999999993,8460
26.364999999998,7988
26.364999999998,6576
26.364999999998,6718
26.364999999998,8090
26.364999999998,8796
26.364999999998,9002
26.364999999998,9382
26.364999999998,9530
26.364999999998,9802
26.364999999998,9250
26.4119999999966,8330
26.4119999999966,7726
26.4119999999966,7408
26.4119999999966,7524
26.4119999999966,7570
26.4119999999966,8274
26.4119999999966,8678
26.4119999999966,8428
26.4119999999966,7890
26.4599999999991,6446
26.4599999999991,6692
26.4599999999991,8114
26.4599999999991,8942
26.4599999999991,9178
26.4599999999991,9448
26.4599999999991,9792
26.4599999999991,9692
26.4599999999991,8966
26.5069999999978,8398
26.5069999999978,6934
26.5069999999978,7012
26.5069999999978,7754
26.5069999999978,8196
26.5069999999978,8288
26.5069999999978,8766
26.5069999999978,8084
26.5069999999978,7596
26.5539999999964,7134
26.5539999999964,7716
26.5539999999964,8212
26.5539999999964,9130
26.5539999999964,9290
26.5539999999964,9506
26.5539999999964,9834
26.5539999999964,9756
26.5539999999964,9076
26.5539999999964,8524
26.6009999999951,7144
26.6009999999951,6914
26.6009999999951,7720
26.6009999999951,8248
26.6009999999951,8258
26.6009999999951,8720
26.6009999999951,7908
26.6009999999951,7354
26.6009999999951,7114
26.6479999999938,7566
26.6479999999938,8192
26.6479999999938,9096
26.6479999999938,9260
26.6479999999938,9516
26.6479999999938,9856
26.6479999999938,9692
26.6479999999938,8906
26.6479999999938,8346
26.6479999999938,6846
26.6949999999997,6674
26.6949999999997,7710
26.6949999999997,8244
26.6949999999997,8242
26.6949999999997,8716
26.6949999999997,7878
26.6949999999997,7298
26.6949999999997,7064
26.6949999999997,7916
26.7419999999984,8254
26.7419999999984,9234
26.7419999999984,9326
26.7419999999984,9512
26.7419999999984,9828
26.7419999999984,9670
26.7419999999984,8760
26.7419999999984,8238
26.7419999999984,6750
26.7899999999936,6702
26.7899999999936,7632
26.7899999999936,8392
26.7899999999936,8224
26.7899999999936,8496
26.7899999999936,8026
26.7899999999936,6638
26.7899999999936,6740
26.7899999999936,8130
26.8369999999995,8316
26.8369999999995,8986
26.8369999999995,9362
26.8369999999995,9520
26.8369999999995,9808
26.8369999999995,9280
26.8369999999995,8396
26.8369999999995,7816
26.8369999999995,7376
26.8369999999995,7416
26.8829999999944,7554
26.8829999999944,8248
26.8829999999944,8198
26.8829999999944,8448
26.8829999999944,7908
26.8829999999944,6452
26.8829999999944,6658
26.8829999999944,8088
26.8829999999944,8932
26.9309999999969,9172
26.9309999999969,9450
26.9309999999969,9814
26.9309999999969,9722
26.9309999999969,9044
26.9309999999969,8490
26.9309999999969,7484
26.9309999999969,7130
26.9309999999969,7700
26.9309999999969,8044
26.9779999999955,8252
26.9779999999955,8720
26.9779999999955,8104
26.9779999999955,7622
26.9779999999955,7082
26.9779999999955,7644
26.9779999999955,8180
26.9779999999955,9112
26.9779999999955,9270
27.0249999999942,9474
27.0249999999942,9814
27.0249999999942,9670
27.0249999999942,8878
27.0249999999942,8330
27.0249999999942,6832
27.0249999999942,6672
27.0249999999942,7662
27.0249999999942,8360
27.0719999999928,8186
27.0719999999928,8736
27.0719999999928,7966
27.0719999999928,6714
27.0719999999928,6966
27.0719999999928,8018
27.0719999999928,8252
27.0719999999928,9096
27.0719999999928,9356
27.1189999999988,9520
27.1189999999988,9820
27.1189999999988,9306
27.1189999999988,8484
27.1189999999988,7916
27.1189999999988,7354
27.1189999999988,7310
27.1189999999988,7554
27.1189999999988,8172
27.1189999999988,8152
27.166999999994,8454
27.166999999994,7920
27.166999999994,6488
27.166999999994,6684
27.166999999994,8084
27.166999999994,8884
27.166999999994,9156
27.166999999994,9434
27.166999999994,9798
27.2129999999961,9756
27.2129999999961,9162
27.2129999999961,8562
27.2129999999961,7448
27.2129999999961,7118
27.2129999999961,7714
27.2129999999961,8038
27.2129999999961,8224
27.2129999999961,8706
27.2129999999961,8026
27.2609999999986,7530
27.2609999999986,7124
27.2609999999986,7436
27.2609999999986,8136
27.2609999999986,9032
27.2609999999986,9214
27.2609999999986,9460
27.2609999999986,9814
27.2609999999986,9552
27.3079999999973,8742
27.3079999999973,8224
27.3079999999973,6802
27.3079999999973,6748
27.3079999999973,7622
27.3079999999973,8464
27.3079999999973,8216
27.3079999999973,8722
27.3079999999973,7684
27.3559999999998,6928
27.3559999999998,6888
27.3559999999998,8052
27.3559999999998,8396
27.3559999999998,9032
27.3559999999998,9376
27.3559999999998,9520
27.3559999999998,9782
27.3559999999998,9238
27.3559999999998,8352
27.4029999999984,7970
27.4029999999984,7344
27.4029999999984,7262
27.4029999999984,7572
27.4029999999984,8294
27.4029999999984,8458
27.4029999999984,8372
27.4029999999984,7864
27.4029999999984,6386
27.4509999999937,6784
27.4509999999937,8114
27.4509999999937,8966
27.4509999999937,9132
27.4509999999937,9412
27.4509999999937,9766
27.4509999999937,9720
27.4509999999937,9048
27.4509999999937,8500
27.4509999999937,7124
27.4979999999996,6920
27.4979999999996,7726
27.4979999999996,8222
27.4979999999996,8224
27.4979999999996,8704
27.4979999999996,8104
27.4979999999996,7638
27.4979999999996,7084
27.4979999999996,7648
27.5449999999983,8176
27.5449999999983,9084
27.5449999999983,9250
27.5449999999983,9470
27.5449999999983,9810
27.5449999999983,9290
27.5449999999983,8606
27.5449999999983,8068
27.5449999999983,6780
27.5919999999969,6646
27.5919999999969,7642
27.5919999999969,8414
27.5919999999969,8180
27.5919999999969,8542
27.5919999999969,8008
27.5919999999969,6638
27.5919999999969,6754
27.5919999999969,8052
27.6389999999956,8730
27.6389999999956,8968
27.6389999999956,9368
27.6389999999956,9530
27.6389999999956,9828
27.6389999999956,9286
27.6389999999956,8478
27.6389999999956,7894
27.6389999999956,7350
27.6389999999956,7298
27.6869999999981,7562
27.6869999999981,8278
27.6869999999981,8586
27.6869999999981,8294
27.6869999999981,7916
27.6869999999981,6476
27.6869999999981,6684
27.6869999999981,8084
27.6869999999981,8874
27.7339999999967,9140
27.7339999999967,9408
27.7339999999967,9752
27.7339999999967,9670
27.7339999999967,8936
27.7339999999967,8366
27.7339999999967,6898
27.7339999999967,6738
27.7339999999967,7736
27.7339999999967,8170
27.7809999999954,8206
27.7809999999954,8694
27.7809999999954,7872
27.7809999999954,7294
27.7809999999954,7062
27.7809999999954,7914
27.7809999999954,8206
27.7809999999954,9228
27.7809999999954,9286
27.8279999999941,9444
27.8279999999941,9728
27.8279999999941,9240
27.8279999999941,8422
27.8279999999941,7848
27.8279999999941,7354
27.8279999999941,7372
27.8279999999941,7544
27.8279999999941,8264
27.8759999999966,8586
27.8759999999966,8244
27.8759999999966,7822
27.8759999999966,6770
27.8759999999966,7452
27.8759999999966,8094
27.8759999999966,8906
27.8759999999966,9148
27.8759999999966,9418
27.9229999999952,9778
27.9229999999952,9664
27.9229999999952,8920
27.9229999999952,8356
27.9229999999952,6884
27.9229999999952,6724
27.9229999999952,7664
27.9229999999952,8166
27.9229999999952,8170
27.9229999999952,8660
27.9699999999939,7750
27.9699999999939,7136
27.9699999999939,6976
27.9699999999939,8028
27.9699999999939,8208
27.9699999999939,8958
27.9699999999939,9294
27.9699999999939,9402
27.9699999999939,9686
28.0169999999998,9064
28.0169999999998,8524
28.0169999999998,7226
28.0169999999998,7288
28.0169999999998,7570
28.0169999999998,7726
28.0169999999998,8202
28.0169999999998,8664
28.0169999999998,8064
28.0169999999998,7596
28.0649999999951,7084
28.0649999999951,7664
28.0649999999951,8146
28.0649999999951,9086
28.0649999999951,9168
28.0649999999951,9408
28.0649999999951,9768
28.0649999999951,9230
28.0649999999951,8582
28.0649999999951,8038
28.1119999999937,7288
28.1119999999937,7242
28.1119999999937,7550
28.1119999999937,8254
28.1119999999937,8382
28.1119999999937,8336
28.1119999999937,7950
28.1119999999937,6538
28.1119999999937,6698
28.1599999999962,8042
28.1599999999962,8796
28.1599999999962,9106
28.1599999999962,9382
28.1599999999962,9746
28.1599999999962,9666
28.1599999999962,8940
28.1599999999962,8372
28.1599999999962,6904
28.2069999999949,6724
28.2069999999949,7716
28.2069999999949,8134
28.2069999999949,8162
28.2069999999949,8650
28.2069999999949,7750
28.2069999999949,7140
28.2069999999949,6992
28.2069999999949,8012
28.2539999999935,8186
28.2539999999935,8920
28.2539999999935,9284
28.2539999999935,9404
28.2539999999935,9684
28.2539999999935,9054
28.2539999999935,8346
28.2539999999935,7602
28.2539999999935,7242
28.2539999999935,7590
28.3009999999995,7780
28.3009999999995,8188
28.3009999999995,8664
28.3009999999995,8006
28.3009999999995,7534
28.3009999999995,7110
28.3009999999995,7716
28.3009999999995,8104
28.3009999999995,8994
28.3489999999947,9172
28.3489999999947,9398
28.3489999999947,9746
28.3489999999947,9228
28.3489999999947,8442
28.3489999999947,7880
28.3489999999947,7330
28.3489999999947,7274
28.3489999999947,7508
28.3489999999947,8224
28.3959999999934,8142
28.3959999999934,8366
28.3959999999934,7842
28.3959999999934,6384
28.3959999999934,6678
28.3959999999934,8064
28.3959999999934,8904
28.3959999999934,9116
28.4429999999993,9358
28.4429999999993,9728
28.4429999999993,9156
28.4429999999993,8480
28.4429999999993,7920
28.4429999999993,6796
28.4429999999993,6770
28.4429999999993,7600
28.4429999999993,8346
28.4429999999993,8152
28.4909999999945,8434
28.4909999999945,7910
28.4909999999945,6476
28.4909999999945,6682
28.4909999999945,8058
28.4909999999945,8850
28.4909999999945,9060
28.4909999999945,9330
28.4909999999945,9732
28.4909999999945,9644
28.538999999997,8916
28.538999999997,8356
28.538999999997,6888
28.538999999997,6724
28.538999999997,7674
28.538999999997,8288
28.538999999997,8146
28.538999999997,8696
28.538999999997,7904
28.5859999999957,6728
28.5859999999957,6980
28.5859999999957,7996
28.5859999999957,8192
28.5859999999957,8936
28.5859999999957,9290
28.5859999999957,9404
28.5859999999957,9692
28.5859999999957,9058
28.5859999999957,8510
28.6329999999944,7206
28.6329999999944,6960
28.6329999999944,7700
28.6329999999944,7816
28.6329999999944,8202
28.6329999999944,8654
28.6329999999944,8026
28.6329999999944,7554
28.679999999993,7100
28.679999999993,7694
28.679999999993,8152
28.679999999993,9104
28.679999999993,9238
28.679999999993,9414
28.679999999993,9728
28.679999999993,9194
28.679999999993,8300
28.679999999993,7636
28.726999999999,7310
28.726999999999,7246
28.726999999999,7540
28.726999999999,8260
28.726999999999,8496
28.726999999999,8306
28.726999999999,7816
28.726999999999,6386
28.726999999999,7072
28.7749999999942,8098
28.7749999999942,8950
28.7749999999942,9104
28.7749999999942,9366
28.7749999999942,9692
28.7749999999942,9614
28.7749999999942,8828
28.7749999999942,8284
28.7749999999942,6790
28.7749999999942,6642
28.8219999999928,7636
28.8219999999928,8360
28.8219999999928,8162
28.8219999999928,8614
28.8219999999928,7992
28.8219999999928,7068
28.8219999999928,6950
28.8219999999928,8070
28.8219999999928,8244
28.8689999999988,8914
28.8689999999988,9306
28.8689999999988,9438
28.8689999999988,9720
28.8689999999988,9130
28.8689999999988,8550
28.8689999999988,7406
28.8689999999988,7114
28.8689999999988,7734
28.8689999999988,7530
28.9159999999974,8258
28.9159999999974,8596
28.9159999999974,8228
28.9159999999974,7806
28.9159999999974,6826
28.9159999999974,7454
28.9159999999974,8134
28.9159999999974,9022
28.9639999999999,9198
28.9639999999999,9444
28.9639999999999,9794
28.9639999999999,9654
28.9639999999999,8906
28.9639999999999,8336
28.9639999999999,6858
28.9639999999999,6712
28.9639999999999,7664
28.9639999999999,8300
29.0109999999986,8170
29.0109999999986,8710
29.0109999999986,7770
29.0109999999986,6812
29.0109999999986,6820
29.0109999999986,7952
29.0109999999986,8202
29.0109999999986,9218
29.0109999999986,9280
29.0109999999986,9448
29.0579999999973,9736
29.0579999999973,9198
29.0579999999973,8274
29.0579999999973,7674
29.0579999999973,7370
29.0579999999973,7514
29.0579999999973,7550
29.0579999999973,8218
29.0579999999973,8356
29.1049999999959,8346
29.1049999999959,7838
29.1049999999959,6370
29.1049999999959,6694
29.1049999999959,8058
29.1049999999959,8900
29.1049999999959,9122
29.1049999999959,9378
29.1049999999959,9722
29.1049999999959,9582
29.1529999999984,8750
29.1529999999984,8202
29.1529999999984,6708
29.1529999999984,6750
29.1529999999984,7672
29.1529999999984,8234
29.1529999999984,8142
29.1529999999984,8638
29.1529999999984,7590
29.1999999999971,6918
29.1999999999971,6874
29.1999999999971,8012
29.1999999999971,8310
29.1999999999971,8956
29.1999999999971,9300
29.1999999999971,9428
29.1999999999971,9756
29.1999999999971,9234
29.2479999999996,8442
29.2479999999996,7868
29.2479999999996,7294
29.2479999999996,7252
29.2479999999996,7520
29.2479999999996,8234
29.2479999999996,8510
29.2479999999996,8280
29.2479999999996,7798
29.2949999999983,6344
29.2949999999983,6674
29.2949999999983,8032
29.2949999999983,8746
29.2949999999983,9084
29.2949999999983,9366
29.2949999999983,9700
29.2949999999983,9660
29.2949999999983,9024
29.2949999999983,8468
29.3419999999969,7180
29.3419999999969,6946
29.3419999999969,7684
29.3419999999969,7652
29.3419999999969,8182
29.3419999999969,8618
29.3419999999969,8104
29.3419999999969,7708
29.3419999999969,6982
29.3899999999994,7500
29.3899999999994,8114
29.3899999999994,8998
29.3899999999994,9168
29.3899999999994,9412
29.3899999999994,9762
29.3899999999994,9624
29.3899999999994,8920
29.3899999999994,8350
29.3899999999994,6920
29.4369999999981,6744
29.4369999999981,7644
29.4369999999981,8198
29.4369999999981,8134
29.4369999999981,8608
29.4369999999981,7628
29.4369999999981,7000
29.4369999999981,6898
29.4369999999981,7700
29.4839999999967,8136
29.4839999999967,9054
29.4839999999967,9198
29.4839999999967,9408
29.4839999999967,9732
29.4839999999967,9172
29.4839999999967,8568
29.4839999999967,8078
29.4839999999967,7130
29.5309999999954,7038
29.5309999999954,7508
29.5309999999954,8270
29.5309999999954,8100
29.5309999999954,8658
29.5309999999954,7858
29.5309999999954,6694
29.5309999999954,6714
29.5309999999954,7910
29.5309999999954,8516
29.5789999999979,8994
29.5789999999979,9290
29.5789999999979,9394
29.5789999999979,9654
29.5789999999979,9086
29.5789999999979,8408
29.5789999999979,7806
29.5789999999979,7272
29.5789999999979,7164
29.6259999999966,7452
29.6259999999966,8180
29.6259999999966,8474
29.6259999999966,8222
29.6259999999966,7744
29.6259999999966,6304
29.6259999999966,6986
29.6259999999966,8026
29.6259999999966,8736
29.6259999999966,9044
29.6739999999991,9336
29.6739999999991,9628
29.6739999999991,9644
29.6739999999991,9040
29.6739999999991,8480
29.6739999999991,7324
29.6739999999991,7032
29.6739999999991,7636
29.6739999999991,7950
29.7209999999977,8130
29.7209999999977,8506
29.7209999999977,8166
29.7209999999977,7726
29.7209999999977,6502
29.7209999999977,7254
29.7209999999977,8052
29.7209999999977,8906
29.7209999999977,9110
29.7679999999964,9388
29.7679999999964,9692
29.7679999999964,9630
29.7679999999964,8968
29.7679999999964,8418
29.7679999999964,7092
29.7679999999964,7140
29.7679999999964,7508
29.7679999999964,7688
29.8149999999951,8126
29.8149999999951,8576
29.8149999999951,8032
29.8149999999951,7562
29.8149999999951,6960
29.8149999999951,7468
29.8149999999951,8008
29.8149999999951,8848
29.8149999999951,9070
29.8149999999951,9332
29.8619999999937,9644
29.8619999999937,9582
29.8619999999937,8874
29.8619999999937,8314
29.8619999999937,6884
29.8619999999937,6708
29.8619999999937,7616
29.8619999999937,8166
29.8619999999937,8130
29.9089999999997,8612
29.9089999999997,7988
29.9089999999997,7524
29.9089999999997,7022
29.9089999999997,7570
29.9089999999997,8100
29.9089999999997,8982
29.9089999999997,9156
29.9089999999997,9402
29.9089999999997,9720
29.9559999999983,9572
29.9559999999983,8818
29.9559999999983,8254
29.9559999999983,7100
29.9559999999983,6872
29.9559999999983,7616
29.9559999999983,8090
29.9559999999983,8142
29.9559999999983,8618
30.0039999999935,7872
30.0039999999935,7370
30.0039999999935,7068
30.0039999999935,7698
30.0039999999935,8100
30.0039999999935,8922
30.0039999999935,9104
30.0039999999935,9356
30.0039999999935,9690
30.0509999999995,9542
30.0509999999995,8766
30.0509999999995,8212
30.0509999999995,6728
30.0509999999995,6586
30.0509999999995,7570
30.0509999999995,8248
30.0509999999995,8104
30.0509999999995,8638
30.0509999999995,7782
30.0979999999981,7228
30.0979999999981,6992
30.0979999999981,7776
30.0979999999981,8114
30.0979999999981,9090
30.0979999999981,9188
30.0979999999981,9378
30.0979999999981,9686
30.0979999999981,9152
30.1459999999934,8428
30.1459999999934,7868
30.1459999999934,7218
30.1459999999934,6544
30.1459999999934,7524
30.1459999999934,8326
30.1459999999934,8100
30.1459999999934,8402
30.1459999999934,7908
30.1459999999934,6550
30.1929999999993,6658
30.1929999999993,7936
30.1929999999993,8598
30.1929999999993,9012
30.1929999999993,9254
30.1929999999993,9428
30.1929999999993,9722
30.1929999999993,9148
30.1929999999993,8488
30.239999999998,7934
30.239999999998,7200
30.239999999998,7136
30.239999999998,7490
30.239999999998,8166
30.239999999998,8110
30.239999999998,8340
30.239999999998,7798
30.239999999998,6646
30.2869999999966,6694
30.2869999999966,7908
30.2869999999966,8540
30.2869999999966,8992
30.2869999999966,9280
30.2869999999966,9404
30.2869999999966,9676
30.2869999999966,9126
30.2869999999966,8218
30.3339999999953,7608
30.3339999999953,7252
30.3339999999953,7182
30.3339999999953,7474
30.3339999999953,8176
30.3339999999953,8182
30.3339999999953,8324
30.3339999999953,7780
30.3339999999953,6366
30.3339999999953,6606
30.3819999999978,7988
30.3819999999978,8792
30.3819999999978,9054
30.3819999999978,9284
30.3819999999978,9394
30.3819999999978,9650
30.3819999999978,9094
30.3819999999978,8314
30.3819999999978,7508
30.4289999999964,7202
30.4289999999964,7490
30.4289999999964,7612
30.4289999999964,8186
30.4289999999964,8598
30.4289999999964,8340
30.4289999999964,7802
30.4289999999964,6386
30.4289999999964,6616
30.4289999999964,7996
30.4759999999951,8788
30.4759999999951,9050
30.4759999999951,9342
30.4759999999951,9660
30.4759999999951,9648
30.4759999999951,9038
30.4759999999951,8470
30.4759999999951,7324
30.4759999999951,7036
30.5229999999938,7294
30.5229999999938,7462
30.5229999999938,8182
30.5229999999938,8526
30.5229999999938,8218
30.5229999999938,7756
30.5229999999938,6312
30.5229999999938,6878
30.5229999999938,8026
30.5229999999938,8864
30.5709999999963,9028
30.5709999999963,9312
30.5709999999963,9566
30.5709999999963,9650
30.5709999999963,9076
30.5709999999963,8406
30.5709999999963,7446
30.5709999999963,7038
30.6169999999984,7520
30.6169999999984,7724
30.6169999999984,8186
30.6169999999984,8362
30.6169999999984,8346
30.6169999999984,7808
30.6169999999984,6386
30.6169999999984,6612
30.6169999999984,7998
30.6169999999984,8772
30.6649999999936,9040
30.6649999999936,9332
30.6649999999936,9578
30.6649999999936,9640
30.6649999999936,9060
30.6649999999936,8422
30.6649999999936,7416
30.6649999999936,7222
30.6649999999936,7210
30.7119999999995,7482
30.7119999999995,8206
30.7119999999995,8378
30.7119999999995,8310
30.7119999999995,7780
30.7119999999995,6350
30.7119999999995,6576
30.7119999999995,7982
30.7119999999995,8788
30.7119999999995,8978
30.7599999999948,9290
30.7599999999948,9438
30.7599999999948,9696
30.7599999999948,9176
30.7599999999948,8432
30.7599999999948,7852
30.7599999999948,7206
30.7599999999948,7156
30.7599999999948,7454
30.7599999999948,8166
30.8069999999934,8206
30.8069999999934,8442
30.8069999999934,7894
30.8069999999934,6566
30.8069999999934,6646
30.8069999999934,7900
30.8069999999934,8556
30.8069999999934,8976
30.8069999999934,9276
30.8539999999994,9418
30.8539999999994,9686
30.8539999999994,9166
30.8539999999994,8342
30.8539999999994,7762
30.8539999999994,7212
30.8539999999994,6802
30.8539999999994,7478
30.900999999998,8088
30.900999999998,8054
30.900999999998,8316
30.900999999998,7834
30.900999999998,6440
30.900999999998,6596
30.900999999998,7936
30.900999999998,8650
30.900999999998,8860
30.900999999998,9234
30.9479999999967,9398
30.9479999999967,9674
30.9479999999967,9156
30.9479999999967,8366
30.9479999999967,7806
30.9479999999967,7206
30.9479999999967,7146
30.9479999999967,7458
30.9479999999967,8186
30.9479999999967,8360
30.9949999999953,8296
30.9949999999953,7914
30.9949999999953,6570
30.9949999999953,6672
30.9949999999953,7926
30.9949999999953,8550
30.9949999999953,8976
30.9949999999953,9276
30.9949999999953,9414
31.041999999994,9680
31.041999999994,9152
31.041999999994,8330
31.041999999994,7762
31.041999999994,7216
31.041999999994,6786
31.041999999994,7504
31.041999999994,8260
31.041999999994,8114
31.041999999994,8356
31.0899999999965,7910
31.0899999999965,6550
31.0899999999965,6662
31.0899999999965,7924
31.0899999999965,8562
31.0899999999965,8982
31.0899999999965,9212
31.0899999999965,9394
31.0899999999965,9686
31.1369999999952,9074
31.1369999999952,8506
31.1369999999952,7992
31.1369999999952,7104
31.1369999999952,7032
31.1369999999952,7478
31.1369999999952,8140
31.1369999999952,8078
31.1369999999952,8352
31.1849999999977,7852
31.1849999999977,6802
31.1849999999977,6784
31.1849999999977,7920
31.1849999999977,8314
31.1849999999977,8818
31.1849999999977,9238
31.1849999999977,9398
31.1849999999977,9680
31.2319999999963,9162
31.2319999999963,8412
31.2319999999963,7844
31.2319999999963,7200
31.2319999999963,7156
31.2319999999963,7508
31.2319999999963,8324
31.2319999999963,8080
31.2319999999963,8504
31.2319999999963,7894
31.278999999995,6610
31.278999999995,6672
31.278999999995,7894
31.278999999995,8524
31.278999999995,8958
31.278999999995,9266
31.278999999995,9398
31.278999999995,9686
31.278999999995,9120
31.3269999999975,8550
31.3269999999975,8080
31.3269999999975,6956
31.3269999999975,6918
31.3269999999975,7488
31.3269999999975,8238
31.3269999999975,8094
31.3269999999975,8324
31.3269999999975,7890
31.3269999999975,6884
31.3739999999962,6836
31.3739999999962,7982
31.3739999999962,8202
31.3739999999962,8904
31.3739999999962,9238
31.3739999999962,9428
31.3739999999962,9706
31.3739999999962,9466
31.3739999999962,8658
31.4209999999948,8106
31.4209999999948,6626
31.4209999999948,6662
31.4209999999948,7590
31.4209999999948,8150
31.4209999999948,8100
31.4209999999948,8576
31.4209999999948,7658
31.4209999999948,7052
31.4679999999935,6902
31.4679999999935,7878
31.4679999999935,8116
31.4679999999935,9126
31.4679999999935,9142
31.4679999999935,9384
31.4679999999935,9666
31.4679999999935,9552
31.4679999999935,8828
31.5149999999994,8264
31.5149999999994,6822
31.5149999999994,6652
31.5149999999994,7580
31.5149999999994,8146
31.5149999999994,8074
31.5149999999994,8550
31.5149999999994,7582
31.5149999999994,6964
31.5149999999994,7020
31.5619999999981,7606
31.5619999999981,8054
31.5619999999981,8978
31.5619999999981,9132
31.5619999999981,9352
31.5619999999981,9640
31.5619999999981,9502
31.5619999999981,8602
31.5619999999981,8088
31.6089999999967,6626
31.6089999999967,6550
31.6089999999967,7490
31.6089999999967,8162
31.6089999999967,8078
31.6089999999967,8552
31.6089999999967,7576
31.6089999999967,6964
31.6089999999967,6858
31.6089999999967,7914
31.6569999999992,8084
31.6569999999992,8926
31.6569999999992,9176
31.6569999999992,9348
31.6569999999992,9640
31.6569999999992,9440
31.6569999999992,8576
31.6569999999992,8078
31.6569999999992,6646
31.7029999999941,6570
31.7029999999941,7482
31.7029999999941,8244
31.7029999999941,8058
31.7029999999941,8346
31.7029999999941,7874
31.7029999999941,6524
31.7029999999941,6638
31.7029999999941,7940
31.7509999999966,8098
31.7509999999966,8832
31.7509999999966,9162
31.7509999999966,9322
31.7509999999966,9592
31.7509999999966,9070
31.7509999999966,8160
31.7509999999966,7596
31.7509999999966,7238
31.7509999999966,7354
31.7979999999952,7408
31.7979999999952,8124
31.7979999999952,8478
31.7979999999952,8310
31.7979999999952,7786
31.7979999999952,6380
31.7979999999952,6594
31.7979999999952,7936
31.7979999999952,8680
31.8449999999939,8978
31.8449999999939,9270
31.8449999999939,9582
31.8449999999939,9604
31.8449999999939,9022
31.8449999999939,8418
31.8449999999939,7380
31.8449999999939,7006
31.8449999999939,7212
31.8449999999939,7432
31.8929999999964,8146
31.8929999999964,8418
31.8929999999964,8208
31.8929999999964,7724
31.8929999999964,6282
31.8929999999964,6612
31.8929999999964,7960
31.8929999999964,8792
31.8929999999964,8966
31.9399999999951,9248
31.9399999999951,9502
31.9399999999951,9592
31.9399999999951,9018
31.9399999999951,8412
31.9399999999951,7376
31.9399999999951,7028
31.9399999999951,7500
31.9399999999951,7818
31.9869999999937,8088
31.9869999999937,8542
31.9869999999937,8192
31.9869999999937,7710
31.9869999999937,6276
31.9869999999937,6720
31.9869999999937,7962
31.9869999999937,8792
31.9869999999937,9012
32.0339999999997,9286
32.0339999999997,9536
32.0339999999997,9516
32.0339999999997,8824
32.0339999999997,8264
32.0339999999997,6848
32.0339999999997,6954
32.0339999999997,7636
32.0339999999997,7970
32.0339999999997,8120
32.0819999999949,8582
32.0819999999949,7980
32.0819999999949,7556
32.0819999999949,6940
32.0819999999949,7386
32.0819999999949,8044
32.0819999999949,8922
32.0819999999949,9094
32.0819999999949,9326
32.1289999999935,9690
32.1289999999935,9604
32.1289999999935,9002
32.1289999999935,8434
32.1289999999935,7292
32.1289999999935,6996
32.1289999999935,7570
32.1289999999935,7946
32.1289999999935,8120
32.1289999999935,8582
32.176999999996,8224
32.176999999996,7736
32.176999999996,6292
32.176999999996,6636
32.176999999996,7986
32.176999999996,8808
32.176999999996,9028
32.176999999996,9320
32.176999999996,9666
32.2239999999947,9612
32.2239999999947,9028
32.2239999999947,8428
32.2239999999947,7376
32.2239999999947,7026
32.2239999999947,7228
32.2239999999947,7454
32.2239999999947,8180
32.2239999999947,8386
32.2709999999934,8300
32.2709999999934,7776
32.2709999999934,6358
32.2709999999934,6600
32.2709999999934,7982
32.2709999999934,8736
32.2709999999934,9018
32.2709999999934,9260
32.2709999999934,9408
32.2709999999934,9686
32.3189999999959,9096
32.3189999999959,8474
32.3189999999959,7956
32.3189999999959,7114
32.3189999999959,7078
32.3189999999959,7478
32.3189999999959,8090
32.3189999999959,8084
32.3189999999959,8310
32.3659999999945,7884
32.3659999999945,6872
32.3659999999945,6810
32.3659999999945,7956
32.3659999999945,8192
32.3659999999945,8860
32.3659999999945,9222
32.3659999999945,9394
32.3659999999945,9676
32.3659999999945,9290
32.413999999997,8602
32.413999999997,8084
32.413999999997,6622
32.413999999997,6622
32.413999999997,7560
32.413999999997,8156
32.413999999997,8088
32.413999999997,8546
32.413999999997,7618
32.4609999999957,7020
32.4609999999957,6874
32.4609999999957,7864
32.4609999999957,8106
32.4609999999957,9106
32.4609999999957,9130
32.4609999999957,9378
32.4609999999957,9660
32.4609999999957,9566
32.5079999999944,8886
32.5079999999944,8334
32.5079999999944,6960
32.5079999999944,6774
32.5079999999944,7582
32.5079999999944,8068
32.5079999999944,8088
32.5079999999944,8550
32.5079999999944,7770
32.5559999999969,7246
32.5559999999969,6902
32.5559999999969,7344
32.5559999999969,8016
32.5559999999969,8900
32.5559999999969,9086
32.5559999999969,9346
32.5559999999969,9598
32.5559999999969,9538
32.5559999999969,8838
32.6029999999955,8278
32.6029999999955,6892
32.6029999999955,6712
32.6029999999955,7600
32.6029999999955,7950
32.6029999999955,8098
32.6029999999955,8556
32.6029999999955,7950
32.6029999999955,7494
32.6029999999955,6946
32.6499999999942,7442
32.6499999999942,8032
32.6499999999942,8920
32.6499999999942,9100
32.6499999999942,9316
32.6499999999942,9660
32.6499999999942,9572
32.6499999999942,8932
32.6499999999942,8386
32.6969999999928,7110
32.6969999999928,6904
32.6969999999928,7636
32.6969999999928,8016
32.6969999999928,8100
32.6969999999928,8556
32.6969999999928,7894
32.6969999999928,7428
32.6969999999928,6512
32.6969999999928,7242
32.7449999999953,8008
32.7449999999953,8850
32.7449999999953,9050
32.7449999999953,9332
32.7449999999953,9702
32.7449999999953,9598
32.7449999999953,8972
32.7449999999953,8424
32.791999999994,7218
32.791999999994,6976
32.791999999994,7356
32.791999999994,7396
32.791999999994,8114
32.791999999994,8464
32.791999999994,8134
32.791999999994,7690
32.791999999994,6416
32.791999999994,7160
32.8399999999965,7986
32.8399999999965,8838
32.8399999999965,9038
32.8399999999965,9302
32.8399999999965,9618
32.8399999999965,9572
32.8399999999965,8956
32.8399999999965,8414
32.8399999999965,7202
32.8869999999952,6964
32.8869999999952,7644
32.8869999999952,7982
32.8869999999952,8090
32.8869999999952,8556
32.8869999999952,7920
32.8869999999952,7458
32.8869999999952,6412
32.8869999999952,7154
32.8869999999952,7980
32.9339999999938,8828
32.9339999999938,9032
32.9339999999938,9310
32.9339999999938,9594
32.9339999999938,9538
32.9339999999938,8850
32.9339999999938,8294
32.9339999999938,6898
32.9339999999938,6728
32.9809999999998,7600
32.9809999999998,7956
32.9809999999998,8104
32.9809999999998,8562
32.9809999999998,7950
32.9809999999998,7500
32.9809999999998,6960
32.9809999999998,7468
32.9809999999998,8026
32.9809999999998,8916
33.0279999999984,9084
33.0279999999984,9310
33.0279999999984,9578
33.0279999999984,9548
33.0279999999984,8884
33.0279999999984,8336
33.0279999999984,6966
33.0279999999984,6776
33.0279999999984,7596
33.0759999999937,8068
33.0759999999937,8104
33.0759999999937,8572
33.0759999999937,7816
33.0759999999937,7298
33.0759999999937,6892
33.0759999999937,7344
33.0759999999937,8016
33.0759999999937,8884
33.1219999999958,9064
33.1219999999958,9326
33.1219999999958,9620
33.1219999999958,9526
33.1219999999958,8802
33.1219999999958,8238
33.1219999999958,6802
33.1219999999958,6636
33.1219999999958,7638
33.1699999999983,8012
33.1699999999983,8106
33.1699999999983,8576
33.1699999999983,7914
33.1699999999983,7446
33.1699999999983,6996
33.1699999999983,7554
33.1699999999983,8042
33.1699999999983,8942
33.1699999999983,9104
33.2159999999931,9346
33.2159999999931,9594
33.2159999999931,9538
33.2159999999931,8850
33.2159999999931,8290
33.2159999999931,6894
33.2159999999931,6718
33.2159999999931,7592
33.2159999999931,8106
33.2639999999956,8088
33.2639999999956,8562
33.2639999999956,7724
33.2639999999956,7150
33.2639999999956,6940
33.2639999999956,7426
33.2639999999956,8042
33.2639999999956,8932
33.2639999999956,9096
33.2639999999956,9342
33.3109999999942,9634
33.3109999999942,9510
33.3109999999942,8742
33.3109999999942,8192
33.3109999999942,6724
33.3109999999942,6586
33.3109999999942,7544
33.3109999999942,8054
33.3109999999942,8084
33.3589999999967,8562
33.3589999999967,7808
33.3589999999967,7292
33.3589999999967,7038
33.3589999999967,7688
33.3589999999967,8074
33.3589999999967,8992
33.3589999999967,9142
33.3589999999967,9356
33.4059999999954,9620
33.4059999999954,9476
33.4059999999954,8778
33.4059999999954,8218
33.4059999999954,6780
33.4059999999954,6622
33.4059999999954,7572
33.4059999999954,8162
33.4059999999954,8094
33.4059999999954,8562
33.4539999999979,7622
33.4539999999979,7010
33.4539999999979,6874
33.4539999999979,7884
33.4539999999979,8068
33.4539999999979,8958
33.4539999999979,9130
33.4539999999979,9368
33.4539999999979,9674
33.5009999999966,9532
33.5009999999966,8792
33.5009999999966,8224
33.5009999999966,6780
33.5009999999966,6626
33.5009999999966,7570
33.5009999999966,8170
33.5009999999966,8110
33.5009999999966,8572
33.5009999999966,7884
33.5479999999952,7402
33.5479999999952,7010
33.5479999999952,7590
33.5479999999952,8070
33.5479999999952,8976
33.5479999999952,9132
33.5479999999952,9368
33.5479999999952,9664
33.5479999999952,9512
33.5949999999939,8896
33.5949999999939,8366
33.5949999999939,7020
33.5949999999939,6810
33.5949999999939,7576
33.5949999999939,8062
33.5949999999939,8090
33.5949999999939,8568
33.5949999999939,7822
33.6419999999998,7308
33.6419999999998,7048
33.6419999999998,7668
33.6419999999998,8018
33.6419999999998,8894
33.6419999999998,9080
33.6419999999998,9342
33.6419999999998,9608
33.6419999999998,9532
33.6889999999985,8832
33.6889999999985,8274
33.6889999999985,6866
33.6889999999985,6688
33.6889999999985,7582
33.6889999999985,8130
33.6889999999985,8104
33.6889999999985,8572
33.6889999999985,7980
33.6889999999985,7520
33.7369999999937,6950
33.7369999999937,7372
33.7369999999937,8034
33.7369999999937,8922
33.7369999999937,9094
33.7369999999937,9340
33.7369999999937,9648
33.7369999999937,9512
33.7369999999937,8762
33.7839999999997,8188
33.7839999999997,6740
33.7839999999997,6842
33.7839999999997,7600
33.7839999999997,8054
33.7839999999997,8130
33.7839999999997,8592
33.7839999999997,7920
33.7839999999997,7454
33.7839999999997,6982
33.8309999999983,7546
33.8309999999983,8074
33.8309999999983,8952
33.8309999999983,9064
33.8309999999983,9348
33.8309999999983,9700
33.8309999999983,9608
33.8309999999983,9008
33.8309999999983,8458
33.8789999999935,7310
33.8789999999935,7016
33.8789999999935,7570
33.8789999999935,7962
33.8789999999935,8142
33.8789999999935,8592
33.8789999999935,8278
33.8789999999935,7776
33.8789999999935,6328
33.9259999999995,6596
33.9259999999995,7986
33.9259999999995,8778
33.9259999999995,9032
33.9259999999995,9322
33.9259999999995,9618
33.9259999999995,9630
33.9259999999995,9060
33.9259999999995,8334
33.9729999999981,7478
33.9729999999981,7176
33.9729999999981,7210
33.9729999999981,7472
33.9729999999981,8208
33.9729999999981,8228
33.9729999999981,8350
33.9729999999981,7826
33.9729999999981,6402
33.9729999999981,6596
34.0199999999968,7946
34.0199999999968,8670
34.0199999999968,8998
34.0199999999968,9230
34.0199999999968,9392
34.0199999999968,9666
34.0199999999968,9158
34.0199999999968,8376
34.0199999999968,7812
34.0199999999968,7196
34.0679999999993,7226
34.0679999999993,7500
34.0679999999993,8224
34.0679999999993,8160
34.0679999999993,8378
34.0679999999993,7864
34.0679999999993,6462
34.0679999999993,6786
34.0679999999993,7936
34.1139999999941,8254
34.1139999999941,8884
34.1139999999941,9244
34.1139999999941,9434
34.1139999999941,9686
34.1139999999941,9566
34.1139999999941,8714
34.1139999999941,8172
34.1139999999941,6684
34.1619999999966,6564
34.1619999999966,7606
34.1619999999966,8116
34.1619999999966,8126
34.1619999999966,8582
34.1619999999966,7844
34.1619999999966,7336
34.1619999999966,7052
34.1619999999966,7664
34.2089999999953,8094
34.2089999999953,8998
34.2089999999953,9158
34.2089999999953,9392
34.2089999999953,9686
34.2089999999953,9608
34.2089999999953,8962
34.2089999999953,8418
34.2089999999953,7154
34.2089999999953,6914
34.2569999999978,7642
34.2569999999978,8038
34.2569999999978,8116
34.2569999999978,8576
34.2569999999978,7926
34.2569999999978,7462
34.2569999999978,6446
34.2569999999978,7160
34.2569999999978,8002
34.3039999999964,8864
34.3039999999964,9064
34.3039999999964,9342
34.3039999999964,9680
34.3039999999964,9584
34.3039999999964,8942
34.3039999999964,8396
34.3039999999964,7098
34.3039999999964,6892
34.3039999999964,7454
34.351999999999,7534
34.351999999999,8136
34.351999999999,8514
34.351999999999,8110
34.351999999999,7700
34.351999999999,6646
34.351999999999,7308
34.351999999999,8026
34.351999999999,8894
34.351999999999,9076
34.3989999999976,9316
34.3989999999976,9628
34.3989999999976,9624
34.3989999999976,9048
34.3989999999976,8402
34.3989999999976,7442
34.3989999999976,7128
34.3989999999976,7472
34.4449999999997,7688
34.4449999999997,8136
34.4449999999997,8556
34.4449999999997,8098
34.4449999999997,7772
34.4449999999997,6328
34.4449999999997,6560
34.4449999999997,7956
34.4449999999997,8778
34.4919999999984,9024
34.4919999999984,9310
34.4919999999984,9644
34.4919999999984,9592
34.4919999999984,8976
34.4919999999984,8434
34.4919999999984,7210
34.4919999999984,7248
34.4919999999984,7386
34.4919999999984,7448
34.5399999999936,8176
34.5399999999936,8490
34.5399999999936,8212
34.5399999999936,7746
34.5399999999936,6292
34.5399999999936,6748
34.5399999999936,7996
34.5399999999936,8838
34.5399999999936,9012
34.5869999999995,9306
34.5869999999995,9404
34.5869999999995,9686
34.5869999999995,9152
34.5869999999995,8324
34.5869999999995,7756
34.5869999999995,7232
34.5869999999995,7278
34.5869999999995,7452
34.5869999999995,8172
34.6339999999982,8438
34.6339999999982,8254
34.6339999999982,7874
34.6339999999982,6482
34.6339999999982,6620
34.6339999999982,7926
34.6339999999982,8628
34.6339999999982,8994
34.6339999999982,9296
34.6809999999969,9428
34.6809999999969,9696
34.6809999999969,9178
34.6809999999969,8402
34.6809999999969,7834
34.6809999999969,7206
34.6809999999969,6548
34.6809999999969,7520
34.6809999999969,8268
34.7279999999955,8110
34.7279999999955,8614
34.7279999999955,7868
34.7279999999955,6678
34.7279999999955,6734
34.7279999999955,7858
34.7279999999955,8392
34.7279999999955,8904
34.7279999999955,9254
34.7749999999942,9402
34.7749999999942,9670
34.7749999999942,9546
34.7749999999942,8678
34.7749999999942,8136
34.7749999999942,6656
34.7749999999942,6520
34.7749999999942,7530
34.7749999999942,8314
34.7749999999942,8114
34.8219999999928,8648
34.8219999999928,7674
34.8219999999928,6796
34.8219999999928,7016
34.8219999999928,7746
34.8219999999928,8100
34.8219999999928,9032
34.8219999999928,9162
34.8219999999928,9372
34.8699999999953,9644
34.8699999999953,9500
34.8699999999953,8614
34.8699999999953,8104
34.8699999999953,6622
34.8699999999953,6540
34.8699999999953,7572
34.8699999999953,8182
34.8699999999953,8110
34.8699999999953,8586
34.916999999994,7664
34.916999999994,7058
34.916999999994,6892
34.916999999994,7864
34.916999999994,8124
34.916999999994,9116
34.916999999994,9192
34.916999999994,9378
34.916999999994,9670
34.9639999999999,9510
34.9639999999999,8710
34.9639999999999,8166
34.9639999999999,6688
34.9639999999999,6566
34.9639999999999,7554
34.9639999999999,8260
34.9639999999999,8116
34.9639999999999,8624
35.0109999999986,7576
35.0109999999986,6930
35.0109999999986,7056
35.0109999999986,7654
35.0109999999986,8098
35.0109999999986,9008
35.0109999999986,9158
35.0109999999986,9388
35.0109999999986,9680
35.0109999999986,9520
35.0589999999938,8726
35.0589999999938,8186
35.0589999999938,6712
35.0589999999938,6564
35.0589999999938,7546
35.0589999999938,8106
35.0589999999938,8120
35.0589999999938,8576
35.0589999999938,7822
35.1059999999998,7294
35.1059999999998,7046
35.1059999999998,7698
35.1059999999998,8100
35.1059999999998,9014
35.1059999999998,9158
35.1059999999998,9382
35.1059999999998,9650
35.1059999999998,9562
35.1059999999998,8858
35.1529999999984,8300
35.1529999999984,6884
35.1529999999984,6708
35.1529999999984,7592
35.1529999999984,8136
35.1529999999984,8106
35.1529999999984,8576
35.1529999999984,7720
35.1529999999984,7140
35.1999999999971,6938
35.1999999999971,7472
35.1999999999971,8062
35.1999999999971,8956
35.1999999999971,9112
35.1999999999971,9352
35.1999999999971,9650
35.1999999999971,9502
35.1999999999971,8710
35.1999999999971,8170
35.2469999999958,6688
35.2469999999958,6554
35.2469999999958,7546
35.2469999999958,8260
35.2469999999958,8126
35.2469999999958,8592
35.2469999999958,7834
35.2469999999958,7308
35.2939999999944,7058
35.2939999999944,7694
35.2939999999944,8106
35.2939999999944,9024
35.2939999999944,9168
35.2939999999944,9392
35.2939999999944,9686
35.2939999999944,9522
35.2939999999944,8722
35.2939999999944,8342
35.3419999999969,6956
35.3419999999969,6764
35.3419999999969,7618
35.3419999999969,8140
35.3419999999969,8166
35.3419999999969,8622
35.3419999999969,7926
35.3419999999969,7448
35.3419999999969,7032
35.3889999999956,7592
35.3889999999956,8094
35.3889999999956,8894
35.3889999999956,9090
35.3889999999956,9376
35.3889999999956,9738
35.3889999999956,9618
35.3889999999956,9008
35.3889999999956,8460
35.3889999999956,7262
35.4369999999981,7000
35.4369999999981,7642
35.4369999999981,8012
35.4369999999981,8192
35.4369999999981,8504
35.4369999999981,8254
35.4369999999981,7766
35.4369999999981,6292
35.4369999999981,6620
35.4839999999967,7992
35.4839999999967,8822
35.4839999999967,9058
35.4839999999967,9340
35.4839999999967,9620
35.4839999999967,9620
35.4839999999967,9024
35.4839999999967,8464
35.4839999999967,7714
35.4839999999967,7242
35.5309999999954,7314
35.5309999999954,7478
35.5309999999954,8206
35.5309999999954,8468
35.5309999999954,8314
35.5309999999954,7796
35.5309999999954,6360
35.5309999999954,6602
35.5779999999941,7926
35.5779999999941,8520
35.5779999999941,8968
35.5779999999941,9286
35.5779999999941,9440
35.5779999999941,9716
35.5779999999941,9064
35.5779999999941,8510
35.5779999999941,8012
35.5779999999941,7094
35.625,6982
35.625,7478
35.625,8126
35.625,8090
35.625,8614
35.625,7618
35.625,6806
35.625,6774
35.625,7900
35.6729999999952,8258
35.6729999999952,8840
35.6729999999952,9240
35.6729999999952,9404
35.6729999999952,9696
35.6729999999952,9158
35.6729999999952,8452
35.6729999999952,8134
35.6729999999952,6646
35.6729999999952,6544
35.7199999999939,7514
35.7199999999939,8228
35.7199999999939,8094
35.7199999999939,8618
35.7199999999939,7854
35.7199999999939,6674
35.7199999999939,6718
35.7199999999939,7858
35.7199999999939,8140
35.7679999999964,9104
35.7679999999964,9212
35.7679999999964,9420
35.7679999999964,9710
35.7679999999964,9538
35.7679999999964,8752
35.7679999999964,8198
35.7679999999964,6720
35.7679999999964,6584
35.7679999999964,7560
35.8139999999985,8232
35.8139999999985,8106
35.8139999999985,8592
35.8139999999985,7844
35.8139999999985,7330
35.8139999999985,7064
35.8139999999985,7694
35.8139999999985,8114
35.8139999999985,9018
35.8619999999937,9172
35.8619999999937,9414
35.8619999999937,9710
35.8619999999937,9562
35.8619999999937,8824
35.8619999999937,8254
35.8619999999937,7150
35.8619999999937,6920
35.8619999999937,7652
35.9089999999997,8058
35.9089999999997,8150
35.9089999999997,8606
35.9089999999997,7966
35.9089999999997,7504
35.9089999999997,6992
35.9089999999997,7520
35.9089999999997,8070
35.9089999999997,8956
35.9089999999997,9064
35.9559999999983,9340
35.9559999999983,9676
35.9559999999983,9588
35.9559999999983,8936
35.9559999999983,8396
35.9559999999983,7048
35.9559999999983,6858
35.9559999999983,7612
35.9559999999983,8084
36.002999999997,8140
36.002999999997,8602
36.002999999997,7900
36.002999999997,7730
36.002999999997,6682
36.002999999997,7324
36.002999999997,8032
36.002999999997,8896
36.002999999997,9074
36.002999999997,9340
36.0509999999995,9620
36.0509999999995,9542
36.0509999999995,8812
36.0509999999995,8258
36.0509999999995,6816
36.0509999999995,6658
36.0509999999995,7648
36.0509999999995,8034
36.0509999999995,8116
36.0979999999981,8582
36.0979999999981,7916
36.0979999999981,7442
36.0979999999981,7012
36.0979999999981,7590
36.0979999999981,8070
36.0979999999981,8972
36.0979999999981,9126
36.0979999999981,9356
36.1449999999968,9638
36.1449999999968,9522
36.1449999999968,8788
36.1449999999968,8234
36.1449999999968,6780
36.1449999999968,6630
36.1449999999968,7572
36.1449999999968,8176
36.1449999999968,8098
36.1919999999955,8566
36.1919999999955,7582
36.1919999999955,6964
36.1919999999955,6858
36.1919999999955,7642
36.1919999999955,8098
36.1919999999955,9002
36.1919999999955,9148
36.1919999999955,9388
36.1919999999955,9686
36.2389999999941,9530
36.2389999999941,8730
36.2389999999941,8186
36.2389999999941,6714
36.2389999999941,6580
36.2389999999941,7554
36.2389999999941,8242
36.2389999999941,8116
36.2389999999941,8596
36.2869999999966,7808
36.2869999999966,7272
36.2869999999966,7038
36.2869999999966,7716
36.2869999999966,8106
36.2869999999966,9032
36.2869999999966,9176
36.2869999999966,9392
36.2869999999966,9676
36.2869999999966,9532
36.3339999999953,8874
36.3339999999953,8326
36.3339999999953,6918
36.3339999999953,6734
36.3339999999953,7608
36.3339999999953,8120
36.3339999999953,8106
36.3339999999953,8578
36.3339999999953,7734
36.3809999999939,7154
36.3809999999939,6944
36.3809999999939,7792
36.3809999999939,8054
36.3809999999939,8950
36.3809999999939,9116
36.3809999999939,9368
36.3809999999939,9676
36.3809999999939,9532
36.4279999999999,8772
36.4279999999999,8208
36.4279999999999,6748
36.4279999999999,6602
36.4279999999999,7586
36.4279999999999,8218
36.4279999999999,8140
36.4279999999999,8606
36.4279999999999,7894
36.4279999999999,7406
36.4749999999985,7038
36.4749999999985,7626
36.4749999999985,8084
36.4749999999985,8998
36.4749999999985,9146
36.4749999999985,9376
36.4749999999985,9676
36.4749999999985,9486
36.4749999999985,8874
36.5219999999972,8316
36.5219999999972,6914
36.5219999999972,6738
36.5219999999972,7612
36.5219999999972,8134
36.5219999999972,8124
36.5219999999972,8596
36.5219999999972,7766
36.5219999999972,7206
36.5699999999997,6990
36.5699999999997,7762
36.5699999999997,8048
36.5699999999997,8936
36.5699999999997,9100
36.5699999999997,9336
36.5699999999997,9640
36.5699999999997,9512
36.5699999999997,8632
36.5699999999997,8116
36.6169999999984,6616
36.6169999999984,6534
36.6169999999984,7534
36.6169999999984,8290
36.6169999999984,8110
36.6169999999984,8586
36.6169999999984,7684
36.6169999999984,7074
36.6169999999984,6908
36.663999999997,7854
36.663999999997,8120
36.663999999997,9110
36.663999999997,9194
36.663999999997,9368
36.663999999997,9666
36.663999999997,9146
36.663999999997,8396
36.663999999997,7842
36.7109999999957,6632
36.7109999999957,6528
36.7109999999957,7534
36.7109999999957,8232
36.7109999999957,8114
36.7109999999957,8550
36.7109999999957,7900
36.7109999999957,6658
36.7109999999957,6712
36.7109999999957,7878
36.7589999999982,8100
36.7589999999982,9112
36.7589999999982,9182
36.7589999999982,9362
36.7589999999982,9670
36.7589999999982,9152
36.7589999999982,8392
36.7589999999982,7828
36.7589999999982,7216
36.8059999999969,7236
36.8059999999969,7474
36.8059999999969,8196
36.8059999999969,8284
36.8059999999969,8300
36.8059999999969,7900
36.8059999999969,6566
36.8059999999969,6658
36.8059999999969,7904
36.8059999999969,8562
36.8529999999955,8966
36.8529999999955,9234
36.8529999999955,9542
36.8529999999955,9568
36.8529999999955,8936
36.8529999999955,8402
36.8529999999955,7108
36.8529999999955,6878
36.8529999999955,7438
36.8999999999942,7554
36.8999999999942,8130
36.8999999999942,8550
36.8999999999942,8078
36.8999999999942,7680
36.8999999999942,6856
36.8999999999942,7314
36.8999999999942,8018
36.8999999999942,8896
36.9479999999967,9014
36.9479999999967,9296
36.9479999999967,9612
36.9479999999967,9532
36.9479999999967,8824
36.9479999999967,8274
36.9479999999967,6842
36.9479999999967,6668
36.9479999999967,7592
36.9949999999953,8156
36.9949999999953,8106
36.9949999999953,8566
36.9949999999953,7678
36.9949999999953,7472
36.9949999999953,7000
36.9949999999953,7546
36.9949999999953,8070
36.9949999999953,8966
36.9949999999953,9122
37.041999999994,9362
37.041999999994,9674
37.041999999994,9382
37.041999999994,8706
37.041999999994,8170
37.041999999994,6694
37.041999999994,6748
37.041999999994,7600
37.041999999994,8104
37.0899999999965,8088
37.0899999999965,8556
37.0899999999965,7698
37.0899999999965,7100
37.0899999999965,6908
37.0899999999965,7838
37.0899999999965,8126
37.0899999999965,9106
37.0899999999965,9116
37.0899999999965,9356
37.1369999999952,9664
37.1369999999952,9516
37.1369999999952,8668
37.1369999999952,8140
37.1369999999952,6668
37.1369999999952,6554
37.1369999999952,7518
37.1369999999952,8198
37.1369999999952,8078
37.1839999999938,8614
37.1839999999938,7864
37.1839999999938,7082
37.1839999999938,6894
37.1839999999938,7832
37.1839999999938,8100
37.1839999999938,9100
37.1839999999938,9176
37.1839999999938,9368
37.2309999999998,9670
37.2309999999998,9060
37.2309999999998,8464
37.2309999999998,7926
37.2309999999998,7176
37.2309999999998,6556
37.2309999999998,7526
37.2309999999998,8270
37.2309999999998,8094
37.2309999999998,8632
37.278999999995,7792
37.278999999995,6708
37.278999999995,6734
37.278999999995,7858
37.278999999995,8352
37.278999999995,8914
37.278999999995,9230
37.278999999995,9362
37.278999999995,9676
37.3259999999937,9106
37.3259999999937,8464
37.3259999999937,7926
37.3259999999937,7180
37.3259999999937,7118
37.3259999999937,7478
37.3259999999937,8170
37.3259999999937,8078
37.3259999999937,8350
37.3259999999937,7838
37.375,6422
37.375,6748
37.375,7880
37.375,8324
37.375,8900
37.375,9250
37.375,9408
37.375,9702
37.375,9162
37.375,8460
37.4209999999948,7894
37.4209999999948,7196
37.4209999999948,7140
37.4209999999948,7490
37.4209999999948,8290
37.4209999999948,8126
37.4209999999948,8658
37.4209999999948,7716
37.4689999999973,6786
37.4689999999973,6780
37.4689999999973,7926
37.4689999999973,8248
37.4689999999973,8834
37.4689999999973,9250
37.4689999999973,9414
37.4689999999973,9712
37.4689999999973,9100
37.4689999999973,8706
37.515999999996,8162
37.515999999996,6684
37.515999999996,6556
37.515999999996,7536
37.515999999996,8268
37.515999999996,8106
37.515999999996,8634
37.515999999996,7708
37.515999999996,6760
37.5639999999985,6754
37.5639999999985,7884
37.5639999999985,8126
37.5639999999985,9076
37.5639999999985,9188
37.5639999999985,9394
37.5639999999985,9664
37.5639999999985,9520
37.5639999999985,8642
37.5639999999985,8126
37.6109999999971,6638
37.6109999999971,6534
37.6109999999971,7494
37.6109999999971,8150
37.6109999999971,8088
37.6109999999971,8560
37.6109999999971,7602
37.6109999999971,6982
37.6109999999971,6866
37.6589999999997,7934
37.6589999999997,8124
37.6589999999997,8988
37.6589999999997,9208
37.6589999999997,9368
37.6589999999997,9664
37.6589999999997,9142
37.6589999999997,8592
37.6589999999997,8100
37.6589999999997,6698
37.7059999999983,6548
37.7059999999983,7510
37.7059999999983,8284
37.7059999999983,8116
37.7059999999983,8464
37.7059999999983,7916
37.7059999999983,6610
37.7059999999983,6678
37.752999999997,7890
37.752999999997,8130
37.752999999997,9068
37.752999999997,9198
37.752999999997,9384
37.752999999997,9690
37.752999999997,9126
37.752999999997,8458
37.752999999997,7908
37.752999999997,7196
37.8009999999995,7144
37.8009999999995,7498
37.8009999999995,8278
37.8009999999995,8124
37.8009999999995,8658
37.8009999999995,7704
37.8009999999995,6786
37.8009999999995,6774
37.8009999999995,7924
37.8009999999995,8232
37.8479999999981,8868
37.8479999999981,9230
37.8479999999981,9376
37.8479999999981,9664
37.8479999999981,9146
37.8479999999981,8314
37.8479999999981,8088
37.8479999999981,6966
37.8479999999981,6894
37.8949999999968,7490
37.8949999999968,8208
37.8949999999968,8110
37.8949999999968,8336
37.8949999999968,7908
37.8949999999968,6530
37.8949999999968,6666
37.8949999999968,7998
37.8949999999968,8146
37.8949999999968,8950
37.9419999999955,9228
37.9419999999955,9402
37.9419999999955,9700
37.9419999999955,9104
37.9419999999955,8494
37.9419999999955,7976
37.9419999999955,7150
37.9419999999955,7088
37.9419999999955,7498
37.989999999998,8162
37.989999999998,8100
37.989999999998,8638
37.989999999998,7674
37.989999999998,6786
37.989999999998,6784
37.989999999998,7908
37.989999999998,8242
37.989999999998,8878
38.0369999999966,9230
38.0369999999966,9382
38.0369999999966,9660
38.0369999999966,9146
38.0369999999966,8278
38.0369999999966,7708
38.0369999999966,7078
38.0369999999966,7020
38.0369999999966,7488
38.0839999999953,8198
38.0839999999953,8090
38.0839999999953,8350
38.0839999999953,7858
38.0839999999953,6458
38.0839999999953,6620
38.0839999999953,7946
38.0839999999953,8670
38.0839999999953,8824
38.0839999999953,9238
38.1309999999939,9392
38.1309999999939,9676
38.1309999999939,9158
38.1309999999939,8370
38.1309999999939,7812
38.1309999999939,7238
38.1309999999939,7248
38.1309999999939,7464
38.1309999999939,8180
38.1779999999999,8356
38.1779999999999,8284
38.1779999999999,7908
38.1779999999999,6528
38.1779999999999,6648
38.1779999999999,7926
38.1779999999999,8596
38.1779999999999,8986
38.1779999999999,9266
38.1779999999999,9420
38.2249999999985,9612
38.2249999999985,9022
38.2249999999985,8452
38.2249999999985,7354
38.2249999999985,7028
38.2249999999985,7304
38.2249999999985,7458
38.2249999999985,8172
38.2249999999985,8470
38.2729999999938,8232
38.2729999999938,7750
38.2729999999938,6288
38.2729999999938,6740
38.2729999999938,7998
38.2729999999938,8828
38.2729999999938,9034
38.2729999999938,9260
38.2729999999938,9634
38.3199999999997,9582
38.3199999999997,8946
38.3199999999997,8412
38.3199999999997,7110
38.3199999999997,6888
38.3199999999997,7638
38.3199999999997,8062
38.3199999999997,8136
38.3199999999997,8596
38.3679999999949,7900
38.3679999999949,7724
38.3679999999949,6648
38.3679999999949,7320
38.3679999999949,8028
38.3679999999949,8886
38.3679999999949,9070
38.3679999999949,9332
38.3679999999949,9638
38.3679999999949,9526
38.4149999999936,8772
38.4149999999936,8222
38.4149999999936,6756
38.4149999999936,6856
38.4149999999936,7618
38.4149999999936,8084
38.4149999999936,8140
38.4149999999936,8608
38.4149999999936,7900
38.4149999999936,7408
38.4619999999995,7048
38.4619999999995,7626
38.4619999999995,8074
38.4619999999995,8982
38.4619999999995,9126
38.4619999999995,9316
38.4619999999995,9634
38.4619999999995,9496
38.4619999999995,8684
38.5089999999982,8156
38.5089999999982,6678
38.5089999999982,6548
38.5089999999982,7530
38.5089999999982,8278
38.5089999999982,8088
38.5089999999982,8638
38.5089999999982,7842
38.5089999999982,6694
38.5559999999969,6928
38.5559999999969,7826
38.5559999999969,8098
38.5559999999969,9094
38.5559999999969,9162
38.5559999999969,9336
38.5559999999969,9640
38.5559999999969,9132
38.5559999999969,8268
38.6029999999955,7704
38.6029999999955,7180
38.6029999999955,7314
38.6029999999955,7464
38.6029999999955,8172
38.6029999999955,8090
38.6029999999955,8350
38.6029999999955,7868
38.6029999999955,6466
38.6499999999942,6612
38.6499999999942,7950
38.6499999999942,8668
38.6499999999942,8994
38.6499999999942,9274
38.6499999999942,9548
38.6499999999942,9638
38.6499999999942,9112
38.6499999999942,8212
38.6499999999942,7636
38.6979999999967,7246
38.6979999999967,7380
38.6979999999967,7454
38.6979999999967,8180
38.6979999999967,8504
38.6979999999967,8218
38.6979999999967,7754
38.6979999999967,6304
38.6979999999967,6612
38.6979999999967,7972
38.7449999999953,8694
38.7449999999953,9014
38.7449999999953,9296
38.7449999999953,9516
38.7449999999953,9628
38.7449999999953,9038
38.7449999999953,8448
38.7449999999953,7376
38.7449999999953,7022
38.791999999994,7550
38.791999999994,7474
38.791999999994,8198
38.791999999994,8460
38.791999999994,8278
38.791999999994,7786
38.791999999994,6322
38.791999999994,6574
38.791999999994,7996
38.8389999999999,8814
38.8389999999999,9044
38.8389999999999,9326
38.8389999999999,9696
38.8389999999999,9594
38.8389999999999,8966
38.8389999999999,8268
38.8389999999999,7536
38.8389999999999,7274
38.8859999999986,7452
38.8859999999986,7514
38.8859999999986,8166
38.8859999999986,8516
38.8859999999986,8160
38.8859999999986,7726
38.8859999999986,6524
38.8859999999986,6580
38.8859999999986,7966
38.8859999999986,8768
38.9339999999938,9022
38.9339999999938,9296
38.9339999999938,9552
38.9339999999938,9578
38.9339999999938,8932
38.9339999999938,8396
38.9339999999938,7064
38.9339999999938,6858
38.9339999999938,7606
38.9809999999998,8070
38.9809999999998,8156
38.9809999999998,8568
38.9809999999998,8120
38.9809999999998,7720
38.9809999999998,6776
38.9809999999998,7350
38.9809999999998,8032
38.9809999999998,8894
38.9809999999998,9080
39.0279999999984,9330
39.0279999999984,9644
39.0279999999984,9512
39.0279999999984,8896
39.0279999999984,8356
39.0279999999984,6986
39.0279999999984,6790
39.0279999999984,7612
39.0279999999984,8110
39.0759999999937,8136
39.0759999999937,8606
39.0759999999937,7842
39.0759999999937,7330
39.0759999999937,7082
39.0759999999937,7700
39.0759999999937,8048
39.0759999999937,8922
39.0759999999937,9104
39.1229999999996,9366
39.1229999999996,9654
39.1229999999996,9574
39.1229999999996,8858
39.1229999999996,8304
39.1229999999996,6894
39.1229999999996,6718
39.1229999999996,7596
39.1229999999996,8136
39.1699999999983,8106
39.1699999999983,8592
39.1699999999983,7976
39.1699999999983,7518
39.1699999999983,6970
39.1699999999983,7448
39.1699999999983,8062
39.1699999999983,8952
39.1699999999983,9110
39.1699999999983,9340
39.2169999999969,9644
39.2169999999969,9516
39.2169999999969,8618
39.2169999999969,8248
39.2169999999969,6806
39.2169999999969,6658
39.2169999999969,7586
39.2169999999969,8172
39.2169999999969,8104
39.2639999999956,8572
39.2639999999956,7618
39.2639999999956,7000
39.2639999999956,6872
39.2639999999956,7920
39.2639999999956,8136
39.2639999999956,8992
39.2639999999956,9140
39.2639999999956,9358
39.2639999999956,9638
39.3109999999942,9516
39.3109999999942,8598
39.3109999999942,8106
39.3109999999942,6684
39.3109999999942,6554
39.3109999999942,7504
39.3109999999942,8228
39.3109999999942,8088
39.3109999999942,8568
39.3589999999967,7556
39.3589999999967,6930
39.3589999999967,6846
39.3589999999967,7980
39.3589999999967,8136
39.3589999999967,8864
39.3589999999967,9212
39.3589999999967,9382
39.3589999999967,9666
39.4059999999954,9152
39.4059999999954,8342
39.4059999999954,7786
39.4059999999954,6812
39.4059999999954,6620
39.4059999999954,7488
39.4059999999954,8232
39.4059999999954,8062
39.4059999999954,8310
39.4529999999941,7862
39.4529999999941,6468
39.4529999999941,6610
39.4529999999941,7930
39.4529999999941,8202
39.4529999999941,8848
39.4529999999941,9222
39.4529999999941,9368
39.4529999999941,9638
39.4529999999941,9106
39.5009999999966,8198
39.5009999999966,7616
39.5009999999966,7272
39.5009999999966,7390
39.5009999999966,7432
39.5009999999966,8156
39.5009999999966,8514
39.5009999999966,8346
39.5009999999966,7818
39.5009999999966,6406
39.5479999999952,6616
39.5479999999952,7960
39.5479999999952,8720
39.5479999999952,9008
39.5479999999952,9296
39.5479999999952,9558
39.5479999999952,9602
39.5479999999952,8988
39.5479999999952,8444
39.5949999999939,7210
39.5949999999939,7284
39.5949999999939,7412
39.5949999999939,7464
39.5949999999939,8186
39.5949999999939,8532
39.5949999999939,8222
39.5949999999939,7760
39.5949999999939,6308
39.5949999999939,6892
39.6419999999998,8018
39.6419999999998,8706
39.6419999999998,9022
39.6419999999998,9302
39.6419999999998,9512
39.6419999999998,9648
39.6419999999998,9086
39.6419999999998,8378
39.6899999999951,7474
39.6899999999951,7182
39.6899999999951,7484
39.6899999999951,7618
39.6899999999951,8152
39.6899999999951,8362
39.6899999999951,8296
39.6899999999951,7790
39.6899999999951,6348
39.6899999999951,6590
39.7369999999937,7982
39.7369999999937,8796
39.7369999999937,9032
39.7369999999937,9300
39.7369999999937,9670
39.7369999999937,9582
39.7369999999937,8930
39.7369999999937,8388
39.7369999999937,7446
39.7849999999962,7118
39.7849999999962,7500
39.7849999999962,7744
39.7849999999962,8146
39.7849999999962,8576
39.7849999999962,8088
39.7849999999962,7700
39.7849999999962,6866
39.7849999999962,7304
39.7849999999962,8026
39.8319999999949,8788
39.8319999999949,9012
39.8319999999949,9270
39.8319999999949,9572
39.8319999999949,9494
39.8319999999949,8696
39.8319999999949,8166
39.8319999999949,6682
39.8319999999949,6566
39.8319999999949,7570
39.8799999999974,8274
39.8799999999974,8120
39.8799999999974,8638
39.8799999999974,7590
39.8799999999974,7328
39.8799999999974,7078
39.8799999999974,7710
39.8799999999974,8090
39.8799999999974,9004
39.926999999996,9148
39.926999999996,9352
39.926999999996,9656
39.926999999996,9002
39.926999999996,8500
39.926999999996,8002
39.926999999996,7114
39.926999999996,7056
39.926999999996,7546
39.9749999999985,8274
39.9749999999985,8100
39.9749999999985,8642
39.9749999999985,7678
39.9749999999985,6792
39.9749999999985,6780
39.9749999999985,7898
39.9749999999985,8284
39.9749999999985,8904
40.0219999999972,9224
40.0219999999972,9366
40.0219999999972,9664
40.0219999999972,9130
40.0219999999972,8424
40.0219999999972,7864
40.0219999999972,7196
40.0219999999972,7190
40.0219999999972,7474
40.0219999999972,8208
40.0689999999959,8162
40.0689999999959,8336
40.0689999999959,7808
40.0689999999959,6384
40.0689999999959,6718
40.0689999999959,7898
40.0689999999959,8470
40.0689999999959,8966
40.0689999999959,9260
40.0689999999959,9394
40.1159999999945,9650
40.1159999999945,9106
40.1159999999945,8188
40.1159999999945,7606
40.1159999999945,7284
40.1159999999945,7390
40.1159999999945,7442
40.1159999999945,8172
40.1159999999945,8120
40.163999999997,8330
40.163999999997,7808
40.163999999997,6376
40.163999999997,6580
40.163999999997,7944
40.163999999997,8752
40.163999999997,9022
40.163999999997,9296
40.163999999997,9648
40.2109999999957,9582
40.2109999999957,9064
40.2109999999957,8378
40.2109999999957,7458
40.2109999999957,7130
40.2109999999957,7494
40.2109999999957,7636
40.2109999999957,8124
40.2109999999957,8556
40.2579999999944,8042
40.2579999999944,7636
40.2579999999944,6904
40.2579999999944,7334
40.2579999999944,7986
40.2579999999944,8828
40.2579999999944,9044
40.2579999999944,9310
40.2579999999944,9612
40.2579999999944,9536
40.304999999993,8828
40.304999999993,8280
40.304999999993,6862
40.304999999993,6688
40.304999999993,7590
40.304999999993,8146
40.304999999993,8104
40.304999999993,8588
40.304999999993,7900
40.351999999999,7428
40.351999999999,7026
40.351999999999,7592
40.351999999999,8078
40.351999999999,8982
40.351999999999,9132
40.351999999999,9348
40.351999999999,9634
40.351999999999,9162
40.351999999999,8716
40.3999999999942,8182
40.3999999999942,6708
40.3999999999942,6576
40.3999999999942,7566
40.3999999999942,8260
40.3999999999942,8126
40.3999999999942,8634
40.3999999999942,7572
40.3999999999942,6904
40.4469999999928,6832
40.4469999999928,7694
40.4469999999928,8098
40.4469999999928,9004
40.4469999999928,9142
40.4469999999928,9346
40.4469999999928,9660
40.4469999999928,9110
40.4469999999928,8458
40.4939999999988,7914
40.4939999999988,7180
40.4939999999988,7128
40.4939999999988,7510
40.4939999999988,8160
40.4939999999988,8140
40.4939999999988,8664
40.4939999999988,7636
40.4939999999988,6868
40.5409999999974,6822
40.5409999999974,7982
40.5409999999974,8176
40.5409999999974,8850
40.5409999999974,9230
40.5409999999974,9392
40.5409999999974,9674
40.5409999999974,9158
40.5409999999974,8360
40.5409999999974,7802
40.5889999999999,6774
40.5889999999999,6616
40.5889999999999,7526
40.5889999999999,8300
40.5889999999999,8134
40.5889999999999,8504
40.5889999999999,7920
40.5889999999999,6642
40.5889999999999,6702
40.6359999999986,7898
40.6359999999986,8490
40.6359999999986,9070
40.6359999999986,9202
40.6359999999986,9372
40.6359999999986,9676
40.6359999999986,9158
40.6359999999986,8408
40.6359999999986,7854
40.6359999999986,7212
40.6829999999973,7202
40.6829999999973,7488
40.6829999999973,8196
40.6829999999973,8180
40.6829999999973,8546
40.6829999999973,7894
40.6829999999973,6648
40.6829999999973,6714
40.6829999999973,7884
40.7299999999959,8468
40.7299999999959,8956
40.7299999999959,9258
40.7299999999959,9384
40.7299999999959,9660
40.7299999999959,9120
40.7299999999959,8198
40.7299999999959,7622
40.7299999999959,7180
40.7779999999984,7150
40.7779999999984,7498
40.7779999999984,8212
40.7779999999984,8078
40.7779999999984,8356
40.7779999999984,7834
40.7779999999984,6422
40.7779999999984,6596
40.7779999999984,7950
40.8249999999971,8706
40.8249999999971,8992
40.8249999999971,9218
40.8249999999971,9348
40.8249999999971,9598
40.8249999999971,9012
40.8249999999971,8448
40.8249999999971,7324
40.8249999999971,7026
40.8249999999971,7582
40.8719999999958,7930
40.8719999999958,8114
40.8719999999958,8586
40.8719999999958,8198
40.8719999999958,7734
40.8719999999958,6288
40.8719999999958,6954
40.8719999999958,7998
40.8719999999958,8840
40.9189999999944,9040
40.9189999999944,9284
40.9189999999944,9620
40.9189999999944,9480
40.9189999999944,8648
40.9189999999944,8124
40.9189999999944,6642
40.9189999999944,6694
40.9189999999944,7600
40.9189999999944,8150
40.9669999999969,8100
40.9669999999969,8576
40.9669999999969,7626
40.9669999999969,7022
40.9669999999969,6888
40.9669999999969,7910
40.9669999999969,8090
40.9669999999969,8904
40.9669999999969,9110
41.012999999999,9306
41.012999999999,9634
41.012999999999,9130
41.012999999999,8346
41.012999999999,7796
41.012999999999,7228
41.012999999999,7258
41.012999999999,7468
41.012999999999,8196
41.0619999999981,8372
41.0619999999981,8280
41.0619999999981,7780
41.0619999999981,6524
41.0619999999981,6638
41.0619999999981,7926
41.0619999999981,8606
41.0619999999981,8968
41.0619999999981,9238
41.0619999999981,9516
41.1089999999967,9542
41.1089999999967,8890
41.1089999999967,8352
41.1089999999967,6990
41.1089999999967,6802
41.1089999999967,7540
41.1089999999967,7834
41.1089999999967,8124
41.1089999999967,8578
41.1569999999992,8026
41.1569999999992,7596
41.1569999999992,6946
41.1569999999992,7264
41.1569999999992,8044
41.1569999999992,8926
41.1569999999992,9100
41.1569999999992,9346
41.1569999999992,9656
41.1569999999992,9548
41.2039999999979,8844
41.2039999999979,8296
41.2039999999979,6874
41.2039999999979,6704
41.2039999999979,7606
41.2039999999979,8136
41.2039999999979,8094
41.2039999999979,8568
41.2039999999979,7636
41.2519999999931,7028
41.2519999999931,6892
41.2519999999931,7560
41.2519999999931,8052
41.2519999999931,8972
41.2519999999931,9122
41.2519999999931,9342
41.2519999999931,9654
41.2519999999931,9032
41.2989999999991,8480
41.2989999999991,7944
41.2989999999991,7160
41.2989999999991,7128
41.2989999999991,7472
41.2989999999991,8278
41.2989999999991,8074
41.2989999999991,8582
41.2989999999991,7880
41.2989999999991,6630
41.3479999999981,6694
41.3479999999981,7890
41.3479999999981,8504
41.3479999999981,8956
41.3479999999981,9244
41.3479999999981,9340
41.3479999999981,9594
41.3479999999981,9116
41.3479999999981,8234
41.3479999999981,7672
41.393999999993,7264
41.393999999993,7350
41.393999999993,7446
41.393999999993,8160
41.393999999993,8484
41.393999999993,8188
41.393999999993,7736
41.393999999993,6338
41.393999999993,7042
41.4409999999989,7936
41.4409999999989,8710
41.4409999999989,8982
41.4409999999989,9248
41.4409999999989,9572
41.4409999999989,9490
41.4409999999989,8730
41.4409999999989,8192
41.4409999999989,6714
41.4879999999976,6580
41.4879999999976,7562
41.4879999999976,8242
41.4879999999976,8124
41.4879999999976,8606
41.4879999999976,7812
41.4879999999976,7294
41.4879999999976,7058
41.4879999999976,7726
41.4879999999976,8070
41.5359999999928,9014
41.5359999999928,9126
41.5359999999928,9312
41.5359999999928,9612
41.5359999999928,9106
41.5359999999928,8460
41.5359999999928,7950
41.5359999999928,7156
41.5829999999987,7114
41.5829999999987,7472
41.5829999999987,8192
41.5829999999987,8070
41.5829999999987,8310
41.5829999999987,7786
41.5829999999987,6354
41.5829999999987,6580
41.5829999999987,7894
41.5829999999987,8526
41.6309999999939,8952
41.6309999999939,9214
41.6309999999939,9526
41.6309999999939,9538
41.6309999999939,8878
41.6309999999939,8340
41.6309999999939,6950
41.6309999999939,6760
41.6309999999939,7606
41.6309999999939,8124
41.6779999999999,8150
41.6779999999999,8606
41.6779999999999,8044
41.6779999999999,7616
41.6779999999999,6946
41.6779999999999,7264
41.6779999999999,8052
41.6779999999999,8932
41.6779999999999,9100
41.7249999999985,9336
41.7249999999985,9648
41.7249999999985,9522
41.7249999999985,8632
41.7249999999985,8268
41.7249999999985,6816
41.7249999999985,6652
41.7249999999985,7602
41.7249999999985,8196
41.7249999999985,8142
41.7729999999938,8618
41.7729999999938,7708
41.7729999999938,7140
41.7729999999938,6940
41.7729999999938,7834
41.7729999999938,8070
41.7729999999938,8966
41.7729999999938,9120
41.7729999999938,9352
41.8199999999997,9656
41.8199999999997,9530
41.8199999999997,8632
41.8199999999997,8116
41.8199999999997,6630
41.8199999999997,6520
41.8199999999997,7526
41.8199999999997,8288
41.8199999999997,8120
41.8669999999984,8606
41.8669999999984,7662
41.8669999999984,7062
41.8669999999984,6904
41.8669999999984,7888
41.8669999999984,8146
41.8669999999984,9122
41.8669999999984,9202
41.8669999999984,9382
41.913999999997,9676
41.913999999997,9156
41.913999999997,8418
41.913999999997,8120
41.913999999997,6632
41.913999999997,6528
41.913999999997,7526
41.913999999997,8300
41.913999999997,8104
41.913999999997,8536
41.9609999999957,7904
41.9609999999957,6648
41.9609999999957,6714
41.9609999999957,7894
41.9609999999957,8142
41.9609999999957,9136
41.9609999999957,9204
41.9609999999957,9382
41.9609999999957,9680
42.0079999999944,9146
42.0079999999944,8442
42.0079999999944,7884
42.0079999999944,7196
42.0079999999944,7174
42.0079999999944,7484
42.0079999999944,8216
42.0079999999944,8100
42.0079999999944,8608
42.0079999999944,7874
42.0559999999969,6666
42.0559999999969,6702
42.0559999999969,7874
42.0559999999969,8448
42.0559999999969,8956
42.0559999999969,9238
42.0559999999969,9392
42.0559999999969,9614
42.0559999999969,9034
42.1029999999955,8444
42.1029999999955,7360
42.1029999999955,7028
42.1029999999955,7310
42.1029999999955,7474
42.1029999999955,8192
42.1029999999955,8468
42.1029999999955,8258
42.1029999999955,7760
42.1499999999942,6302
42.1499999999942,6616
42.1499999999942,8012
42.1499999999942,8848
42.1499999999942,9054
42.1499999999942,9326
42.1499999999942,9438
42.1499999999942,9620
42.1499999999942,9032
42.1499999999942,8452
42.1969999999928,7364
42.1969999999928,7028
42.1969999999928,7572
42.1969999999928,7884
42.1969999999928,8140
42.1969999999928,8602
42.1969999999928,8022
42.1969999999928,7596
42.1969999999928,6286
42.2439999999988,6738
42.2439999999988,7996
42.2439999999988,8848
42.2439999999988,9058
42.2439999999988,9336
42.2439999999988,9644
42.2439999999988,9568
42.2439999999988,8864
42.2439999999988,8324
42.2439999999988,6920
42.2929999999978,6734
42.2929999999978,7648
42.2929999999978,7982
42.2929999999978,8130
42.2929999999978,8596
42.2929999999978,7966
42.2929999999978,7508
42.2929999999978,6992
42.2929999999978,7504
42.3399999999965,8084
42.3399999999965,8982
42.3399999999965,9136
42.3399999999965,9382
42.3399999999965,9656
42.3399999999965,9582
42.3399999999965,8906
42.3399999999965,8352
42.3399999999965,6964
42.3869999999952,6784
42.3869999999952,7608
42.3869999999952,8116
42.3869999999952,8110
42.3869999999952,8596
42.3869999999952,7740
42.3869999999952,7182
42.3869999999952,6966
42.3869999999952,7412
42.4339999999938,8078
42.4339999999938,8966
42.4339999999938,9120
42.4339999999938,9356
42.4339999999938,9654
42.4339999999938,9494
42.4339999999938,8632
42.4339999999938,8120
42.4339999999938,6632
42.4339999999938,6672
42.4809999999998,7608
42.4809999999998,8182
42.4809999999998,8120
42.4809999999998,8592
42.4809999999998,7654
42.4809999999998,7056
42.4809999999998,6894
42.4809999999998,7898
42.4809999999998,8130
42.5279999999984,9032
42.5279999999984,9204
42.5279999999984,9348
42.5279999999984,9648
42.5279999999984,9038
42.5279999999984,8532
42.5279999999984,8074
42.5279999999984,6992
42.5279999999984,6872
42.5279999999984,7500
42.5759999999937,8172
42.5759999999937,8080
42.5759999999937,8350
42.5759999999937,7864
42.5759999999937,6826
42.5759999999937,6792
42.5759999999937,7930
42.5759999999937,8222
42.5759999999937,8860
42.6229999999996,9234
42.6229999999996,9384
42.6229999999996,9660
42.6229999999996,9142
42.6229999999996,8244
42.6229999999996,7674
42.6229999999996,7262
42.6229999999996,7366
42.6229999999996,7498
42.6699999999983,8198
42.6699999999983,8074
42.6699999999983,8360
42.6699999999983,7834
42.6699999999983,6432
42.6699999999983,6596
42.6699999999983,7950
42.6699999999983,8704
42.6699999999983,9002
42.7169999999969,9274
42.7169999999969,9612
42.7169999999969,9558
42.7169999999969,9048
42.7169999999969,8418
42.7169999999969,7400
42.7169999999969,7088
42.7169999999969,7534
42.7169999999969,7782
42.7169999999969,8146
42.7639999999956,8596
42.7639999999956,8074
42.7639999999956,7662
42.7639999999956,6910
42.7639999999956,6594
42.7639999999956,7992
42.7639999999956,8822
42.7639999999956,9044
42.7639999999956,9322
42.8109999999942,9666
42.8109999999942,9578
42.8109999999942,8906
42.8109999999942,8360
42.8109999999942,6986
42.8109999999942,6792
42.8109999999942,7618
42.8109999999942,8120
42.8109999999942,8170
42.8109999999942,8606
42.8589999999967,8090
42.8589999999967,7690
42.8589999999967,6898
42.8589999999967,7264
42.8589999999967,8038
42.8589999999967,8916
42.8589999999967,9094
42.8589999999967,9336
42.8589999999967,9676
42.9059999999954,9568
42.9059999999954,8706
42.9059999999954,8176
42.9059999999954,6920
42.9059999999954,6740
42.9059999999954,7616
42.9059999999954,8140
42.9059999999954,8124
42.9059999999954,8606
42.9539999999979,7736
42.9539999999979,7174
42.9539999999979,6976
42.9539999999979,7816
42.9539999999979,8064
42.9539999999979,8952
42.9539999999979,9106
42.9539999999979,9330
42.9539999999979,9618
42.9539999999979,9084
43.0009999999966,8550
43.0009999999966,8100
43.0009999999966,6908
43.0009999999966,6836
43.0009999999966,7504
43.0009999999966,8176
43.0009999999966,8084
43.0009999999966,8624
43.0009999999966,7612
43.0479999999952,6842
43.0479999999952,6810
43.0479999999952,7940
43.0479999999952,8206
43.0479999999952,8870
43.0479999999952,9218
43.0479999999952,9352
43.0479999999952,9612
43.0479999999952,9044
43.0479999999952,8352
43.0949999999939,7432
43.0949999999939,7118
43.0949999999939,7258
43.0949999999939,7482
43.0949999999939,8208
43.0949999999939,8386
43.0949999999939,8284
43.0949999999939,7776
43.0949999999939,6318
43.1429999999964,6574
43.1429999999964,7982
43.1429999999964,8808
43.1429999999964,9034
43.1429999999964,9260
43.1429999999964,9392
43.1429999999964,9604
43.1429999999964,9008
43.1429999999964,8448
43.1899999999951,7288
43.1899999999951,7020
43.1899999999951,7622
43.1899999999951,7950
43.1899999999951,8146
43.1899999999951,8606
43.1899999999951,8012
43.1899999999951,7576
43.1899999999951,6282
43.2369999999937,6776
43.2369999999937,8002
43.2369999999937,8848
43.2369999999937,9058
43.2369999999937,9322
43.2369999999937,9588
43.2369999999937,9532
43.2369999999937,8804
43.2369999999937,8264
43.2369999999937,6810
43.2839999999997,6656
43.2839999999997,7672
43.2839999999997,8044
43.2839999999997,8136
43.2839999999997,8602
43.2839999999997,7908
43.2839999999997,7432
43.2839999999997,7032
43.2839999999997,7576
43.3309999999983,8062
43.3309999999983,8982
43.3309999999983,9130
43.3309999999983,9330
43.3309999999983,9624
43.3309999999983,9530
43.3309999999983,8628
43.3309999999983,8106
43.3309999999983,6620
43.3309999999983,6520
43.3789999999935,7534
43.3789999999935,8274
43.3789999999935,8110
43.3789999999935,8506
43.3789999999935,7894
43.3789999999935,6612
43.3789999999935,6692
43.3789999999935,7910
43.3789999999935,8120
43.4259999999995,8972
43.4259999999995,9188
43.4259999999995,9356
43.4259999999995,9644
43.4259999999995,9126
43.4259999999995,8228
43.4259999999995,7668
43.4259999999995,7242
43.4259999999995,7364
43.4259999999995,7458
43.4729999999981,8202
43.4729999999981,8064
43.4729999999981,8346
43.4729999999981,7808
43.4729999999981,6396
43.4729999999981,6584
43.4729999999981,7946
43.4729999999981,8740
43.4729999999981,9012
43.5199999999968,9284
43.5199999999968,9628
43.5199999999968,9556
43.5199999999968,9014
43.5199999999968,8444
43.5199999999968,7336
43.5199999999968,7028
43.5199999999968,7590
43.5199999999968,7914
43.5679999999993,8142
43.5679999999993,8602
43.5679999999993,8034
43.5679999999993,7612
43.5679999999993,6946
43.5679999999993,6714
43.5679999999993,8008
43.5679999999993,8844
43.5679999999993,9048
43.5679999999993,9322
43.614999999998,9648
43.614999999998,9558
43.614999999998,8870
43.614999999998,8324
43.614999999998,6914
43.614999999998,6748
43.614999999998,7618
43.614999999998,8146
43.614999999998,8156
43.6619999999966,8606
43.6619999999966,8012
43.6619999999966,7562
43.6619999999966,6974
43.6619999999966,7264
43.6619999999966,8064
43.6619999999966,8958
43.6619999999966,9116
43.6619999999966,9352
43.6619999999966,9648
43.7089999999953,9402
43.7089999999953,8628
43.7089999999953,8268
43.7089999999953,6820
43.7089999999953,6674
43.7089999999953,7606
43.7089999999953,8192
43.7089999999953,8120
43.7089999999953,8598
43.7569999999978,7654
43.7569999999978,7052
43.7569999999978,6904
43.7569999999978,7914
43.7569999999978,8088
43.7569999999978,8988
43.7569999999978,9132
43.7569999999978,9346
43.7569999999978,9634
43.8039999999964,9058
43.8039999999964,8520
43.8039999999964,8062
43.8039999999964,7042
43.8039999999964,6918
43.8039999999964,7484
43.8039999999964,8172
43.8039999999964,8084
43.8039999999964,8634
43.8509999999951,7740
43.8509999999951,6730
43.8509999999951,6760
43.8509999999951,7858
43.8509999999951,8320
43.8509999999951,8926
43.8509999999951,9224
43.8509999999951,9376
43.8509999999951,9612
43.8509999999951,9038
43.8979999999938,8444
43.8979999999938,7736
43.8979999999938,7248
43.8979999999938,7300
43.8979999999938,7474
43.8979999999938,8186
43.8979999999938,8464
43.8979999999938,8218
43.8979999999938,7740
43.9459999999963,6292
43.9459999999963,6774
43.9459999999963,7998
43.9459999999963,8838
43.9459999999963,8986
43.9459999999963,9260
43.9459999999963,9614
43.9459999999963,9572
43.9459999999963,8914
43.9459999999963,8376
43.9919999999984,7010
43.9919999999984,6826
43.9919999999984,7606
43.9919999999984,8088
43.9919999999984,8114
43.9919999999984,8598
43.9919999999984,7782
43.9919999999984,7608
43.9919999999984,6946
44.0399999999936,7164
44.0399999999936,8048
44.0399999999936,8922
44.0399999999936,9076
44.0399999999936,9296
44.0399999999936,9608
44.0399999999936,9140
44.0399999999936,8398
44.0399999999936,7848
44.0869999999995,7206
44.0869999999995,6534
44.0869999999995,7518
44.0869999999995,8258
44.0869999999995,8084
44.0869999999995,8396
44.0869999999995,7890
44.0869999999995,6540
44.0869999999995,6646
44.1339999999982,7914
44.1339999999982,8576
44.1339999999982,8788
44.1339999999982,9178
44.1339999999982,9284
44.1339999999982,9566
44.1339999999982,8958
44.1339999999982,8418
44.1339999999982,7180
44.1339999999982,6950
44.1819999999934,7688
44.1819999999934,8026
44.1819999999934,8120
44.1819999999934,8582
44.1819999999934,8098
44.1819999999934,7694
44.1819999999934,6790
44.1819999999934,7238
44.1819999999934,8022
44.2289999999994,8906
44.2289999999994,9068
44.2289999999994,9300
44.2289999999994,9604
44.2289999999994,9104
44.2289999999994,8478
44.2289999999994,7972
44.2289999999994,7156
44.2289999999994,6566
44.2289999999994,7546
44.275999999998,8294
44.275999999998,8094
44.275999999998,8648
44.275999999998,7834
44.275999999998,6692
44.275999999998,6728
44.275999999998,7864
44.275999999998,8388
44.275999999998,8940
44.3229999999967,9214
44.3229999999967,9312
44.3229999999967,9582
44.3229999999967,9028
44.3229999999967,8402
44.3229999999967,7382
44.3229999999967,7052
44.3229999999967,7556
44.3229999999967,7816
44.3699999999953,8150
44.3699999999953,8592
44.3699999999953,8064
44.3699999999953,7760
44.3699999999953,6302
44.3699999999953,6606
44.3699999999953,7982
44.3699999999953,8824
44.3699999999953,9034
44.3699999999953,9312
44.416999999994,9618
44.416999999994,9546
44.416999999994,8814
44.416999999994,8268
44.416999999994,6820
44.416999999994,6652
44.416999999994,7674
44.416999999994,8044
44.416999999994,8120
44.4649999999965,8592
44.4649999999965,7852
44.4649999999965,7354
44.4649999999965,7068
44.4649999999965,7672
44.4649999999965,8090
44.4649999999965,9024
44.4649999999965,9158
44.4649999999965,9362
44.4649999999965,9660
44.5119999999952,9556
44.5119999999952,8690
44.5119999999952,8166
44.5119999999952,6684
44.5119999999952,6560
44.5119999999952,7530
44.5119999999952,8288
44.5119999999952,8078
44.5119999999952,8542
44.5589999999938,7864
44.5589999999938,6594
44.5589999999938,6892
44.5589999999938,7920
44.5589999999938,8130
44.5589999999938,8922
44.5589999999938,9198
44.5589999999938,9352
44.5589999999938,9628
44.6059999999998,9090
44.6059999999998,8212
44.6059999999998,7550
44.6059999999998,7216
44.6059999999998,7446
44.6059999999998,7474
44.6059999999998,8202
44.6059999999998,8278
44.6059999999998,8304
44.653999999995,7786
44.653999999995,6322
44.653999999995,6570
44.653999999995,7966
44.653999999995,8796
44.653999999995,9024
44.653999999995,9290
44.653999999995,9588
44.653999999995,9526
44.653999999995,8932
44.7009999999937,8396
44.7009999999937,7058
44.7009999999937,6862
44.7009999999937,7628
44.7009999999937,8088
44.7009999999937,8136
44.7009999999937,8608
44.7009999999937,7852
44.7009999999937,7344
44.7479999999996,7074
44.7479999999996,7680
44.7479999999996,8032
44.7479999999996,8926
44.7479999999996,9084
44.7479999999996,9310
44.7479999999996,9604
44.7479999999996,9040
44.7479999999996,8516
44.7479999999996,8054
44.7949999999983,7058
44.7949999999983,6964
44.7949999999983,7514
44.7949999999983,8188
44.7949999999983,8090
44.7949999999983,8648
44.7949999999983,7662
44.7949999999983,6800
44.7949999999983,6770
44.8429999999935,7904
44.8429999999935,8270
44.8429999999935,8910
44.8429999999935,9238
44.8429999999935,9368
44.8429999999935,9624
44.8429999999935,9068
44.8429999999935,8330
44.8429999999935,7474
44.8899999999994,7146
44.8899999999994,7252
44.8899999999994,7488
44.8899999999994,8218
44.8899999999994,8376
44.8899999999994,8306
44.8899999999994,7776
44.8899999999994,6328
44.8899999999994,6566
44.9369999999981,7970
44.9369999999981,8802
44.9369999999981,9028
44.9369999999981,9300
44.9369999999981,9444
44.9369999999981,9574
44.9369999999981,8946
44.9369999999981,8408
44.9369999999981,7100
44.9369999999981,6884
44.9839999999967,7644
44.9839999999967,8070
44.9839999999967,8124
44.9839999999967,8602
44.9839999999967,7842
44.9839999999967,7334
44.9839999999967,7078
44.9839999999967,7264
44.9839999999967,8054
44.9839999999967,8936
45.0319999999992,9094
45.0319999999992,9332
45.0319999999992,9648
45.0319999999992,9394
45.0319999999992,8628
45.0319999999992,8120
45.0319999999992,6636
45.0319999999992,6544
45.0319999999992,7526
45.0789999999979,8202
45.0789999999979,8116
45.0789999999979,8608
45.0789999999979,7632
45.0789999999979,7026
45.0789999999979,6902
45.0789999999979,7924
45.0789999999979,8120
45.0789999999979,8906
45.1259999999966,9192
45.1259999999966,9346
45.1259999999966,9602
45.1259999999966,9146
45.1259999999966,8330
45.1259999999966,7776
45.1259999999966,7248
45.1259999999966,7272
45.1259999999966,7482
45.1739999999991,8216
45.1739999999991,8444
45.1739999999991,8290
45.1739999999991,7782
45.1739999999991,6328
45.1739999999991,6600
45.1739999999991,7944
45.1739999999991,8606
45.1739999999991,8988
45.1739999999991,9258
45.2199999999939,9398
45.2199999999939,9582
45.2199999999939,8992
45.2199999999939,8444
45.2199999999939,7246
45.2199999999939,7000
45.2199999999939,7664
45.2199999999939,7970
45.2199999999939,8142
45.2679999999964,8488
45.2679999999964,8114
45.2679999999964,7694
45.2679999999964,6674
45.2679999999964,7320
45.2679999999964,8018
45.2679999999964,8890
45.2679999999964,9058
45.2679999999964,9286
45.2679999999964,9588
45.3149999999951,9040
45.3149999999951,8488
45.3149999999951,8170
45.3149999999951,6682
45.3149999999951,6574
45.3149999999951,7554
45.3149999999951,8284
45.3149999999951,8100
45.3149999999951,8648
45.3629999999976,7754
45.3629999999976,6756
45.3629999999976,6766
45.3629999999976,7890
45.3629999999976,8106
45.3629999999976,9084
45.3629999999976,9158
45.3629999999976,9326
45.3629999999976,9618
45.4099999999962,9100
45.4099999999962,8176
45.4099999999962,7602
45.4099999999962,7292
45.4099999999962,7390
45.4099999999962,7462
45.4099999999962,8170
45.4099999999962,8094
45.4099999999962,8342
45.4569999999949,7816
45.4569999999949,6384
45.4569999999949,6594
45.4569999999949,7962
45.4569999999949,8746
45.4569999999949,9012
45.4569999999949,9290
45.4569999999949,9644
45.4569999999949,9566
45.4569999999949,8884
45.5039999999935,8326
45.5039999999935,6930
45.5039999999935,7020
45.5039999999935,7626
45.5039999999935,7950
45.5039999999935,8130
45.5039999999935,8588
45.5039999999935,7976
45.5039999999935,7520
45.551999999996,6996
45.551999999996,7432
45.551999999996,8084
45.551999999996,8968
45.551999999996,9120
45.551999999996,9326
45.551999999996,9630
45.551999999996,9526
45.551999999996,8766
45.551999999996,8218
45.5989999999947,6738
45.5989999999947,6602
45.5989999999947,7590
45.5989999999947,8234
45.5989999999947,8120
45.5989999999947,8618
45.5989999999947,7580
45.5989999999947,6934
45.5989999999947,7084
45.5989999999947,7690
45.6459999999934,8100
45.6459999999934,9014
45.6459999999934,9142
45.6459999999934,9340
45.6459999999934,9650
45.6459999999934,9158
45.6459999999934,8366
45.6459999999934,7816
45.6929999999993,7236
45.6929999999993,7236
45.6929999999993,7508
45.6929999999993,8218
45.6929999999993,8088
45.6929999999993,8326
45.6929999999993,7878
45.6929999999993,6492
45.6929999999993,6626
45.739999999998,7944
45.739999999998,8642
45.739999999998,8988
45.739999999998,9266
45.739999999998,9522
45.739999999998,9618
45.739999999998,9074
45.739999999998,8342
45.739999999998,7474
45.739999999998,7160
45.7869999999966,7504
45.7869999999966,7606
45.7869999999966,8134
45.7869999999966,8560
45.7869999999966,8048
45.7869999999966,7628
45.7869999999966,6918
45.7869999999966,6610
45.7869999999966,7996
45.7869999999966,8832
45.8349999999991,9038
45.8349999999991,9290
45.8349999999991,9614
45.8349999999991,9520
45.8349999999991,8700
45.8349999999991,8170
45.8349999999991,6684
45.8349999999991,6566
45.8349999999991,7550
45.8819999999978,8142
45.8819999999978,8124
45.8819999999978,8606
45.8819999999978,7734
45.8819999999978,7150
45.8819999999978,6954
45.8819999999978,7826
45.8819999999978,8120
45.8819999999978,9110
45.8819999999978,9172
45.9289999999964,9342
45.9289999999964,9620
45.9289999999964,9096
45.9289999999964,8186
45.9289999999964,7868
45.9289999999964,7212
45.9289999999964,7202
45.9289999999964,7484
45.976999999999,8212
45.976999999999,8198
45.976999999999,8326
45.976999999999,7796
45.976999999999,6354
45.976999999999,6594
45.976999999999,7970
45.976999999999,8530
45.976999999999,8976
45.976999999999,9258
46.0239999999976,9486
46.0239999999976,9608
46.0239999999976,9022
46.0239999999976,8460
46.0239999999976,7300
46.0239999999976,7022
46.0239999999976,7648
46.0239999999976,7972
46.0239999999976,8150
46.0709999999963,8506
46.0709999999963,8218
46.0709999999963,7754
46.0709999999963,6298
46.0709999999963,6910
46.0709999999963,8022
46.0709999999963,8868
46.0709999999963,9064
46.0709999999963,9330
46.0709999999963,9638
46.1179999999949,9546
46.1179999999949,8802
46.1179999999949,8254
46.1179999999949,7110
46.1179999999949,6888
46.1179999999949,7654
46.1179999999949,8080
46.1179999999949,8152
46.1179999999949,8624
46.1659999999974,7924
46.1659999999974,7438
46.1659999999974,7062
46.1659999999974,7618
46.1659999999974,8080
46.1659999999974,8900
46.1659999999974,9070
46.1659999999974,9312
46.1659999999974,9638
46.1659999999974,9280
46.2129999999961,8588
46.2129999999961,8106
46.2129999999961,6738
46.2129999999961,6662
46.2129999999961,7534
46.2129999999961,8268
46.2129999999961,8116
46.2129999999961,8378
46.2599999999948,7910
46.2599999999948,6950
46.2599999999948,6852
46.2599999999948,7992
46.2599999999948,8146
46.2599999999948,8818
46.2599999999948,9204
46.2599999999948,9348
46.2599999999948,9612
46.2599999999948,9064
46.3079999999973,8388
46.3079999999973,7442
46.3079999999973,7104
46.3079999999973,7242
46.3079999999973,7468
46.3079999999973,8192
46.3079999999973,8452
46.3079999999973,8254
46.3079999999973,7756
46.3079999999973,6292
46.3549999999959,6646
46.3549999999959,7988
46.3549999999959,8844
46.3549999999959,9040
46.3549999999959,9284
46.3549999999959,9574
46.3549999999959,9520
46.3549999999959,8808
46.3549999999959,8258
46.4019999999946,6780
46.4019999999946,6646
46.4019999999946,7632
46.4019999999946,8238
46.4019999999946,8166
46.4019999999946,8648
46.4019999999946,7766
46.4019999999946,7192
46.4019999999946,6974
46.4019999999946,7428
46.4499999999971,8074
46.4499999999971,8968
46.4499999999971,9122
46.4499999999971,9348
46.4499999999971,9640
46.4499999999971,9106
46.4499999999971,8560
46.4499999999971,8106
46.4969999999958,6898
46.4969999999958,6792
46.4969999999958,7546
46.4969999999958,8274
46.4969999999958,8160
46.4969999999958,8644
46.4969999999958,7648
46.4969999999958,7026
46.4969999999958,6914
46.4969999999958,7940
46.5429999999978,8136
46.5429999999978,8982
46.5429999999978,9204
46.5429999999978,9358
46.5429999999978,9648
46.5429999999978,9136
46.5429999999978,8488
46.5429999999978,7960
46.5429999999978,7164
46.5899999999965,7118
46.5899999999965,7504
46.5899999999965,8218
46.5899999999965,8094
46.5899999999965,8362
46.5899999999965,7828
46.5899999999965,6426
46.5899999999965,6596
46.5899999999965,7960
46.5899999999965,8402
46.637999999999,8952
46.637999999999,9230
46.637999999999,9404
46.637999999999,9582
46.637999999999,8962
46.637999999999,8418
46.637999999999,7154
46.637999999999,6918
46.637999999999,7678
46.6849999999977,8074
46.6849999999977,8156
46.6849999999977,8556
46.6849999999977,8180
46.6849999999977,7740
46.6849999999977,6492
46.6849999999977,7238
46.6849999999977,8026
46.6849999999977,8886
46.6849999999977,9068
46.7319999999963,9320
46.7319999999963,9650
46.7319999999963,9542
46.7319999999963,8658
46.7319999999963,8290
46.7319999999963,6846
46.7319999999963,6678
46.7319999999963,7618
46.7319999999963,8180
46.7799999999988,8114
46.7799999999988,8602
46.7799999999988,7648
46.7799999999988,7042
46.7799999999988,6888
46.7799999999988,7916
46.7799999999988,8078
46.7799999999988,8998
46.7799999999988,9132
46.8269999999975,9340
46.8269999999975,9660
46.8269999999975,9168
46.8269999999975,8408
46.8269999999975,7858
46.8269999999975,7226
46.8269999999975,7202
46.8269999999975,7482
46.8269999999975,8326
46.8739999999962,8110
46.8739999999962,8460
46.8739999999962,7900
46.8739999999962,6596
46.8739999999962,6678
46.8739999999962,7926
46.8739999999962,8560
46.8739999999962,8986
46.8739999999962,9258
46.8739999999962,9454
46.9209999999948,9582
46.9209999999948,8958
46.9209999999948,8242
46.9209999999948,7534
46.9209999999948,7254
46.9209999999948,7472
46.9209999999948,7490
46.9209999999948,8152
46.9209999999948,8556
46.9689999999973,8134
46.9689999999973,7724
46.9689999999973,6720
46.9689999999973,7334
46.9689999999973,7992
46.9689999999973,8802
46.9689999999973,9038
46.9689999999973,9306
46.9689999999973,9654
46.9689999999973,9546
47.015999999996,8838
47.015999999996,8288
47.015999999996,6852
47.015999999996,6688
47.015999999996,7616
47.015999999996,8186
47.015999999996,8126
47.015999999996,8618
47.015999999996,7950
47.0629999999946,7488
47.0629999999946,7022
47.0629999999946,7540
47.0629999999946,8090
47.0629999999946,8994
47.0629999999946,9146
47.0629999999946,9362
47.0629999999946,9660
47.0629999999946,9104
47.1099999999933,8596
47.1099999999933,8238
47.1099999999933,6756
47.1099999999933,6616
47.1099999999933,7596
47.1099999999933,8238
47.1099999999933,8134
47.1099999999933,8624
47.1099999999933,7602
47.1579999999958,6974
47.1579999999958,6868
47.1579999999958,7980
47.1579999999958,8100
47.1579999999958,9022
47.1579999999958,9152
47.1579999999958,9362
47.1579999999958,9666
47.1579999999958,9162
47.1579999999958,8488
47.2049999999945,7980
47.2049999999945,7150
47.2049999999945,7118
47.2049999999945,7504
47.2049999999945,8216
47.2049999999945,8094
47.2049999999945,8670
47.2049999999945,7766
47.2049999999945,6776
47.2049999999945,6760
47.252999999997,7884
47.252999999997,8336
47.252999999997,8930
47.252999999997,9224
47.252999999997,9342
47.252999999997,9598
47.252999999997,9014
47.252999999997,8444
47.252999999997,7308
47.3009999999995,7020
47.3009999999995,7350
47.3009999999995,7500
47.3009999999995,8202
47.3009999999995,8516
47.3009999999995,8254
47.3009999999995,7772
47.3009999999995,6312
47.3009999999995,6684
47.3479999999981,7986
47.3479999999981,8838
47.3479999999981,9034
47.3479999999981,9254
47.3479999999981,9598
47.3479999999981,9526
47.3479999999981,8824
47.3479999999981,8270
47.3479999999981,6826
47.3479999999981,6678
47.3949999999968,7612
47.3949999999968,8180
47.3949999999968,8104
47.3949999999968,8588
47.3949999999968,7600
47.3949999999968,6980
47.3949999999968,7058
47.3949999999968,7654
47.3949999999968,8090
47.4419999999955,9004
47.4419999999955,9132
47.4419999999955,9322
47.4419999999955,9640
47.4419999999955,9146
47.4419999999955,8324
47.4419999999955,7762
47.4419999999955,7248
47.4419999999955,7278
47.4419999999955,7514
47.489999999998,8206
47.489999999998,8084
47.489999999998,8350
47.489999999998,7868
47.489999999998,6472
47.489999999998,6616
47.489999999998,7936
47.489999999998,8648
47.489999999998,8992
47.5369999999966,9258
47.5369999999966,9602
47.5369999999966,9546
47.5369999999966,9004
47.5369999999966,8442
47.5369999999966,7288
47.5369999999966,7010
47.5369999999966,7642
47.5369999999966,7966
47.5839999999953,8130
47.5839999999953,8608
47.5839999999953,7982
47.5839999999953,7534
47.5839999999953,6976
47.5839999999953,7458
47.5839999999953,8008
47.5839999999953,8860
47.5839999999953,9054
47.6309999999939,9330
47.6309999999939,9650
47.6309999999939,9556
47.6309999999939,8854
47.6309999999939,8296
47.6309999999939,6862
47.6309999999939,6698
47.6309999999939,7612
47.6309999999939,8176
47.6309999999939,8124
47.6789999999964,8606
47.6789999999964,7708
47.6789999999964,7510
47.6789999999964,7006
47.6789999999964,7518
47.6789999999964,8068
47.6789999999964,8972
47.6789999999964,9120
47.6789999999964,9342
47.7249999999985,9644
47.7249999999985,9076
47.7249999999985,8526
47.7249999999985,8052
47.7249999999985,7058
47.7249999999985,6574
47.7249999999985,7580
47.7249999999985,8268
47.7249999999985,8130
47.7249999999985,8648
47.7729999999938,7592
47.7729999999938,6930
47.7729999999938,6868
47.7729999999938,8012
47.7729999999938,8160
47.7729999999938,8864
47.7729999999938,9214
47.7729999999938,9348
47.7729999999938,9666
47.8199999999997,9168
47.8199999999997,8468
47.8199999999997,7934
47.8199999999997,7180
47.8199999999997,7174
47.8199999999997,7508
47.8199999999997,8216
47.8199999999997,8090
47.8199999999997,8356
47.8669999999984,7838
47.8669999999984,6724
47.8669999999984,6748
47.8669999999984,7858
47.8669999999984,8398
47.8669999999984,8942
47.8669999999984,9222
47.8669999999984,9384
47.8669999999984,9588
47.913999999997,9008
47.913999999997,8444
47.913999999997,7288
47.913999999997,7016
47.913999999997,7648
47.913999999997,7462
47.913999999997,8180
47.913999999997,8504
47.913999999997,8196
47.913999999997,7736
47.9609999999957,6348
47.9609999999957,7042
47.9609999999957,8018
47.9609999999957,8864
47.9609999999957,9044
47.9609999999957,9294
47.9609999999957,9612
47.9609999999957,9500
47.9609999999957,8798
48.0079999999944,8254
48.0079999999944,6796
48.0079999999944,6652
48.0079999999944,7608
48.0079999999944,8212
48.0079999999944,8136
48.0079999999944,8618
48.0079999999944,7672
48.0079999999944,7068
48.0079999999944,6908
48.0559999999969,7572
48.0559999999969,8064
48.0559999999969,8972
48.0559999999969,9106
48.0559999999969,9302
48.0559999999969,9628
48.0559999999969,9140
48.0559999999969,8300
48.0559999999969,7740
48.1029999999955,7238
48.1029999999955,7278
48.1029999999955,7488
48.1029999999955,8068
48.1029999999955,8098
48.1029999999955,8360
48.1029999999955,7874
48.1029999999955,6488
48.1029999999955,6632
48.1499999999942,7940
48.1499999999942,8642
48.1499999999942,8982
48.1499999999942,9248
48.1499999999942,9578
48.1499999999942,9542
48.1499999999942,8864
48.1499999999942,8442
48.1499999999942,7272
48.1969999999928,6996
48.1969999999928,7658
48.1969999999928,7986
48.1969999999928,8150
48.1969999999928,8628
48.1969999999928,8008
48.1969999999928,7556
48.1969999999928,6976
48.1969999999928,7334
48.1969999999928,8044
48.2449999999953,8850
48.2449999999953,9032
48.2449999999953,9284
48.2449999999953,9614
48.2449999999953,9466
48.2449999999953,8598
48.2449999999953,8106
48.2449999999953,6674
48.2449999999953,6586
48.2449999999953,7524
48.291999999994,8244
48.291999999994,8110
48.291999999994,8608
48.291999999994,7600
48.291999999994,6974
48.291999999994,6856
48.291999999994,7962
48.291999999994,8130
48.291999999994,8834
48.3389999999999,9192
48.3389999999999,9330
48.3389999999999,9592
48.3389999999999,9024
48.3389999999999,8432
48.3389999999999,7344
48.3389999999999,7028
48.3389999999999,7314
48.3389999999999,7500
48.3869999999952,8206
48.3869999999952,8510
48.3869999999952,8268
48.3869999999952,7786
