25.5599999999977,9070
25.5599999999977,8500
25.5599999999977,7518
25.6069999999963,7174
25.6069999999963,7678
25.6069999999963,7908
25.6069999999963,8242
25.6069999999963,8716
25.6069999999963,8052
25.6069999999963,7560
25.6069999999963,7078
25.6069999999963,7688
25.6549999999988,8180
25.6549999999988,9126
25.6549999999988,9188
25.6549999999988,9434
25.6549999999988,9804
25.6549999999988,9198
25.6549999999988,8572
25.6549999999988,7998
25.6549999999988,7310
25.7019999999975,7314
25.7019999999975,7572
25.7019999999975,8238
25.7019999999975,8278
25.7019999999975,8310
25.7019999999975,7908
25.7019999999975,6400
25.7019999999975,6574
25.7019999999975,8032
25.7019999999975,8884
25.75,9136
25.75,9402
25.75,9818
25.75,9670
25.75,8854
25.75,8284
25.75,6748
25.75,6638
25.75,7704
25.75,8222
25.7969999999987,8160
25.7969999999987,8690
25.7969999999987,7570
25.7969999999987,6866
25.7969999999987,6740
25.7969999999987,8006
25.7969999999987,8268
25.7969999999987,9034
25.7969999999987,9340
25.8439999999973,9604
25.8439999999973,9706
25.8439999999973,9172
25.8439999999973,8494
25.8439999999973,7438
25.8439999999973,7118
25.8439999999973,7708
25.8439999999973,8008
25.8439999999973,8196
25.890999999996,8686
25.890999999996,7924
25.890999999996,7396
25.890999999996,7118
25.890999999996,7780
25.890999999996,8120
25.890999999996,9060
25.890999999996,9212
25.890999999996,9438
25.9380000000019,9784
25.9380000000019,9284
25.9380000000019,8442
25.9380000000019,7852
25.9380000000019,7346
25.9380000000019,7464
25.9380000000019,7556
25.9380000000019,8254
25.9380000000019,8150
25.9380000000019,8406
25.9859999999971,7838
25.9859999999971,6354
25.9859999999971,6580
25.9859999999971,8052
25.9859999999971,8932
25.9859999999971,9146
25.9859999999971,9418
25.9859999999971,9820
25.9859999999971,9656
26.0329999999958,8838
26.0329999999958,8270
26.0329999999958,6982
26.0329999999958,6790
26.0329999999958,7716
26.0329999999958,8252
26.0329999999958,8198
26.0329999999958,8720
26.0329999999958,7652
26.0329999999958,6986
26.0800000000017,6868
26.0800000000017,8088
26.0800000000017,8242
26.0800000000017,8962
26.0800000000017,9260
26.0800000000017,9440
26.0800000000017,9766
26.0800000000017,9228
26.0800000000017,8270
26.1270000000004,7644
26.1270000000004,7370
26.1270000000004,7592
26.1270000000004,7560
26.1270000000004,8244
26.1270000000004,8674
26.1270000000004,8366
26.1270000000004,7818
26.1270000000004,6344
26.1739999999991,6674
26.1739999999991,8074
26.1739999999991,8946
26.1739999999991,9146
26.1739999999991,9408
26.1739999999991,9794
26.1739999999991,9644
26.1739999999991,8710
26.1739999999991,8216
26.2209999999977,6838
26.2209999999977,6656
26.2209999999977,7664
26.2209999999977,8304
26.2209999999977,8162
26.2209999999977,8710
26.2209999999977,7816
26.2209999999977,6682
26.2209999999977,6666
26.2209999999977,7962
26.2690000000002,8480
26.2690000000002,9080
26.2690000000002,9366
26.2690000000002,9578
26.2690000000002,9768
26.2690000000002,9222
26.2690000000002,8288
26.2690000000002,7616
26.2690000000002,7336
26.3150000000023,7586
26.3150000000023,7570
26.3150000000023,8228
26.3150000000023,8674
26.3150000000023,8124
26.3150000000023,7664
26.3150000000023,6960
26.3150000000023,6848
26.3150000000023,8080
26.3150000000023,8978
26.3629999999976,9166
26.3629999999976,9424
26.3629999999976,9802
26.3629999999976,9634
26.3629999999976,8740
26.3629999999976,8216
26.3629999999976,6728
26.3629999999976,6600
26.3629999999976,7616
26.4099999999962,8294
26.4099999999962,8176
26.4099999999962,8706
26.4099999999962,7638
26.4099999999962,6806
26.4099999999962,6714
26.4099999999962,7946
26.4099999999962,8326
26.4099999999962,9040
26.4579999999987,9342
26.4579999999987,9516
26.4579999999987,9742
26.4579999999987,9122
26.4579999999987,8320
26.4579999999987,7704
26.4579999999987,7372
26.4579999999987,7556
26.4579999999987,7546
26.5049999999974,8248
26.5049999999974,8638
26.5049999999974,8182
26.5049999999974,7750
26.5049999999974,6868
26.5049999999974,7448
26.5049999999974,8130
26.5049999999974,8950
26.5049999999974,9152
26.5049999999974,9414
26.551999999996,9804
26.551999999996,9628
26.551999999996,8792
26.551999999996,8234
26.551999999996,6666
26.551999999996,6596
26.551999999996,7644
26.551999999996,8408
26.551999999996,8196
26.599000000002,8730
26.599000000002,7960
26.599000000002,7006
26.599000000002,6862
26.599000000002,8042
26.599000000002,8278
26.599000000002,9058
26.599000000002,9340
26.599000000002,9500
26.599000000002,9788
26.6469999999972,9224
26.6469999999972,8284
26.6469999999972,7638
26.6469999999972,7356
26.6469999999972,7350
26.6469999999972,7590
26.6469999999972,8258
26.6469999999972,8222
26.6469999999972,8398
26.6929999999993,7842
26.6929999999993,6348
26.6929999999993,6602
26.6929999999993,8088
26.6929999999993,8956
26.6929999999993,9166
26.6929999999993,9448
26.6929999999993,9598
26.6929999999993,9774
26.7410000000018,9172
26.7410000000018,8536
26.7410000000018,7452
26.7410000000018,7118
26.7410000000018,7680
26.7410000000018,7944
26.7410000000018,8216
26.7410000000018,8694
26.7410000000018,8016
26.7880000000005,7518
26.7880000000005,7056
26.7880000000005,7324
26.7880000000005,8110
26.7880000000005,9024
26.7880000000005,9182
26.7880000000005,9428
26.7880000000005,9792
26.7880000000005,9378
26.7880000000005,8642
26.8349999999991,8166
26.8349999999991,7176
26.8349999999991,6908
26.8349999999991,7600
26.8349999999991,8352
26.8349999999991,8186
26.8349999999991,8740
26.8349999999991,7862
26.8349999999991,6692
26.8349999999991,6642
26.8830000000016,7946
26.8830000000016,8444
26.8830000000016,9076
26.8830000000016,9362
26.8830000000016,9490
26.8830000000016,9720
26.8830000000016,9090
26.8830000000016,8268
26.8830000000016,7644
26.9300000000003,7372
26.9300000000003,7566
26.9300000000003,7536
26.9300000000003,8228
26.9300000000003,8658
26.9300000000003,8136
26.9300000000003,7684
26.9300000000003,6940
26.9300000000003,7520
26.9779999999955,8084
26.9779999999955,8976
26.9779999999955,9168
26.9779999999955,9440
26.9779999999955,9830
26.9779999999955,9666
26.9779999999955,8884
26.9779999999955,8304
26.9779999999955,6776
27.0239999999976,6652
27.0239999999976,7658
27.0239999999976,8316
27.0239999999976,8192
27.0239999999976,8700
27.0239999999976,7772
27.0239999999976,7156
27.0239999999976,6944
27.0239999999976,7930
27.0239999999976,8238
27.0720000000001,9230
27.0720000000001,9302
27.0720000000001,9474
27.0720000000001,9766
27.0720000000001,9238
27.0720000000001,8324
27.0720000000001,7720
27.0720000000001,7262
27.0720000000001,7190
27.1189999999988,7572
27.1189999999988,8152
27.1189999999988,8160
27.1189999999988,8402
27.1189999999988,7854
27.1189999999988,6350
27.1189999999988,6574
27.1189999999988,8038
27.1189999999988,8896
27.1189999999988,9084
27.1670000000013,9362
27.1670000000013,9538
27.1670000000013,9720
27.1670000000013,9086
27.1670000000013,8510
27.1670000000013,7254
27.1670000000013,6996
27.1670000000013,7808
27.1670000000013,8120
27.1670000000013,8196
27.2139999999999,8696
27.2139999999999,8150
27.2139999999999,7726
27.2139999999999,6878
27.2139999999999,7452
27.2139999999999,8120
27.2139999999999,9044
27.2139999999999,9192
27.2609999999986,9430
27.2609999999986,9792
27.2609999999986,9286
27.2609999999986,8634
27.2609999999986,8162
27.2609999999986,7170
27.2609999999986,6632
27.2609999999986,7648
27.2609999999986,8336
27.2609999999986,8182
27.3079999999973,8710
27.3079999999973,7816
27.3079999999973,6698
27.3079999999973,6638
27.3079999999973,7926
27.3079999999973,8422
27.3079999999973,9050
27.3079999999973,9362
27.3079999999973,9490
27.3559999999998,9804
27.3559999999998,9276
27.3559999999998,8490
27.3559999999998,7926
27.3559999999998,7324
27.3559999999998,7360
27.3559999999998,7550
27.3559999999998,8242
27.3559999999998,8288
27.3559999999998,8324
27.4020000000019,7790
27.4020000000019,6442
27.4020000000019,6584
27.4020000000019,7988
27.4020000000019,8786
27.4020000000019,9096
27.4020000000019,9378
27.4020000000019,9778
27.4020000000019,9666
27.4490000000005,8950
27.4490000000005,8376
27.4490000000005,6918
27.4490000000005,6748
27.4490000000005,7786
27.4490000000005,8106
27.4490000000005,8222
27.4490000000005,8716
27.4490000000005,7992
27.4490000000005,7490
27.4959999999992,7074
27.4959999999992,7674
27.4959999999992,8170
27.4959999999992,9100
27.4959999999992,9234
27.4959999999992,9450
27.4959999999992,9808
27.4959999999992,9638
27.5440000000017,8792
27.5440000000017,8234
27.5440000000017,6684
27.5440000000017,6606
27.5440000000017,7632
27.5440000000017,8378
27.5440000000017,8186
27.5440000000017,8740
27.5440000000017,7924
27.5440000000017,6646
27.5910000000003,6928
27.5910000000003,7950
27.5910000000003,8234
27.5910000000003,9212
27.5910000000003,9300
27.5910000000003,9470
27.5910000000003,9768
27.5910000000003,9238
27.5910000000003,8334
27.637999999999,7716
27.637999999999,7340
27.637999999999,7534
27.637999999999,7590
27.637999999999,8270
27.637999999999,8186
27.637999999999,8408
27.637999999999,7910
27.637999999999,6420
27.637999999999,6610
27.6849999999977,8016
27.6849999999977,8838
27.6849999999977,9112
27.6849999999977,9394
27.6849999999977,9794
27.6849999999977,9692
27.6849999999977,9008
27.6849999999977,8496
27.6849999999977,7408
27.7319999999963,7056
27.7319999999963,7704
27.7319999999963,7930
27.7319999999963,8224
27.7319999999963,8704
27.7319999999963,8070
27.7319999999963,7590
27.7319999999963,7010
27.7319999999963,7586
27.7319999999963,8098
27.7799999999988,8976
27.7799999999988,9158
27.7799999999988,9424
27.7799999999988,9820
27.7799999999988,9650
27.7799999999988,8884
27.7799999999988,8304
27.7799999999988,6784
27.8269999999975,6648
27.8269999999975,7658
27.8269999999975,8296
27.8269999999975,8162
27.8269999999975,8700
27.8269999999975,7832
27.8269999999975,7254
27.8269999999975,7036
27.8269999999975,7826
27.8269999999975,8202
27.8739999999962,9176
27.8739999999962,9258
27.8739999999962,9428
27.8739999999962,9736
27.8739999999962,9192
27.8739999999962,8260
27.8739999999962,7644
27.8739999999962,7346
27.8739999999962,7258
27.9210000000021,7536
27.9210000000021,8152
27.9210000000021,8156
27.9210000000021,8340
27.9210000000021,7796
27.9210000000021,6294
27.9210000000021,6574
27.9210000000021,8032
27.9210000000021,8910
27.9210000000021,9112
27.9689999999973,9332
27.9689999999973,9732
27.9689999999973,9650
27.9689999999973,8966
27.9689999999973,8398
27.9689999999973,6980
27.9689999999973,6786
27.9689999999973,7684
27.9689999999973,8188
28.015999999996,8160
28.015999999996,8664
28.015999999996,7678
28.015999999996,7032
28.015999999996,7048
28.015999999996,7638
28.015999999996,8136
28.015999999996,9080
28.015999999996,9212
28.015999999996,9414
28.0630000000019,9758
28.0630000000019,9238
28.0630000000019,8460
28.0630000000019,7884
28.0630000000019,7298
28.0630000000019,6584
28.0630000000019,7566
28.0630000000019,8398
28.1100000000006,8124
28.1100000000006,8366
28.1100000000006,7878
28.1100000000006,6390
28.1100000000006,6580
28.1100000000006,7986
28.1100000000006,8802
28.1100000000006,9074
28.1100000000006,9336
28.1100000000006,9516
28.1569999999992,9648
28.1569999999992,8988
28.1569999999992,8438
28.1569999999992,7036
28.1569999999992,6822
28.1569999999992,7684
28.1569999999992,8196
28.1569999999992,8188
28.1569999999992,8704
28.2039999999979,7826
28.2039999999979,7248
28.2039999999979,7038
28.2039999999979,7524
28.2039999999979,8110
28.2039999999979,9028
28.2039999999979,9168
28.2039999999979,9394
28.2039999999979,9752
28.2039999999979,9168
28.2520000000004,8504
28.2520000000004,7926
28.2520000000004,7268
28.2520000000004,7304
28.2520000000004,7616
28.2520000000004,8392
28.2520000000004,8172
28.2520000000004,8704
28.2520000000004,7930
28.2989999999991,6580
28.2989999999991,6616
28.2989999999991,7946
28.2989999999991,8530
28.2989999999991,9054
28.2989999999991,9332
28.2989999999991,9510
28.2989999999991,9696
28.2989999999991,9198
28.2989999999991,8274
28.3459999999977,7658
28.3459999999977,7346
28.3459999999977,7530
28.3459999999977,7534
28.3459999999977,8232
28.3459999999977,8612
28.3459999999977,8208
28.3459999999977,7750
28.3459999999977,6596
28.3929999999964,7334
28.3929999999964,8038
28.3929999999964,8868
28.3929999999964,9086
28.3929999999964,9358
28.3929999999964,9758
28.3929999999964,9594
28.3929999999964,8838
28.3929999999964,8264
28.4409999999989,6750
28.4409999999989,6636
28.4409999999989,7638
28.4409999999989,8270
28.4409999999989,8126
28.4409999999989,8668
28.4409999999989,7766
28.4409999999989,7160
28.4409999999989,6964
28.4409999999989,7878
28.4879999999976,8198
28.4879999999976,9186
28.4879999999976,9260
28.4879999999976,9420
28.4879999999976,9726
28.4879999999976,9194
28.4879999999976,8274
28.4879999999976,7658
28.4879999999976,7344
28.5349999999962,7196
28.5349999999962,7540
28.5349999999962,8166
28.5349999999962,8124
28.5349999999962,8336
28.5349999999962,7796
28.5349999999962,6302
28.5349999999962,6550
28.5349999999962,8026
28.5349999999962,8886
28.5829999999987,9086
28.5829999999987,9356
28.5829999999987,9738
28.5829999999987,9634
28.5829999999987,8940
28.5829999999987,8352
28.5829999999987,6908
28.5829999999987,6744
28.5829999999987,7664
28.6299999999974,8188
28.6299999999974,8114
28.6299999999974,8642
28.6299999999974,7526
28.6299999999974,6826
28.6299999999974,7072
28.6299999999974,7762
28.6299999999974,8146
28.6299999999974,9136
28.6779999999999,9214
28.6779999999999,9388
28.6779999999999,9680
28.6779999999999,9110
28.6779999999999,8396
28.6779999999999,7432
28.6779999999999,7100
28.6779999999999,7642
28.6779999999999,7822
28.7249999999985,8208
28.7249999999985,8478
28.7249999999985,8222
28.7249999999985,7730
28.7249999999985,6446
28.7249999999985,7258
28.7249999999985,8062
28.7249999999985,8962
28.7249999999985,9126
28.7249999999985,9372
28.7719999999972,9752
28.7719999999972,9604
28.7719999999972,8838
28.7719999999972,8258
28.7719999999972,6750
28.7719999999972,6616
28.7719999999972,7628
28.7719999999972,8264
28.7719999999972,8106
28.8189999999959,8654
28.8189999999959,7848
28.8189999999959,6586
28.8189999999959,6596
28.8189999999959,7934
28.8189999999959,8170
28.8189999999959,8982
28.8189999999959,9238
28.8189999999959,9356
28.8189999999959,9648
28.8669999999984,9028
28.8669999999984,8460
28.8669999999984,7176
28.8669999999984,6944
28.8669999999984,7762
28.8669999999984,8098
28.8669999999984,8186
28.8669999999984,8624
28.8669999999984,8084
28.9150000000009,7626
28.9150000000009,6920
28.9150000000009,7508
28.9150000000009,8098
28.9150000000009,9004
28.9150000000009,9146
28.9150000000009,9368
28.9150000000009,9712
28.9150000000009,9204
28.9619999999995,8634
28.9619999999995,8156
28.9619999999995,6856
28.9619999999995,6636
28.9619999999995,7566
28.9619999999995,8398
28.9619999999995,8140
28.9619999999995,8366
28.9619999999995,7880
28.9619999999995,6396
29.0089999999982,6566
29.0089999999982,7982
29.0089999999982,8280
29.0089999999982,8992
29.0089999999982,9300
29.0089999999982,9414
29.0089999999982,9680
29.0089999999982,9074
29.0089999999982,8488
29.0559999999969,7292
29.0559999999969,7032
29.0559999999969,7734
29.0559999999969,8026
29.0559999999969,8176
29.0559999999969,8568
29.0559999999969,8182
29.0559999999969,7720
29.0559999999969,6638
29.0559999999969,7330
29.1039999999994,8070
29.1039999999994,8978
29.1039999999994,9140
29.1039999999994,9392
29.1039999999994,9762
29.1039999999994,9592
29.1039999999994,8706
29.1039999999994,8180
29.1039999999994,6646
29.150999999998,6684
29.150999999998,7648
29.150999999998,8212
29.150999999998,8110
29.150999999998,8642
29.150999999998,7576
29.150999999998,6748
29.150999999998,6668
29.150999999998,7914
29.1979999999967,8254
29.1979999999967,8962
29.1979999999967,9276
29.1979999999967,9398
29.1979999999967,9696
29.1979999999967,9146
29.1979999999967,8258
29.1979999999967,7556
29.1979999999967,7344
29.1979999999967,7572
29.2450000000026,7526
29.2450000000026,8206
29.2450000000026,8638
29.2450000000026,8152
29.2450000000026,7798
29.2450000000026,6328
29.2450000000026,6574
29.2450000000026,8022
29.2450000000026,8878
29.2920000000013,9110
29.2920000000013,9388
29.2920000000013,9784
29.2920000000013,9638
29.2920000000013,8936
29.2920000000013,8352
29.2920000000013,6928
29.2920000000013,6740
29.2920000000013,7724
29.3399999999965,8006
29.3399999999965,8156
29.3399999999965,8638
29.3399999999965,7904
29.3399999999965,7400
29.3399999999965,7062
29.3399999999965,7668
29.3399999999965,8136
29.3399999999965,9070
29.3399999999965,9198
29.387999999999,9414
29.387999999999,9758
29.387999999999,9588
29.387999999999,8736
29.387999999999,8176
29.387999999999,6658
29.387999999999,6566
29.387999999999,7566
29.387999999999,8288
29.4349999999977,8090
29.4349999999977,8632
29.4349999999977,7874
29.4349999999977,6524
29.4349999999977,6570
29.4349999999977,7934
29.4349999999977,8166
29.4349999999977,9104
29.4349999999977,9202
29.4819999999963,9346
29.4819999999963,9618
29.4819999999963,9044
29.4819999999963,8088
29.4819999999963,7590
29.4819999999963,7072
29.4819999999963,7196
29.4819999999963,7372
29.4819999999963,8202
29.4819999999963,8026
29.5290000000023,8572
29.5290000000023,7730
29.5290000000023,6442
29.5290000000023,6462
29.5290000000023,7852
29.5290000000023,8104
29.5290000000023,8914
29.5290000000023,9228
29.5290000000023,9428
29.5769999999975,9692
29.5769999999975,9312
29.5769999999975,8582
29.5769999999975,8182
29.5769999999975,6974
29.5769999999975,6750
29.5769999999975,7452
29.5769999999975,7716
29.5769999999975,7934
29.5769999999975,8412
29.6239999999962,7910
29.6239999999962,7484
29.6239999999962,6262
29.6239999999962,6416
29.6239999999962,7770
29.6239999999962,8414
29.6239999999962,8792
29.6239999999962,9132
29.6239999999962,9346
29.6719999999987,9644
29.6719999999987,9512
29.6719999999987,8976
29.6719999999987,8182
29.6719999999987,7622
29.6719999999987,7046
29.6719999999987,7048
29.6719999999987,7320
29.6719999999987,8058
29.7189999999973,7926
29.7189999999973,8432
29.7189999999973,7400
29.7189999999973,6796
29.7189999999973,6720
29.7189999999973,7654
29.7189999999973,7956
29.7189999999973,8756
29.7189999999973,8942
29.7189999999973,9270
29.765999999996,9394
29.765999999996,9644
29.765999999996,9418
29.765999999996,8778
29.765999999996,8228
29.765999999996,7000
29.765999999996,6776
29.765999999996,7462
29.765999999996,7720
29.8130000000019,7992
29.8130000000019,8032
29.8130000000019,8182
29.8130000000019,7694
29.8130000000019,6330
29.8130000000019,6476
29.8130000000019,7734
29.8130000000019,8094
29.8130000000019,8870
29.8130000000019,9132
29.8609999999971,9398
29.8609999999971,9466
29.8609999999971,9664
29.8609999999971,9418
29.8609999999971,8850
29.8609999999971,8268
29.8609999999971,7164
29.8609999999971,6908
29.8609999999971,7336
29.9079999999958,7372
29.9079999999958,7998
29.9079999999958,8320
29.9079999999958,8124
29.9079999999958,7612
29.9079999999958,6216
29.9079999999958,6482
29.9079999999958,7756
29.9079999999958,8034
29.9079999999958,8972
29.9559999999983,9090
29.9559999999983,9382
29.9559999999983,9430
29.9559999999983,9666
29.9559999999983,9644
29.9559999999983,9040
29.9559999999983,8432
29.9559999999983,7010
30.002999999997,6806
30.002999999997,7664
30.002999999997,7890
30.002999999997,8244
30.002999999997,8700
30.002999999997,8188
30.002999999997,7726
30.002999999997,6648
30.002999999997,7330
30.002999999997,8078
30.0499999999956,8956
30.0499999999956,9126
30.0499999999956,9404
30.0499999999956,9782
30.0499999999956,9676
30.0499999999956,9018
30.0499999999956,8442
30.0499999999956,7190
30.0499999999956,6946
30.0499999999956,7726
30.0970000000016,7926
30.0970000000016,8162
30.0970000000016,8660
30.0970000000016,8032
30.0970000000016,7544
30.0970000000016,6928
30.0970000000016,7478
30.0970000000016,8026
30.0970000000016,8880
30.1449999999968,9094
30.1449999999968,9402
30.1449999999968,9726
30.1449999999968,9700
30.1449999999968,9064
30.1449999999968,8434
30.1449999999968,7294
30.1449999999968,6990
30.1449999999968,7586
30.1449999999968,7746
30.1919999999955,8198
30.1919999999955,8294
30.1919999999955,8324
30.1919999999955,7766
30.1919999999955,6282
30.1919999999955,6520
30.1919999999955,7952
30.1919999999955,8720
30.1919999999955,9068
30.2390000000014,9368
30.2390000000014,9520
30.2390000000014,9782
30.2390000000014,9258
30.2390000000014,8454
30.2390000000014,8166
30.2390000000014,6658
30.2390000000014,6544
30.2390000000014,7554
30.2860000000001,8350
30.2860000000001,8146
30.2860000000001,8674
30.2860000000001,7878
30.2860000000001,6612
30.2860000000001,6586
30.2860000000001,7812
30.2860000000001,8176
30.2860000000001,9126
30.3329999999987,9240
30.3329999999987,9458
30.3329999999987,9810
30.3329999999987,9604
30.3329999999987,8730
30.3329999999987,8156
30.3329999999987,6610
30.3329999999987,6502
30.3329999999987,7540
30.3799999999974,8126
30.3799999999974,8134
30.3799999999974,8624
30.3799999999974,7854
30.3799999999974,7324
30.3799999999974,6928
30.3799999999974,7488
30.3799999999974,8068
30.3799999999974,9032
30.3799999999974,9214
30.4279999999999,9502
30.4279999999999,9864
30.4279999999999,9808
30.4279999999999,9254
30.4279999999999,8422
30.4279999999999,7806
30.4279999999999,7114
30.4279999999999,7124
30.4279999999999,7406
30.4279999999999,8130
30.4749999999985,8084
30.4749999999985,8264
30.4749999999985,7802
30.4749999999985,6364
30.4749999999985,6668
30.4749999999985,7920
30.4749999999985,8136
30.4749999999985,9168
30.4749999999985,9264
30.5219999999972,9480
30.5219999999972,9820
30.5219999999972,9614
30.5219999999972,8818
30.5219999999972,8222
30.5219999999972,6698
30.5219999999972,6560
30.5219999999972,7632
30.5219999999972,8042
30.5699999999997,8146
30.5699999999997,8648
30.5699999999997,7976
30.5699999999997,7482
30.5699999999997,6836
30.5699999999997,7370
30.5699999999997,8026
30.5699999999997,8992
30.5699999999997,9156
30.6160000000018,9458
30.6160000000018,9814
30.6160000000018,9772
30.6160000000018,9204
30.6160000000018,8304
30.6160000000018,7762
30.6160000000018,7154
30.6160000000018,7160
30.6160000000018,7380
30.6160000000018,8130
30.663999999997,8062
30.663999999997,8306
30.663999999997,7772
30.663999999997,6410
30.663999999997,6714
30.663999999997,7874
30.663999999997,8182
30.663999999997,9136
30.663999999997,9264
30.7109999999957,9548
30.7109999999957,9892
30.7109999999957,9748
30.7109999999957,9090
30.7109999999957,8330
30.7109999999957,7408
30.7109999999957,7154
30.7109999999957,7180
30.7109999999957,7428
30.7109999999957,8146
30.7580000000016,8104
30.7580000000016,8296
30.7580000000016,7822
30.7580000000016,6366
30.7580000000016,6504
30.7580000000016,7874
30.7580000000016,8458
30.7580000000016,8988
30.7580000000016,9342
30.8050000000003,9516
30.8050000000003,9864
30.8050000000003,9722
30.8050000000003,9054
30.8050000000003,8442
30.8050000000003,7258
30.8050000000003,6954
30.8050000000003,7550
30.8050000000003,7766
30.851999999999,8142
30.851999999999,8614
30.851999999999,8124
30.851999999999,7750
30.851999999999,6278
30.851999999999,6508
30.851999999999,7916
30.851999999999,8700
30.851999999999,9068
30.8989999999976,9388
30.8989999999976,9532
30.8989999999976,9844
30.8989999999976,9608
30.8989999999976,8716
30.8989999999976,8136
30.8989999999976,6576
30.8989999999976,6638
30.8989999999976,7536
30.8989999999976,8068
30.9470000000001,8120
30.9470000000001,8642
30.9470000000001,7880
30.9470000000001,7382
30.9470000000001,6964
30.9470000000001,7518
30.9470000000001,8058
30.9470000000001,8986
30.9470000000001,9086
30.9939999999988,9398
30.9939999999988,9676
30.9939999999988,9756
30.9939999999988,9188
30.9939999999988,8306
30.9939999999988,7716
30.9939999999988,7222
30.9939999999988,7340
30.9939999999988,7484
30.9939999999988,8170
31.0409999999974,8270
31.0409999999974,8324
31.0409999999974,7868
31.0409999999974,6556
31.0409999999974,6586
31.0409999999974,7832
31.0409999999974,8242
31.0409999999974,8910
31.0409999999974,9290
31.0879999999961,9486
31.0879999999961,9818
31.0879999999961,9612
31.0879999999961,8838
31.0879999999961,8244
31.0879999999961,6760
31.0879999999961,6872
31.0879999999961,7688
31.0879999999961,8034
31.135000000002,8156
31.135000000002,8648
31.135000000002,8038
31.135000000002,7590
31.135000000002,6842
31.135000000002,7372
31.135000000002,8034
31.135000000002,8936
31.135000000002,9100
31.1829999999973,9340
31.1829999999973,9604
31.1829999999973,9684
31.1829999999973,9096
31.1829999999973,8278
31.1829999999973,7510
31.1829999999973,7278
31.1829999999973,7458
31.1829999999973,7510
31.1829999999973,8176
31.2299999999959,8488
31.2299999999959,8326
31.2299999999959,7844
31.2299999999959,6416
31.2299999999959,6550
31.2299999999959,7878
31.2299999999959,8444
31.2299999999959,8956
31.2299999999959,9274
31.2299999999959,9440
31.2770000000019,9742
31.2770000000019,9198
31.2770000000019,8452
31.2770000000019,7908
31.2770000000019,7144
31.2770000000019,6518
31.2770000000019,7530
31.2770000000019,8228
31.2770000000019,8090
31.3240000000005,8606
31.3240000000005,7514
31.3240000000005,6816
31.3240000000005,6740
31.3240000000005,7908
31.3240000000005,8116
31.3240000000005,8976
31.3240000000005,9110
31.3240000000005,9368
31.3719999999958,9748
31.3719999999958,9574
31.3719999999958,8828
31.3719999999958,8244
31.3719999999958,6780
31.3719999999958,6622
31.3719999999958,7606
31.3719999999958,8152
31.3719999999958,8126
31.4190000000017,8632
31.4190000000017,7782
31.4190000000017,7232
31.4190000000017,6800
31.4190000000017,7336
31.4190000000017,8002
31.4190000000017,8884
31.4190000000017,9086
31.4190000000017,9368
31.4190000000017,9774
31.4669999999969,9650
31.4669999999969,9004
31.4669999999969,8418
31.4669999999969,7216
31.4669999999969,6954
31.4669999999969,7416
31.4669999999969,7464
31.4669999999969,8166
31.4669999999969,8422
31.5139999999956,8234
31.5139999999956,7698
31.5139999999956,6258
31.5139999999956,6528
31.5139999999956,7920
31.5139999999956,8740
31.5139999999956,9012
31.5139999999956,9258
31.5139999999956,9438
31.5139999999956,9732
31.5610000000015,9192
31.5610000000015,8454
31.5610000000015,7900
31.5610000000015,7170
31.5610000000015,7078
31.5610000000015,7494
31.5610000000015,8232
31.5610000000015,8110
31.5610000000015,8414
31.6080000000002,7526
31.6080000000002,6852
31.6080000000002,6774
31.6080000000002,7908
31.6080000000002,8136
31.6080000000002,9096
31.6080000000002,9198
31.6080000000002,9428
31.6080000000002,9782
31.6549999999988,9588
31.6549999999988,8808
31.6549999999988,8228
31.6549999999988,6740
31.6549999999988,6858
31.6549999999988,7644
31.6549999999988,8012
31.6549999999988,8106
31.6549999999988,8598
31.7019999999975,7920
31.7019999999975,7442
31.7019999999975,6888
31.7019999999975,7448
31.7019999999975,8008
31.7019999999975,8824
31.7019999999975,9044
31.7019999999975,9352
31.7019999999975,9706
31.7019999999975,9676
31.75,9064
31.75,8438
31.75,7336
31.75,7032
31.75,7546
31.75,7740
31.75,8182
31.75,8622
31.75,8340
31.75,7792
31.7969999999987,6328
31.7969999999987,6524
31.7969999999987,7914
31.7969999999987,8660
31.7969999999987,9014
31.7969999999987,9306
31.7969999999987,9460
31.7969999999987,9732
31.7969999999987,9224
31.8439999999973,8398
31.8439999999973,7818
31.8439999999973,6678
31.8439999999973,6514
31.8439999999973,7518
31.8439999999973,8320
31.8439999999973,8120
31.8439999999973,8642
31.8439999999973,7708
31.8439999999973,6712
31.890999999996,6636
31.890999999996,7936
31.890999999996,8182
31.890999999996,9060
31.890999999996,9192
31.890999999996,9454
31.890999999996,9820
31.890999999996,9650
31.9380000000019,8976
31.9380000000019,8378
31.9380000000019,7124
31.9380000000019,6888
31.9380000000019,7600
31.9380000000019,7910
31.9380000000019,8110
31.9380000000019,8612
31.9380000000019,8306
31.9380000000019,7756
31.9859999999971,6308
31.9859999999971,6530
31.9859999999971,7920
31.9859999999971,8596
31.9859999999971,9008
31.9859999999971,9332
31.9859999999971,9512
31.9859999999971,9818
31.9859999999971,9608
32.0329999999958,8732
32.0329999999958,8320
32.0329999999958,6924
32.0329999999958,6734
32.0329999999958,7582
32.0329999999958,8106
32.0329999999958,8146
32.0329999999958,8632
32.0329999999958,7924
32.0329999999958,7446
32.0800000000017,6930
32.0800000000017,7482
32.0800000000017,8034
32.0800000000017,8828
32.0800000000017,9038
32.0800000000017,9368
32.0800000000017,9558
32.0800000000017,9742
32.0800000000017,9208
32.1270000000004,8378
32.1270000000004,7792
32.1270000000004,7232
32.1270000000004,7310
32.1270000000004,7510
32.1270000000004,8126
32.1270000000004,8146
32.1270000000004,8644
32.1270000000004,7730
32.1270000000004,6682
32.1749999999956,6636
32.1749999999956,7930
32.1749999999956,8150
32.1749999999956,9002
32.1749999999956,9228
32.1749999999956,9402
32.1749999999956,9722
32.1749999999956,9162
32.2209999999977,8586
32.2209999999977,8104
32.2209999999977,6718
32.2209999999977,6596
32.2209999999977,7586
32.2209999999977,8176
32.2209999999977,8114
32.2209999999977,8622
32.2209999999977,7678
32.2209999999977,7088
32.2690000000002,6924
32.2690000000002,7720
32.2690000000002,8074
32.2690000000002,8920
32.2690000000002,9096
32.2690000000002,9358
32.2690000000002,9722
32.2690000000002,9578
32.2690000000002,8870
32.3159999999989,8300
32.3159999999989,6908
32.3159999999989,6728
32.3159999999989,7592
32.3159999999989,8094
32.3159999999989,8106
32.3159999999989,8596
32.3159999999989,8054
32.3159999999989,7622
32.3159999999989,6748
32.3640000000014,7310
32.3640000000014,7996
32.3640000000014,8890
32.3640000000014,9060
32.3640000000014,9358
32.3640000000014,9752
32.3640000000014,9634
32.3640000000014,8988
32.3640000000014,8196
32.4110000000001,7590
32.4110000000001,7254
32.4110000000001,7402
32.4110000000001,7436
32.4110000000001,8136
32.4110000000001,8428
32.4110000000001,8182
32.4110000000001,7664
32.4110000000001,6230
32.4110000000001,6556
32.4579999999987,7888
32.4579999999987,8524
32.4579999999987,8976
32.4579999999987,9276
32.4579999999987,9448
32.4579999999987,9758
32.4579999999987,9080
32.4579999999987,8566
32.5040000000008,8104
32.5040000000008,6888
32.5040000000008,6566
32.5040000000008,7498
32.5040000000008,8304
32.5040000000008,8098
32.5040000000008,8618
32.5040000000008,7612
32.5040000000008,6980
32.5040000000008,6856
32.5509999999995,7806
32.5509999999995,8098
32.5509999999995,9050
32.5509999999995,9172
32.5509999999995,9398
32.5509999999995,9746
32.5509999999995,9584
32.5509999999995,8896
32.5509999999995,8326
32.5979999999981,6934
32.5979999999981,6734
32.5979999999981,7616
32.5979999999981,8124
32.5979999999981,8130
32.5979999999981,8632
32.5979999999981,7808
32.5979999999981,7282
32.5979999999981,6812
32.5979999999981,7364
32.6460000000006,8038
32.6460000000006,8920
32.6460000000006,9090
32.6460000000006,9388
32.6460000000006,9762
32.6460000000006,9656
32.6460000000006,9022
32.6460000000006,8438
32.6460000000006,7248
32.6929999999993,6970
32.6929999999993,7408
32.6929999999993,7478
32.6929999999993,8170
32.6929999999993,8442
32.6929999999993,8244
32.6929999999993,7708
32.6929999999993,6248
32.6929999999993,6514
32.6929999999993,7952
32.7410000000018,8796
32.7410000000018,9018
32.7410000000018,9316
32.7410000000018,9612
32.7410000000018,9700
32.7410000000018,9182
32.7410000000018,8388
32.7410000000018,7822
32.7410000000018,7202
32.7869999999966,7232
32.7869999999966,7482
32.7869999999966,8134
32.7869999999966,8098
32.7869999999966,8294
32.7869999999966,7808
32.7869999999966,6370
32.7869999999966,6658
32.7869999999966,7936
32.8349999999991,8152
32.8349999999991,9094
32.8349999999991,9218
32.8349999999991,9420
32.8349999999991,9768
32.8349999999991,9572
32.8349999999991,8714
32.8349999999991,8156
32.8349999999991,6656
32.8819999999978,6544
32.8819999999978,7590
32.8819999999978,8106
32.8819999999978,8130
32.8819999999978,8624
32.8819999999978,7878
32.8819999999978,7386
32.8819999999978,6966
32.8819999999978,7526
32.8819999999978,8052
32.9289999999964,8968
32.9289999999964,9116
32.9289999999964,9388
32.9289999999964,9736
32.9289999999964,9690
32.9289999999964,9076
32.9289999999964,8378
32.9289999999964,7446
32.9289999999964,7200
32.9760000000024,7488
32.9760000000024,7504
32.9760000000024,8134
32.9760000000024,8550
32.9760000000024,8120
32.9760000000024,7632
32.9760000000024,6386
32.9760000000024,6494
32.9760000000024,7908
32.9760000000024,8694
33.023000000001,9008
33.023000000001,9302
33.023000000001,9428
33.023000000001,9680
33.023000000001,9140
33.023000000001,8260
33.023000000001,7678
33.023000000001,7248
33.023000000001,7382
33.0720000000001,7494
33.0720000000001,8300
33.0720000000001,8098
33.0720000000001,8432
33.0720000000001,7842
33.0720000000001,6448
33.0720000000001,6548
33.0720000000001,7872
33.0720000000001,8442
33.1180000000022,8952
33.1180000000022,9266
33.1180000000022,9430
33.1180000000022,9726
33.1180000000022,9558
33.1180000000022,8694
33.1180000000022,8152
33.1180000000022,6652
33.1180000000022,6520
33.1180000000022,7544
33.1659999999974,8234
33.1659999999974,8114
33.1659999999974,8634
33.1659999999974,7540
33.1659999999974,6872
33.1659999999974,7026
33.1659999999974,7596
33.1659999999974,8078
33.1659999999974,8986
33.2129999999961,9120
33.2129999999961,9384
33.2129999999961,9746
33.2129999999961,9588
33.2129999999961,8880
33.2129999999961,8296
33.2129999999961,6898
33.2129999999961,6718
33.2129999999961,7606
33.2129999999961,7834
33.2609999999986,8142
33.2609999999986,8612
33.2609999999986,8084
33.2609999999986,7648
33.2609999999986,6666
33.2609999999986,7272
33.2609999999986,8012
33.2609999999986,8906
33.2609999999986,9074
33.3079999999973,9320
33.3079999999973,9438
33.3079999999973,9710
33.3079999999973,9158
33.3079999999973,8330
33.3079999999973,7766
33.3079999999973,7226
33.3079999999973,7288
33.3079999999973,7462
33.3549999999959,8120
33.3549999999959,8172
33.3549999999959,8310
33.3549999999959,7772
33.3549999999959,6330
33.3549999999959,6600
33.3549999999959,7878
33.3549999999959,8176
33.3549999999959,8994
33.4020000000019,9244
33.4020000000019,9440
33.4020000000019,9774
33.4020000000019,9574
33.4020000000019,8788
33.4020000000019,8222
33.4020000000019,6744
33.4020000000019,6612
33.4020000000019,7674
33.4020000000019,8044
33.4499999999971,8126
33.4499999999971,8608
33.4499999999971,7934
33.4499999999971,7458
33.4499999999971,6910
33.4499999999971,7462
33.4499999999971,8042
33.4499999999971,8962
33.4499999999971,9122
33.4499999999971,9376
33.4969999999958,9538
33.4969999999958,9738
33.4969999999958,9192
33.4969999999958,8392
33.4969999999958,7826
33.4969999999958,7238
33.4969999999958,7258
33.4969999999958,7472
33.4969999999958,8098
33.5440000000017,8120
33.5440000000017,8296
33.5440000000017,7756
33.5440000000017,6566
33.5440000000017,6548
33.5440000000017,7818
33.5440000000017,8218
33.5440000000017,8858
33.5440000000017,9248
33.5910000000003,9420
33.5910000000003,9746
33.5910000000003,9532
33.5910000000003,8634
33.5910000000003,8110
33.5910000000003,6586
33.5910000000003,6520
33.5910000000003,7576
33.5910000000003,8126
33.6389999999956,8084
33.6389999999956,8598
33.6389999999956,7746
33.6389999999956,7216
33.6389999999956,7006
33.6389999999956,7632
33.6389999999956,8078
33.6389999999956,9012
33.6389999999956,9100
33.6389999999956,9402
33.6860000000015,9748
33.6860000000015,9696
33.6860000000015,9120
33.6860000000015,8242
33.6860000000015,7572
33.6860000000015,7268
33.6860000000015,7442
33.6860000000015,7484
33.6860000000015,8186
33.7330000000002,8474
33.7330000000002,8350
33.7330000000002,7834
33.7330000000002,6422
33.7330000000002,6550
33.7330000000002,7884
33.7330000000002,8448
33.7330000000002,8940
33.7330000000002,9290
33.7330000000002,9480
33.7809999999954,9804
33.7809999999954,9568
33.7809999999954,8756
33.7809999999954,8134
33.7809999999954,6652
33.7809999999954,6760
33.7809999999954,7576
33.7809999999954,7982
33.7809999999954,8088
33.8280000000013,8582
33.8280000000013,7972
33.8280000000013,7534
33.8280000000013,6820
33.8280000000013,7340
33.8280000000013,7992
33.8280000000013,8906
33.8280000000013,9038
33.8280000000013,9342
33.875,9470
33.875,9752
33.875,9146
33.875,8506
33.875,8012
33.875,7068
33.875,6718
33.875,7464
33.875,8342
33.9219999999987,8062
33.9219999999987,8546
33.9219999999987,7572
33.9219999999987,6930
33.9219999999987,6796
33.9219999999987,7740
33.9219999999987,8062
33.9219999999987,9058
33.9219999999987,9194
33.9219999999987,9454
33.9689999999973,9808
33.9689999999973,9640
33.9689999999973,8968
33.9689999999973,8408
33.9689999999973,7134
33.9689999999973,7292
33.9689999999973,7452
33.9689999999973,7458
33.9689999999973,8142
34.015999999996,8514
34.015999999996,8172
34.015999999996,7664
34.015999999996,6220
34.015999999996,6702
34.015999999996,7944
34.015999999996,8804
34.015999999996,8972
34.015999999996,9260
34.015999999996,9412
34.0639999999985,9706
34.0639999999985,9168
34.0639999999985,8402
34.0639999999985,7828
34.0639999999985,7182
34.0639999999985,7114
34.0639999999985,7438
34.0639999999985,8186
34.0639999999985,8026
34.1109999999971,8572
34.1109999999971,7600
34.1109999999971,6682
34.1109999999971,6620
34.1109999999971,7910
34.1109999999971,8116
34.1109999999971,9086
34.1109999999971,9214
34.1109999999971,9418
34.1589999999997,9756
34.1589999999997,9552
34.1589999999997,8752
34.1589999999997,8198
34.1589999999997,6718
34.1589999999997,6806
34.1589999999997,7616
34.1589999999997,8068
34.1589999999997,8116
34.1589999999997,8612
34.2059999999983,7878
34.2059999999983,7396
34.2059999999983,6970
34.2059999999983,7530
34.2059999999983,8044
34.2059999999983,8950
34.2059999999983,9040
34.2059999999983,9332
34.2059999999983,9736
34.252999999997,9648
34.252999999997,9058
34.252999999997,8294
34.252999999997,7462
34.252999999997,7252
34.252999999997,7462
34.252999999997,7472
34.252999999997,8150
34.252999999997,8484
34.252999999997,8314
34.2999999999956,7828
34.2999999999956,6432
34.2999999999956,6544
34.2999999999956,7852
34.2999999999956,8334
34.2999999999956,8904
34.2999999999956,9276
34.2999999999956,9474
34.2999999999956,9798
34.3479999999981,9608
34.3479999999981,8884
34.3479999999981,8304
34.3479999999981,7258
34.3479999999981,6980
34.3479999999981,7618
34.3479999999981,7900
34.3479999999981,8134
34.3479999999981,8618
34.3479999999981,8068
34.3949999999968,7626
34.3949999999968,6780
34.3949999999968,7330
34.3949999999968,8026
34.3949999999968,8776
34.3949999999968,9032
34.3949999999968,9322
34.3949999999968,9466
34.4419999999955,9710
34.4419999999955,9182
34.4419999999955,8376
34.4419999999955,7808
34.4419999999955,7218
34.4419999999955,7258
34.4419999999955,7474
34.4419999999955,8006
34.4419999999955,8090
34.4419999999955,8606
34.4890000000014,7674
34.4890000000014,6658
34.4890000000014,6620
34.4890000000014,7916
34.4890000000014,8146
34.4890000000014,9148
34.4890000000014,9240
34.4890000000014,9440
34.4890000000014,9762
34.5360000000001,9572
34.5360000000001,8786
34.5360000000001,8222
34.5360000000001,7062
34.5360000000001,6848
34.5360000000001,7672
34.5360000000001,8078
34.5360000000001,8142
34.5360000000001,8634
34.5360000000001,7936
34.5840000000026,7432
34.5840000000026,6964
34.5840000000026,7526
34.5840000000026,8068
34.5840000000026,8972
34.5840000000026,9110
34.5840000000026,9346
34.5840000000026,9720
34.5840000000026,9624
34.6310000000012,8982
34.6310000000012,8422
34.6310000000012,7192
34.6310000000012,6950
34.6310000000012,7688
34.6310000000012,7972
34.6310000000012,8146
34.6310000000012,8618
34.6310000000012,8002
34.6310000000012,7700
34.6779999999999,6236
34.6779999999999,6672
34.6779999999999,7976
34.6779999999999,8838
34.6779999999999,9050
34.6779999999999,9322
34.6779999999999,9706
34.6779999999999,9612
34.7249999999985,8972
34.7249999999985,8414
34.7249999999985,7196
34.7249999999985,7274
34.7249999999985,7458
34.7249999999985,7472
34.7249999999985,8162
34.7249999999985,8496
34.7249999999985,8222
34.7249999999985,7704
34.773000000001,6242
34.773000000001,6638
34.773000000001,7982
34.773000000001,8834
34.773000000001,8994
34.773000000001,9290
34.773000000001,9440
34.773000000001,9712
34.773000000001,9188
34.773000000001,8418
34.8199999999997,7852
34.8199999999997,7228
34.8199999999997,7248
34.8199999999997,7504
34.8199999999997,8114
34.8199999999997,8124
34.8199999999997,8334
34.8199999999997,7776
34.8199999999997,6672
34.8669999999984,6630
34.8669999999984,7878
34.8669999999984,8208
34.8669999999984,8850
34.8669999999984,9234
34.8669999999984,9398
34.8669999999984,9674
34.8669999999984,9168
34.8669999999984,8406
34.8669999999984,7842
34.913999999997,7228
34.913999999997,6534
34.913999999997,7530
34.913999999997,8304
34.913999999997,8104
34.913999999997,8634
34.913999999997,7792
34.913999999997,6626
34.913999999997,6586
34.9619999999995,7838
34.9619999999995,8212
34.9619999999995,8840
34.9619999999995,9182
34.9619999999995,9384
34.9619999999995,9722
34.9619999999995,9548
34.9619999999995,8658
34.9619999999995,8134
35.0089999999982,6602
35.0089999999982,6538
35.0089999999982,7554
35.0089999999982,8288
35.0089999999982,8120
35.0089999999982,8638
35.0089999999982,7776
35.0089999999982,7232
35.0089999999982,7028
35.0559999999969,7688
35.0559999999969,8106
35.0559999999969,9032
35.0559999999969,9158
35.0559999999969,9398
35.0559999999969,9728
35.0559999999969,9558
35.0559999999969,8776
35.0559999999969,8212
35.0559999999969,6734
35.1029999999955,6848
35.1029999999955,7684
35.1029999999955,8084
35.1029999999955,8156
35.1029999999955,8638
35.1029999999955,7986
35.1029999999955,7520
35.1029999999955,6910
35.1029999999955,7452
35.150999999998,8052
35.150999999998,8952
35.150999999998,9116
35.150999999998,9366
35.150999999998,9602
35.150999999998,9710
35.150999999998,9142
35.150999999998,8248
35.150999999998,7668
35.150999999998,7274
35.1979999999967,7408
35.1979999999967,7490
35.1979999999967,8186
35.1979999999967,8424
35.1979999999967,8270
35.1979999999967,7852
35.1979999999967,6452
35.1979999999967,6554
35.1979999999967,7880
35.2450000000026,8480
35.2450000000026,8972
35.2450000000026,9276
35.2450000000026,9418
35.2450000000026,9696
35.2450000000026,9166
35.2450000000026,8402
35.2450000000026,7838
35.2450000000026,7222
35.2920000000013,6544
35.2920000000013,7544
35.2920000000013,8300
35.2920000000013,8106
35.2920000000013,8642
35.2920000000013,7704
35.2920000000013,6708
35.2920000000013,6652
35.2920000000013,7926
35.3399999999965,8176
35.3399999999965,8998
35.3399999999965,9250
35.3399999999965,9420
35.3399999999965,9766
35.3399999999965,9594
35.3399999999965,8880
35.3399999999965,8296
35.3399999999965,6888
35.3399999999965,6712
35.3870000000024,7618
35.3870000000024,8152
35.3870000000024,8152
35.3870000000024,8644
35.3870000000024,7842
35.3870000000024,7340
35.3870000000024,7046
35.3870000000024,7334
35.3870000000024,8048
35.4340000000011,8914
35.4340000000011,9084
35.4340000000011,9372
35.4340000000011,9746
35.4340000000011,9660
35.4340000000011,9058
35.4340000000011,8434
35.4340000000011,7396
35.4340000000011,7130
35.4340000000011,7526
35.4809999999998,7484
35.4809999999998,8152
35.4809999999998,8290
35.4809999999998,8310
35.4809999999998,7760
35.4809999999998,6304
35.4809999999998,6528
35.4809999999998,7946
35.4809999999998,8732
35.5290000000023,9012
35.5290000000023,9294
35.5290000000023,9592
35.5290000000023,9664
35.5290000000023,9140
35.5290000000023,8280
35.5290000000023,7698
35.5290000000023,7252
35.5290000000023,7372
35.5760000000009,7488
35.5760000000009,8176
35.5760000000009,8370
35.5760000000009,8304
35.5760000000009,7770
35.5760000000009,6292
35.5760000000009,6530
35.5760000000009,7874
35.5760000000009,8408
35.5760000000009,8956
35.6229999999996,9266
35.6229999999996,9408
35.6229999999996,9684
35.6229999999996,9162
35.6229999999996,8350
35.6229999999996,7790
35.6229999999996,7264
35.6229999999996,7324
35.6229999999996,7490
35.6699999999983,8360
35.6699999999983,8094
35.6699999999983,8608
35.6699999999983,7864
35.6699999999983,6540
35.6699999999983,6570
35.6699999999983,7868
35.6699999999983,8386
35.6699999999983,8952
35.6699999999983,9266
35.7169999999969,9412
35.7169999999969,9690
35.7169999999969,9140
35.7169999999969,8556
35.7169999999969,8100
35.7169999999969,6832
35.7169999999969,6548
35.7169999999969,7494
35.7169999999969,8378
35.7649999999994,8064
35.7649999999994,8474
35.7649999999994,7838
35.7649999999994,6452
35.7649999999994,6548
35.7649999999994,7920
35.7649999999994,8176
35.7649999999994,9126
35.7649999999994,9214
35.8119999999981,9412
35.8119999999981,9746
35.8119999999981,9568
35.8119999999981,8714
35.8119999999981,8172
35.8119999999981,6672
35.8119999999981,6560
35.8119999999981,7566
35.8119999999981,8134
35.8600000000006,8150
35.8600000000006,8658
35.8600000000006,7890
35.8600000000006,7400
35.8600000000006,7036
35.8600000000006,7602
35.8600000000006,8100
35.8600000000006,9004
35.8600000000006,9156
35.8600000000006,9420
35.9069999999992,9784
35.9069999999992,9650
35.9069999999992,9112
35.9069999999992,8296
35.9069999999992,7554
35.9069999999992,7300
35.9069999999992,7490
35.9069999999992,7494
35.9069999999992,8196
35.9539999999979,8552
35.9539999999979,8252
35.9539999999979,7740
35.9539999999979,6282
35.9539999999979,6580
35.9539999999979,7936
35.9539999999979,8598
35.9539999999979,9014
35.9539999999979,9296
35.9539999999979,9430
36.0009999999966,9726
36.0009999999966,9188
36.0009999999966,8396
36.0009999999966,7828
36.0009999999966,7242
36.0009999999966,7292
36.0009999999966,7504
36.0009999999966,8324
36.0009999999966,8124
36.0489999999991,8660
36.0489999999991,7786
36.0489999999991,6702
36.0489999999991,6672
36.0489999999991,7916
36.0489999999991,8202
36.0489999999991,8930
36.0489999999991,9250
36.0489999999991,9418
36.0959999999977,9738
36.0959999999977,9558
36.0959999999977,8706
36.0959999999977,8170
36.0959999999977,6652
36.0959999999977,6556
36.0959999999977,7570
36.0959999999977,8268
36.0959999999977,8116
36.0959999999977,8638
36.1429999999964,7586
36.1429999999964,6800
36.1429999999964,7046
36.1429999999964,7680
36.1429999999964,8104
36.1429999999964,9032
36.1429999999964,9148
36.1429999999964,9376
36.1429999999964,9716
36.1900000000023,9408
36.1900000000023,8576
36.1900000000023,8114
36.1900000000023,6774
36.1900000000023,6544
36.1900000000023,7526
36.1900000000023,8212
36.1900000000023,8126
36.1900000000023,8634
36.1900000000023,7628
36.2379999999976,7006
36.2379999999976,6862
36.2379999999976,7844
36.2379999999976,8142
36.2379999999976,9094
36.2379999999976,9182
36.2379999999976,9376
36.2379999999976,9716
36.2379999999976,9548
36.2849999999962,8746
36.2849999999962,8196
36.2849999999962,6698
36.2849999999962,6586
36.2849999999962,7596
36.2849999999962,8232
36.2849999999962,8116
36.2849999999962,8642
36.2849999999962,7554
36.3320000000022,6884
36.3320000000022,6792
36.3320000000022,7626
36.3320000000022,8094
36.3320000000022,9014
36.3320000000022,9152
36.3320000000022,9372
36.3320000000022,9726
36.3320000000022,9530
36.3799999999974,8624
36.3799999999974,8116
36.3799999999974,6574
36.3799999999974,6528
36.3799999999974,7530
36.3799999999974,8170
36.3799999999974,8130
36.3799999999974,8632
36.3799999999974,7750
36.3799999999974,7186
36.426999999996,7002
36.426999999996,7708
36.426999999996,8090
36.426999999996,9024
36.426999999996,9152
36.426999999996,9382
36.426999999996,9712
36.426999999996,9512
36.426999999996,8828
36.474000000002,8258
36.474000000002,6816
36.474000000002,6656
36.474000000002,7606
36.474000000002,8156
36.474000000002,8140
36.474000000002,8642
36.474000000002,7822
36.474000000002,7314
36.474000000002,7046
36.5210000000006,7628
36.5210000000006,8022
36.5210000000006,8904
36.5210000000006,9068
36.5210000000006,9372
36.5210000000006,9742
36.5210000000006,9604
36.5210000000006,8946
36.5210000000006,8406
36.5689999999959,7092
36.5689999999959,6878
36.5689999999959,7700
36.5689999999959,7524
36.5689999999959,8180
36.5689999999959,8562
36.5689999999959,8218
36.5689999999959,7720
36.5689999999959,6266
36.614999999998,6666
36.614999999998,7986
36.614999999998,8832
36.614999999998,9040
36.614999999998,9322
36.614999999998,9684
36.614999999998,9638
36.614999999998,9130
36.614999999998,8248
36.6630000000005,7678
36.6630000000005,7254
36.6630000000005,7386
36.6630000000005,7482
36.6630000000005,8180
36.6630000000005,8414
36.6630000000005,8294
36.6630000000005,7762
36.6630000000005,6302
36.6630000000005,6550
36.7099999999991,7880
36.7099999999991,8386
36.7099999999991,8936
36.7099999999991,9264
36.7099999999991,9428
36.7099999999991,9722
36.7099999999991,9186
36.7099999999991,8412
36.7099999999991,7844
36.7569999999978,7252
36.7569999999978,7278
36.7569999999978,7514
36.7569999999978,8326
36.7569999999978,8124
36.7569999999978,8648
36.7569999999978,7816
36.7569999999978,6656
36.7569999999978,6622
36.7569999999978,7888
36.8039999999964,8196
36.8039999999964,8840
36.8039999999964,9222
36.8039999999964,9378
36.8039999999964,9656
36.8039999999964,9112
36.8039999999964,8198
36.8039999999964,7960
36.8039999999964,7156
36.851999999999,6976
36.851999999999,7504
36.851999999999,8300
36.851999999999,8094
36.851999999999,8376
36.851999999999,7848
36.851999999999,6442
36.851999999999,6550
36.851999999999,7970
36.8989999999976,8162
36.8989999999976,9120
36.8989999999976,9208
36.8989999999976,9384
36.8989999999976,9728
36.8989999999976,9168
36.8989999999976,8562
36.8989999999976,8114
36.8989999999976,6918
36.8989999999976,6632
36.9459999999963,7536
36.9459999999963,8334
36.9459999999963,8120
36.9459999999963,8632
36.9459999999963,7608
36.9459999999963,6980
36.9459999999963,6828
36.9459999999963,7864
36.9459999999963,8150
36.9930000000022,9100
36.9930000000022,9214
36.9930000000022,9496
36.9930000000022,9830
36.9930000000022,9650
36.9930000000022,8910
36.9930000000022,8326
36.9930000000022,6904
36.9930000000022,6730
36.9930000000022,7652
37.0400000000009,8172
37.0400000000009,8156
37.0400000000009,8650
37.0400000000009,7802
37.0400000000009,7264
37.0400000000009,7042
37.0400000000009,7422
37.0400000000009,8062
37.0400000000009,8966
37.0879999999961,9116
37.0879999999961,9392
37.0879999999961,9782
37.0879999999961,9608
37.0879999999961,8900
37.0879999999961,8320
37.0879999999961,6898
37.0879999999961,6724
37.0879999999961,7638
37.0879999999961,8166
37.135000000002,8162
37.135000000002,8648
37.135000000002,8052
37.135000000002,7642
37.135000000002,6878
37.135000000002,7422
37.135000000002,8068
37.135000000002,8966
37.135000000002,9116
37.1829999999973,9388
37.1829999999973,9748
37.1829999999973,9572
37.1829999999973,8886
37.1829999999973,8432
37.1829999999973,7292
37.1829999999973,7000
37.1829999999973,7626
37.1829999999973,7888
37.2299999999959,8186
37.2299999999959,8650
37.2299999999959,8136
37.2299999999959,7708
37.2299999999959,6672
37.2299999999959,7300
37.2299999999959,8038
37.2299999999959,8782
37.2299999999959,9038
37.2779999999984,9322
37.2779999999984,9572
37.2779999999984,9666
37.2779999999984,9086
37.2779999999984,8296
37.2779999999984,7526
37.2779999999984,7318
37.2779999999984,7482
37.2779999999984,7514
37.2779999999984,8196
37.3249999999971,8120
37.3249999999971,8330
37.3249999999971,7844
37.3249999999971,6390
37.3249999999971,6544
37.3249999999971,7934
37.3249999999971,8650
37.3249999999971,9012
37.3249999999971,9284
37.3249999999971,9412
37.3729999999996,9666
37.3729999999996,9116
37.3729999999996,8218
37.3729999999996,7924
37.3729999999996,7206
37.3729999999996,7120
37.3729999999996,7514
37.3729999999996,8290
37.3729999999996,8100
37.4199999999983,8342
37.4199999999983,7858
37.4199999999983,6420
37.4199999999983,6574
37.4199999999983,7930
37.4199999999983,8202
37.4199999999983,9112
37.4199999999983,9234
37.4199999999983,9412
37.4669999999969,9720
37.4669999999969,9100
37.4669999999969,8540
37.4669999999969,8094
37.4669999999969,7058
37.4669999999969,6766
37.4669999999969,7518
37.4669999999969,8392
37.4669999999969,8104
37.5139999999956,8634
37.5139999999956,7546
37.5139999999956,6866
37.5139999999956,6784
37.5139999999956,7980
37.5139999999956,8188
37.5139999999956,9152
37.5139999999956,9222
37.5139999999956,9418
37.5139999999956,9748
37.5610000000015,9444
37.5610000000015,8660
37.5610000000015,8280
37.5610000000015,6838
37.5610000000015,6674
37.5610000000015,7632
37.5610000000015,8172
37.5610000000015,8136
37.5610000000015,8634
37.6089999999967,7754
37.6089999999967,7186
37.6089999999967,7000
37.6089999999967,7756
37.6089999999967,8062
37.6089999999967,8956
37.6089999999967,9100
37.6089999999967,9376
37.6089999999967,9752
37.6089999999967,9594
37.6559999999954,8910
37.6559999999954,8342
37.6559999999954,6964
37.6559999999954,6776
37.6559999999954,7626
37.6559999999954,8124
37.6559999999954,8162
37.6559999999954,8634
37.6559999999954,8114
37.7039999999979,7694
37.7039999999979,6786
37.7039999999979,7356
37.7039999999979,8038
37.7039999999979,8914
37.7039999999979,9070
37.7039999999979,9336
37.7039999999979,9712
37.7039999999979,9538
37.7520000000004,8788
37.7520000000004,8398
37.7520000000004,7094
37.7520000000004,6872
37.7520000000004,7694
37.7520000000004,8078
37.7520000000004,8172
37.7520000000004,8654
37.7520000000004,8016
37.7520000000004,7560
37.7989999999991,6950
37.7989999999991,7488
37.7989999999991,8062
37.7989999999991,8844
37.7989999999991,9048
37.7989999999991,9320
37.7989999999991,9706
37.7989999999991,9602
37.7989999999991,8952
37.8459999999977,8408
37.8459999999977,7100
37.8459999999977,6884
37.8459999999977,7710
37.8459999999977,8090
37.8459999999977,8208
37.8459999999977,8566
37.8459999999977,8252
37.8459999999977,7756
37.8459999999977,6292
37.8929999999964,6630
37.8929999999964,7998
37.8929999999964,8838
37.8929999999964,9034
37.8929999999964,9312
37.8929999999964,9746
37.8929999999964,9608
37.8929999999964,8962
37.8929999999964,8412
37.9409999999989,7536
37.9409999999989,7288
37.9409999999989,7454
37.9409999999989,7482
37.9409999999989,8176
37.9409999999989,8526
37.9409999999989,8228
37.9409999999989,7720
37.9409999999989,6256
37.9879999999976,6668
37.9879999999976,7970
37.9879999999976,8624
37.9879999999976,9022
37.9879999999976,9274
37.9879999999976,9512
37.9879999999976,9620
37.9879999999976,9018
37.9879999999976,8382
38.0349999999962,7346
38.0349999999962,7058
38.0349999999962,7520
38.0349999999962,7590
38.0349999999962,8130
38.0349999999962,8218
38.0349999999962,8306
38.0349999999962,7766
38.0349999999962,6312
38.0349999999962,6528
38.0829999999987,7904
38.0829999999987,8638
38.0829999999987,8994
38.0829999999987,9290
38.0829999999987,9412
38.0829999999987,9712
38.0829999999987,9186
38.0829999999987,8398
38.0829999999987,7826
38.0829999999987,6594
38.1299999999974,6530
38.1299999999974,7530
38.1299999999974,8290
38.1299999999974,8104
38.1299999999974,8608
38.1299999999974,7688
38.1299999999974,6714
38.1299999999974,6674
38.1299999999974,7952
38.176999999996,8156
38.176999999996,9018
38.176999999996,9148
38.176999999996,9398
38.176999999996,9746
38.176999999996,9582
38.176999999996,8832
38.176999999996,8254
38.176999999996,6806
38.224000000002,6652
38.224000000002,7608
38.224000000002,8162
38.224000000002,8130
38.224000000002,8642
38.224000000002,7792
38.224000000002,7642
38.224000000002,6826
38.224000000002,7344
38.2719999999972,8002
38.2719999999972,8914
38.2719999999972,9070
38.2719999999972,9352
38.2719999999972,9716
38.2719999999972,9558
38.2719999999972,8864
38.2719999999972,8290
38.2719999999972,6920
38.2719999999972,6970
38.3199999999997,7570
38.3199999999997,7726
38.3199999999997,8156
38.3199999999997,8606
38.3199999999997,8156
38.3199999999997,7684
38.3199999999997,6374
38.3199999999997,6982
38.3199999999997,7998
38.3199999999997,8840
38.3669999999984,8992
38.3669999999984,9300
38.3669999999984,9428
38.3669999999984,9716
38.3669999999984,9146
38.3669999999984,8458
38.3669999999984,7926
38.3669999999984,7192
38.3669999999984,7052
38.413999999997,7510
38.413999999997,8306
38.413999999997,8116
38.413999999997,8428
38.413999999997,7562
38.413999999997,6920
38.413999999997,6810
38.413999999997,7946
38.413999999997,8172
38.413999999997,9126
38.4619999999995,9208
38.4619999999995,9394
38.4619999999995,9720
38.4619999999995,9530
38.4619999999995,8706
38.4619999999995,8314
38.4619999999995,6928
38.4619999999995,6760
38.4619999999995,7602
38.5089999999982,8114
38.5089999999982,8126
38.5089999999982,8628
38.5089999999982,7842
38.5089999999982,7328
38.5089999999982,7022
38.5089999999982,7612
38.5089999999982,8026
38.5089999999982,8904
38.5559999999969,9068
38.5559999999969,9326
38.5559999999969,9700
38.5559999999969,9572
38.5559999999969,8890
38.5559999999969,8334
38.5559999999969,6996
38.5559999999969,6812
38.5559999999969,7638
38.6029999999955,8074
38.6029999999955,8126
38.6029999999955,8572
38.6029999999955,8146
38.6029999999955,7654
38.6029999999955,6344
38.6029999999955,7022
38.6029999999955,7982
38.6029999999955,8850
38.6029999999955,9048
38.650999999998,9336
38.650999999998,9686
38.650999999998,9660
38.650999999998,9074
38.650999999998,8252
38.650999999998,7808
38.650999999998,7182
38.650999999998,7174
38.650999999998,7438
38.6979999999967,8124
38.6979999999967,8028
38.6979999999967,8254
38.6979999999967,7754
38.6979999999967,6322
38.6979999999967,6514
38.6979999999967,7878
38.6979999999967,8150
38.6979999999967,9068
38.6979999999967,9234
38.7450000000026,9448
38.7450000000026,9766
38.7450000000026,9572
38.7450000000026,8812
38.7450000000026,8224
38.7450000000026,6780
38.7450000000026,6630
38.7450000000026,7560
38.7450000000026,8098
38.7920000000013,8064
38.7920000000013,8572
38.7920000000013,7972
38.7920000000013,7536
38.7920000000013,6842
38.7920000000013,7370
38.7920000000013,8002
38.7920000000013,8914
38.7920000000013,9074
38.8389999999999,9368
38.8389999999999,9738
38.8389999999999,9638
38.8389999999999,9018
38.8389999999999,8398
38.8389999999999,7700
38.8389999999999,7226
38.8389999999999,7292
38.8389999999999,7436
38.8870000000024,8094
38.8870000000024,8234
38.8870000000024,8254
38.8870000000024,7716
38.8870000000024,6252
38.8870000000024,6508
38.8870000000024,7916
38.8870000000024,8280
38.8870000000024,8870
38.8870000000024,9254
38.9340000000011,9430
38.9340000000011,9742
38.9340000000011,9480
38.9340000000011,8582
38.9340000000011,8088
38.9340000000011,6580
38.9340000000011,6512
38.9340000000011,7478
38.9340000000011,8222
38.9819999999963,8052
38.9819999999963,8552
38.9819999999963,7622
38.9819999999963,7016
38.9819999999963,6868
38.9819999999963,7716
38.9819999999963,8070
38.9819999999963,9022
38.9819999999963,9146
38.9819999999963,9378
39.0290000000023,9726
39.0290000000023,9538
39.0290000000023,8916
39.0290000000023,8370
39.0290000000023,7058
39.0290000000023,6862
39.0290000000023,7662
39.0290000000023,8008
39.0290000000023,8084
39.0760000000009,8572
39.0760000000009,7884
39.0760000000009,7400
39.0760000000009,6938
39.0760000000009,7498
39.0760000000009,7980
39.0760000000009,8838
39.0760000000009,9040
39.0760000000009,9336
39.1229999999996,9700
39.1229999999996,9618
39.1229999999996,8998
39.1229999999996,8382
39.1229999999996,7314
39.1229999999996,7022
39.1229999999996,7536
39.1229999999996,7664
39.1229999999996,8126
39.1229999999996,8258
39.1710000000021,8288
39.1710000000021,7750
39.1710000000021,6308
39.1710000000021,6540
39.1710000000021,7924
39.1710000000021,8648
39.1710000000021,8998
39.1710000000021,9300
39.1710000000021,9450
39.2180000000008,9742
39.2180000000008,9074
39.2180000000008,8532
39.2180000000008,8176
39.2180000000008,6684
39.2180000000008,6564
39.2180000000008,7560
39.2180000000008,8176
39.2180000000008,8090
39.2180000000008,8586
39.2649999999994,7626
39.2649999999994,7012
39.2649999999994,6888
39.2649999999994,7714
39.2649999999994,8016
39.2649999999994,8932
39.2649999999994,9096
39.2649999999994,9394
39.2649999999994,9752
39.3119999999981,9690
39.3119999999981,9106
39.3119999999981,8216
39.3119999999981,7590
39.3119999999981,7246
39.3119999999981,7370
39.3119999999981,7452
39.3119999999981,8300
39.3119999999981,8078
39.3600000000006,8422
39.3600000000006,7828
39.3600000000006,6466
39.3600000000006,6538
39.3600000000006,7822
39.3600000000006,8294
39.3600000000006,8884
39.3600000000006,9258
39.3600000000006,9418
39.3600000000006,9722
39.4069999999992,9250
39.4069999999992,8746
39.4069999999992,8188
39.4069999999992,6708
39.4069999999992,6574
39.4069999999992,7560
39.4069999999992,8160
39.4069999999992,8094
39.4069999999992,8582
39.4539999999979,7664
39.4539999999979,7072
39.4539999999979,6918
39.4539999999979,7408
39.4539999999979,7998
39.4539999999979,8900
39.4539999999979,9064
39.4539999999979,9346
39.4539999999979,9732
39.4539999999979,9594
39.5009999999966,8914
39.5009999999966,8346
39.5009999999966,7074
39.5009999999966,6866
39.5009999999966,7416
39.5009999999966,7452
39.5009999999966,8130
39.5009999999966,8454
39.5009999999966,8188
39.5489999999991,7672
39.5489999999991,6220
39.5489999999991,6494
39.5489999999991,7940
39.5489999999991,8760
39.5489999999991,9012
39.5489999999991,9320
39.5489999999991,9448
39.5489999999991,9722
39.5959999999977,9192
39.5959999999977,8552
39.5959999999977,8084
39.5959999999977,6740
39.5959999999977,6528
39.5959999999977,7500
39.5959999999977,8280
39.5959999999977,8070
39.5959999999977,8602
39.6429999999964,7734
39.6429999999964,6642
39.6429999999964,6944
39.6429999999964,7694
39.6429999999964,8070
39.6429999999964,9008
39.6429999999964,9146
39.6429999999964,9392
39.6429999999964,9756
39.6429999999964,9556
39.6900000000023,8740
39.6900000000023,8182
39.6900000000023,6712
39.6900000000023,6574
39.6900000000023,7652
39.6900000000023,8028
39.6900000000023,8114
39.6900000000023,8576
39.6900000000023,7934
39.7379999999976,7474
39.7379999999976,6888
39.7379999999976,7416
39.7379999999976,8012
39.7379999999976,8922
39.7379999999976,9094
39.7379999999976,9366
39.7379999999976,9746
39.7379999999976,9660
39.7379999999976,9060
39.7849999999962,8222
39.7849999999962,7518
39.7849999999962,7246
39.7849999999962,7418
39.7849999999962,7448
39.7849999999962,8140
39.7849999999962,8448
39.7849999999962,8208
39.7849999999962,7688
39.8320000000022,6230
39.8320000000022,6520
39.8320000000022,7854
39.8320000000022,8442
39.8320000000022,8922
39.8320000000022,9248
39.8320000000022,9412
39.8320000000022,9706
39.8320000000022,9146
39.8790000000008,8546
39.8790000000008,8098
39.8790000000008,6812
39.8790000000008,6550
39.8790000000008,7572
39.8790000000008,8176
39.8790000000008,8106
39.8790000000008,8598
39.8790000000008,7652
39.926999999996,7038
39.926999999996,6910
39.926999999996,7746
39.926999999996,8090
39.926999999996,9012
39.926999999996,9148
39.926999999996,9340
39.926999999996,9702
39.926999999996,9574
39.926999999996,8864
39.974000000002,8290
39.974000000002,6888
39.974000000002,6730
39.974000000002,7606
39.974000000002,8124
39.974000000002,8152
39.974000000002,8624
39.974000000002,7900
39.974000000002,7422
39.974000000002,6440
40.0210000000006,7120
40.0210000000006,8002
40.0210000000006,8868
40.0210000000006,9058
40.0210000000006,9342
40.0210000000006,9732
40.0210000000006,9638
40.0210000000006,8998
40.0210000000006,8396
40.0679999999993,7272
40.0679999999993,6964
40.0679999999993,7334
40.0679999999993,7472
40.0679999999993,8152
40.0679999999993,8294
40.0679999999993,8274
40.0679999999993,7724
40.0679999999993,6268
40.114999999998,6488
40.114999999998,7894
40.114999999998,8658
40.114999999998,8988
40.114999999998,9276
40.114999999998,9412
40.114999999998,9700
40.114999999998,9280
40.114999999998,8546
40.1630000000005,8068
40.1630000000005,6658
40.1630000000005,6494
40.1630000000005,7464
40.1630000000005,8252
40.1630000000005,8042
40.1630000000005,8568
40.1630000000005,7668
40.1630000000005,6648
40.2099999999991,6940
40.2099999999991,7658
40.2099999999991,8052
40.2099999999991,8994
40.2099999999991,9140
40.2099999999991,9394
40.2099999999991,9738
40.2099999999991,9594
40.2099999999991,8932
40.2099999999991,8370
40.2569999999978,7094
40.2569999999978,6878
40.2569999999978,7408
40.2569999999978,7464
40.2569999999978,8130
40.2569999999978,8438
40.2569999999978,8206
40.2569999999978,7680
40.2569999999978,6212
40.2569999999978,6484
40.3050000000003,7914
40.3050000000003,8706
40.3050000000003,9002
40.3050000000003,9320
40.3050000000003,9470
40.3050000000003,9768
40.3050000000003,9566
40.3050000000003,8760
40.3050000000003,8222
40.351999999999,6740
40.351999999999,6616
40.351999999999,7606
40.351999999999,8202
40.351999999999,8140
40.351999999999,8632
40.351999999999,7704
40.351999999999,7104
40.351999999999,6934
40.351999999999,7482
40.3989999999976,8068
40.3989999999976,8962
40.3989999999976,9110
40.3989999999976,9368
40.3989999999976,9722
40.3989999999976,9582
40.3989999999976,8878
40.3989999999976,8320
40.4470000000001,6940
40.4470000000001,7000
40.4470000000001,7562
40.4470000000001,7736
40.4470000000001,8160
40.4470000000001,8606
40.4470000000001,8146
40.4470000000001,7658
40.4470000000001,6406
40.4470000000001,7056
40.4939999999988,8012
40.4939999999988,8848
40.4939999999988,8994
40.4939999999988,9284
40.4939999999988,9412
40.4939999999988,9670
40.4939999999988,9100
40.4939999999988,8206
40.4939999999988,7628
40.5420000000013,7206
40.5420000000013,7340
40.5420000000013,7488
40.5420000000013,8156
40.5420000000013,8274
40.5420000000013,8294
40.5420000000013,7822
40.5420000000013,6584
40.5420000000013,6584
40.5420000000013,7864
40.5889999999999,8152
40.5889999999999,8896
40.5889999999999,9224
40.5889999999999,9402
40.5889999999999,9720
40.5889999999999,9484
40.5889999999999,8582
40.5889999999999,8090
40.5889999999999,6610
40.5889999999999,6626
40.6359999999986,7580
40.6359999999986,8156
40.6359999999986,8110
40.6359999999986,8602
40.6359999999986,7720
40.6359999999986,7164
40.6359999999986,6996
40.6359999999986,7658
40.6359999999986,8080
40.6829999999973,8910
40.6829999999973,9086
40.6829999999973,9356
40.6829999999973,9732
40.6829999999973,9618
40.6829999999973,8968
40.6829999999973,8396
40.6829999999973,7222
40.6829999999973,6956
40.7299999999959,7612
40.7299999999959,7878
40.7299999999959,8162
40.7299999999959,8386
40.7299999999959,8284
40.7299999999959,7750
40.7299999999959,6288
40.7299999999959,6504
40.7299999999959,7890
40.7770000000019,8668
40.7770000000019,8986
40.7770000000019,9274
40.7770000000019,9402
40.7770000000019,9690
40.7770000000019,9140
40.7770000000019,8342
40.7770000000019,8080
40.7770000000019,6652
40.7770000000019,6502
40.8240000000005,7508
40.8240000000005,8268
40.8240000000005,8074
40.8240000000005,8598
40.8240000000005,7524
40.8240000000005,6754
40.8240000000005,6682
40.8240000000005,7878
40.8240000000005,8058
40.8719999999958,8994
40.8719999999958,9148
40.8719999999958,9434
40.8719999999958,9814
40.8719999999958,9720
40.8719999999958,9158
40.8719999999958,8260
40.8719999999958,7674
40.8719999999958,7264
40.8719999999958,7372
40.9190000000017,7494
40.9190000000017,8424
40.9190000000017,8110
40.9190000000017,8566
40.9190000000017,7842
40.9190000000017,6518
40.9190000000017,6560
40.9190000000017,7812
40.9190000000017,8242
40.9660000000003,8850
40.9660000000003,9264
40.9660000000003,9464
40.9660000000003,9758
40.9660000000003,9612
40.9660000000003,8906
40.9660000000003,8324
40.9660000000003,6946
40.9660000000003,6764
41.012999999999,7596
41.012999999999,8054
41.012999999999,8114
41.012999999999,8606
41.012999999999,7940
41.012999999999,7462
41.012999999999,6920
41.012999999999,6812
41.012999999999,7966
41.0610000000015,8802
41.0610000000015,9048
41.0610000000015,9326
41.0610000000015,9592
41.0610000000015,9674
41.0610000000015,9084
41.0610000000015,8208
41.0610000000015,7586
41.0610000000015,7258
41.0610000000015,7426
41.1080000000002,7504
41.1080000000002,8362
41.1080000000002,8116
41.1080000000002,8468
41.1080000000002,7852
41.1080000000002,6492
41.1080000000002,6560
41.1080000000002,7844
41.1080000000002,8320
41.1549999999988,8880
41.1549999999988,9212
41.1549999999988,9382
41.1549999999988,9722
41.1549999999988,9522
41.1549999999988,8690
41.1549999999988,8134
41.1549999999988,6622
41.1549999999988,6550
41.1549999999988,7554
41.2019999999975,8202
41.2019999999975,8088
41.2019999999975,8602
41.2019999999975,7592
41.2019999999975,6954
41.2019999999975,6892
41.2019999999975,7428
41.2019999999975,8032
41.2019999999975,8946
41.25,9096
41.25,9372
41.25,9738
41.25,9618
41.25,8998
41.25,8422
41.25,7252
41.25,7262
41.25,7390
41.2969999999987,7494
41.2969999999987,8182
41.2969999999987,8402
41.2969999999987,8284
41.2969999999987,7746
41.2969999999987,6286
41.2969999999987,6514
41.2969999999987,7920
41.2969999999987,8674
41.3450000000012,8904
41.3450000000012,9240
41.3450000000012,9418
41.3450000000012,9748
41.3450000000012,9530
41.3450000000012,8736
41.3450000000012,8160
41.3450000000012,6652
41.3450000000012,6544
41.3450000000012,7550
41.3919999999998,8166
41.3919999999998,8100
41.3919999999998,8598
41.3919999999998,7972
41.3919999999998,7514
41.3919999999998,6846
41.3919999999998,7330
41.3919999999998,7996
41.3919999999998,8932
41.3919999999998,9106
41.4389999999985,9384
41.4389999999985,9746
41.4389999999985,9664
41.4389999999985,9058
41.4389999999985,8378
41.4389999999985,7786
41.4389999999985,7226
41.4389999999985,7264
41.4389999999985,7464
41.4859999999971,8098
41.4859999999971,8124
41.4859999999971,8268
41.4859999999971,7754
41.4859999999971,6324
41.4859999999971,6504
41.4859999999971,7880
41.4859999999971,8146
41.4859999999971,9070
41.4859999999971,9230
41.5329999999958,9424
41.5329999999958,9722
41.5329999999958,9520
41.5329999999958,8704
41.5329999999958,8150
41.5329999999958,6636
41.5329999999958,6530
41.5329999999958,7556
41.5809999999983,8232
41.5809999999983,8150
41.5809999999983,8634
41.5809999999983,7950
41.5809999999983,7462
41.5809999999983,6928
41.5809999999983,7432
41.5809999999983,8044
41.5809999999983,8932
41.5809999999983,9096
41.627999999997,9372
41.627999999997,9746
41.627999999997,9690
41.627999999997,9162
41.627999999997,8326
41.627999999997,7754
41.627999999997,7242
41.627999999997,7308
41.627999999997,7518
41.6759999999995,8176
41.6759999999995,8206
41.6759999999995,8336
41.6759999999995,7834
41.6759999999995,6400
41.6759999999995,6678
41.6759999999995,7926
41.6759999999995,8182
41.6759999999995,9002
41.6759999999995,9208
41.7220000000016,9404
41.7220000000016,9716
41.7220000000016,9228
41.7220000000016,8546
41.7220000000016,8098
41.7220000000016,6766
41.7220000000016,6550
41.7220000000016,7592
41.7220000000016,8182
41.7699999999968,8116
41.7699999999968,8614
41.7699999999968,7724
41.7699999999968,7150
41.7699999999968,6980
41.7699999999968,7694
41.7699999999968,8114
41.7699999999968,9022
41.7699999999968,9162
41.7699999999968,9382
41.8169999999955,9710
41.8169999999955,9660
41.8169999999955,9068
41.8169999999955,8258
41.8169999999955,7482
41.8169999999955,7262
41.8169999999955,7390
41.8169999999955,7436
41.8169999999955,8140
41.864999999998,8454
41.864999999998,8252
41.864999999998,7724
41.864999999998,6448
41.864999999998,6544
41.864999999998,7832
41.864999999998,8314
41.864999999998,8844
41.864999999998,9258
41.9119999999966,9450
41.9119999999966,9762
41.9119999999966,9584
41.9119999999966,8798
41.9119999999966,8242
41.9119999999966,6740
41.9119999999966,6626
41.9119999999966,7698
41.9119999999966,8116
41.9119999999966,8186
41.9599999999991,8658
41.9599999999991,8006
41.9599999999991,7534
41.9599999999991,6966
41.9599999999991,7490
41.9599999999991,8104
41.9599999999991,9002
41.9599999999991,9146
41.9599999999991,9408
42.0060000000012,9758
42.0060000000012,9686
42.0060000000012,9112
42.0060000000012,8274
42.0060000000012,7566
42.0060000000012,7254
42.0060000000012,7462
42.0060000000012,7498
42.0060000000012,8188
42.0060000000012,8506
42.0539999999964,8234
42.0539999999964,7724
42.0539999999964,6240
42.0539999999964,6566
42.0539999999964,7926
42.0539999999964,8596
42.0539999999964,9008
42.0539999999964,9316
42.0539999999964,9474
42.1010000000024,9762
42.1010000000024,9254
42.1010000000024,8562
42.1010000000024,8116
42.1010000000024,6934
42.1010000000024,6626
42.1010000000024,7582
42.1010000000024,8222
42.1010000000024,8120
42.1489999999976,8628
42.1489999999976,7618
42.1489999999976,6990
42.1489999999976,6852
42.1489999999976,7848
42.1489999999976,8160
42.1489999999976,9090
42.1489999999976,9198
42.1489999999976,9382
42.1489999999976,9774
42.1959999999963,9574
42.1959999999963,8788
42.1959999999963,8228
42.1959999999963,6734
42.1959999999963,6606
42.1959999999963,7616
42.1959999999963,8244
42.1959999999963,8162
42.1959999999963,8650
42.2439999999988,7688
42.2439999999988,7064
42.2439999999988,6976
42.2439999999988,7526
42.2439999999988,8094
42.2439999999988,9002
42.2439999999988,9122
42.2439999999988,9372
42.2439999999988,9728
42.2439999999988,9562
42.2900000000009,8740
42.2900000000009,8188
42.2900000000009,6672
42.2900000000009,6574
42.2900000000009,7628
42.2900000000009,8126
42.2900000000009,8160
42.2900000000009,8634
42.2900000000009,7924
42.3369999999995,7432
42.3369999999995,6940
42.3369999999995,7488
42.3369999999995,8078
42.3369999999995,8976
42.3369999999995,9136
42.3369999999995,9368
42.3369999999995,9696
42.3369999999995,9676
42.385000000002,9068
42.385000000002,8432
42.385000000002,7390
42.385000000002,7078
42.385000000002,7550
42.385000000002,7606
42.385000000002,8188
42.385000000002,8602
42.385000000002,8180
42.4320000000007,7796
42.4320000000007,6330
42.4320000000007,6530
42.4320000000007,7914
42.4320000000007,8670
42.4320000000007,9004
42.4320000000007,9312
42.4320000000007,9424
42.4320000000007,9702
42.4789999999994,9146
42.4789999999994,8296
42.4789999999994,7726
42.4789999999994,7218
42.4789999999994,6554
42.4789999999994,7494
42.4789999999994,8324
42.4789999999994,8090
42.4789999999994,8622
42.4789999999994,7766
42.5250000000015,6642
42.5250000000015,6606
42.5250000000015,7880
42.5250000000015,8182
42.5250000000015,9142
42.5250000000015,9186
42.5250000000015,9434
42.5250000000015,9794
42.5250000000015,9644
42.5729999999967,8922
42.5729999999967,8370
42.5729999999967,7052
42.5729999999967,6848
42.5729999999967,7688
42.5729999999967,8002
42.5729999999967,8126
42.5729999999967,8494
42.5729999999967,8248
42.5729999999967,7734
42.6200000000026,6278
42.6200000000026,6554
42.6200000000026,7972
42.6200000000026,8736
42.6200000000026,9044
42.6200000000026,9348
42.6200000000026,9530
42.6200000000026,9814
42.6200000000026,9346
42.6679999999978,8814
42.6679999999978,8242
42.6679999999978,6766
42.6679999999978,6622
42.6679999999978,7618
42.6679999999978,8188
42.6679999999978,8156
42.6679999999978,8644
42.6679999999978,7838
42.7149999999965,7324
42.7149999999965,7042
42.7149999999965,7612
42.7149999999965,8026
42.7149999999965,8890
42.7149999999965,9068
42.7149999999965,9366
42.7149999999965,9756
42.7149999999965,9656
42.7149999999965,9028
42.7620000000024,8454
42.7620000000024,7278
42.7620000000024,6990
42.7620000000024,7654
42.7620000000024,7936
42.7620000000024,8186
42.7620000000024,8488
42.7620000000024,8288
42.7620000000024,7772
42.8090000000011,6282
42.8090000000011,6550
42.8090000000011,8002
42.8090000000011,8818
42.8090000000011,9028
42.8090000000011,9300
42.8090000000011,9696
42.8090000000011,9582
42.8090000000011,8896
42.8090000000011,8324
42.8569999999963,7268
42.8569999999963,6996
42.8569999999963,7688
42.8569999999963,7962
42.8569999999963,8222
42.8569999999963,8678
42.8569999999963,8166
42.8569999999963,7716
42.8569999999963,6662
42.9040000000023,7294
42.9040000000023,8048
42.9040000000023,8930
42.9040000000023,9038
42.9040000000023,9296
42.9040000000023,9680
42.9040000000023,9598
42.9040000000023,8906
42.9040000000023,8408
42.9519999999975,6990
42.9519999999975,6822
42.9519999999975,7700
42.9519999999975,8234
42.9519999999975,8244
42.9519999999975,8732
42.9519999999975,7960
42.9519999999975,7762
42.9519999999975,6792
42.9989999999962,7396
42.9989999999962,8106
42.9989999999962,9002
42.9989999999962,9158
42.9989999999962,9408
42.9989999999962,9774
42.9989999999962,9628
42.9989999999962,8710
42.9989999999962,8202
42.9989999999962,6658
43.0460000000021,6596
43.0460000000021,7710
43.0460000000021,8300
43.0460000000021,8208
43.0460000000021,8710
43.0460000000021,7672
43.0460000000021,7012
43.0460000000021,6898
43.0460000000021,7992
43.0930000000008,8208
43.0930000000008,9076
43.0930000000008,9244
43.0930000000008,9430
43.0930000000008,9654
43.0930000000008,9132
43.0930000000008,8378
43.0930000000008,7490
43.0930000000008,7210
43.0930000000008,7652
43.1399999999994,7698
43.1399999999994,8264
43.1399999999994,8704
43.1399999999994,8224
43.1399999999994,7754
43.1399999999994,6734
43.1399999999994,6600
43.1399999999994,8048
43.1399999999994,8878
43.1880000000019,9100
43.1880000000019,9352
43.1880000000019,9738
43.1880000000019,9598
43.1880000000019,8776
43.1880000000019,8238
43.1880000000019,6682
43.1880000000019,6596
43.1880000000019,7648
43.2350000000006,8244
43.2350000000006,8216
43.2350000000006,8714
43.2350000000006,7802
43.2350000000006,7196
43.2350000000006,7028
43.2350000000006,7844
43.2350000000006,8180
43.2350000000006,9166
43.2350000000006,9224
43.2829999999958,9358
43.2829999999958,9664
43.2829999999958,9058
43.2829999999958,8244
43.2829999999958,7644
43.2829999999958,7334
43.2829999999958,7544
43.2829999999958,7576
43.2829999999958,8278
43.3309999999983,8634
43.3309999999983,8278
43.3309999999983,7762
43.3309999999983,6384
43.3309999999983,7072
43.3309999999983,8012
43.3309999999983,8812
43.3309999999983,9076
43.3309999999983,9326
43.3309999999983,9756
43.3770000000004,9660
43.3770000000004,8864
43.3770000000004,8300
43.3770000000004,6754
43.3770000000004,6652
43.3770000000004,7708
43.3770000000004,8370
43.3770000000004,8216
43.3770000000004,8746
43.4239999999991,7864
43.4239999999991,7264
43.4239999999991,7074
43.4239999999991,7862
43.4239999999991,8242
43.4239999999991,9204
43.4239999999991,9276
43.4239999999991,9430
43.4239999999991,9720
43.4720000000016,9110
43.4720000000016,8524
43.4720000000016,7328
43.4720000000016,7058
43.4720000000016,7534
43.4720000000016,7600
43.4720000000016,8290
43.4720000000016,8668
43.4720000000016,8260
43.4720000000016,7782
43.5190000000002,6672
43.5190000000002,7372
43.5190000000002,8114
43.5190000000002,9038
43.5190000000002,9182
43.5190000000002,9402
43.5190000000002,9768
43.5190000000002,9568
43.5190000000002,8658
43.5669999999955,8198
43.5669999999955,7058
43.5669999999955,6904
43.5669999999955,7632
43.5669999999955,8360
43.5669999999955,8196
43.5669999999955,8422
43.5669999999955,7914
43.5669999999955,6440
43.5669999999955,6720
43.6129999999976,7960
43.6129999999976,8392
43.6129999999976,9032
43.6129999999976,9316
43.6129999999976,9728
43.6129999999976,9664
43.6129999999976,8940
43.6129999999976,8360
43.6129999999976,6832
43.6610000000001,6708
43.6610000000001,7750
43.6610000000001,8342
43.6610000000001,8278
43.6610000000001,8756
43.6610000000001,8032
43.6610000000001,7524
43.6610000000001,7100
43.6610000000001,7684
43.6610000000001,8198
43.7079999999987,9136
43.7079999999987,9250
43.7079999999987,9444
43.7079999999987,9768
43.7079999999987,9244
43.7079999999987,8340
43.7079999999987,8094
43.7079999999987,7238
43.7549999999974,7212
43.7549999999974,7632
43.7549999999974,8252
43.7549999999974,8212
43.7549999999974,8444
43.7549999999974,7920
43.7549999999974,6426
43.7549999999974,6622
43.7549999999974,8044
43.7549999999974,8874
43.801999999996,9070
43.801999999996,9346
43.801999999996,9736
43.801999999996,9692
43.801999999996,8972
43.801999999996,8392
43.801999999996,6894
43.801999999996,6756
43.801999999996,7744
43.8499999999985,8314
43.8499999999985,8232
43.8499999999985,8730
43.8499999999985,7680
43.8499999999985,7474
43.8499999999985,7120
43.8499999999985,7740
43.8499999999985,8222
43.8499999999985,9162
43.8499999999985,9264
43.8969999999972,9438
43.8969999999972,9746
43.8969999999972,9186
43.8969999999972,8438
43.8969999999972,7514
43.8969999999972,7206
43.8969999999972,7674
43.8969999999972,7616
43.8969999999972,8310
43.9439999999959,8552
43.9439999999959,8356
43.9439999999959,7826
43.9439999999959,6330
43.9439999999959,6862
43.9439999999959,8094
43.9439999999959,8988
43.9439999999959,9162
43.9439999999959,9376
43.9439999999959,9746
43.9919999999984,9608
43.9919999999984,8696
43.9919999999984,8216
43.9919999999984,6868
43.9919999999984,6720
43.9919999999984,7648
43.9919999999984,8484
43.9919999999984,8206
44.038999999997,8510
44.038999999997,7952
44.038999999997,6492
44.038999999997,6636
44.038999999997,8006
44.038999999997,8304
44.038999999997,8994
44.038999999997,9296
44.038999999997,9728
44.038999999997,9638
44.0859999999957,8878
44.0859999999957,8306
44.0859999999957,6764
44.0859999999957,6652
44.0859999999957,7710
44.0859999999957,8376
44.0859999999957,8248
44.0859999999957,8752
44.0859999999957,7880
44.1330000000016,7298
44.1330000000016,7124
44.1330000000016,7848
44.1330000000016,8218
44.1330000000016,9202
44.1330000000016,9264
44.1330000000016,9408
44.1330000000016,9712
44.1330000000016,9100
44.1330000000016,8532
44.1809999999969,7268
44.1809999999969,7392
44.1809999999969,7608
44.1809999999969,7616
44.1809999999969,8290
44.1809999999969,8716
44.1809999999969,8242
44.1809999999969,7776
44.1809999999969,6856
44.1809999999969,7436
44.2279999999955,8136
44.2279999999955,9050
44.2279999999955,9188
44.2279999999955,9392
44.2279999999955,9782
44.2279999999955,9614
44.2279999999955,8624
44.2279999999955,8150
44.2750000000015,7228
44.2750000000015,7186
44.2750000000015,7638
44.2750000000015,8350
44.2750000000015,8206
44.2750000000015,8442
44.2750000000015,7920
44.2750000000015,6416
44.2750000000015,6714
44.3220000000001,7966
44.3220000000001,8576
44.3220000000001,9076
44.3220000000001,9336
44.3220000000001,9762
44.3220000000001,9644
44.3220000000001,8840
44.3220000000001,8280
44.3220000000001,6708
44.3220000000001,6626
44.3700000000026,7700
44.3700000000026,8414
44.3700000000026,8252
44.3700000000026,8756
44.3700000000026,7798
44.3700000000026,7170
44.3700000000026,6992
44.3700000000026,7966
44.3700000000026,8244
44.3700000000026,9238
44.4159999999974,9280
44.4159999999974,9496
44.4159999999974,9680
44.4159999999974,8986
44.4159999999974,8406
44.4159999999974,6934
44.4159999999974,7056
44.4159999999974,7832
44.4159999999974,8142
44.4639999999999,8260
44.4639999999999,8752
44.4639999999999,8038
44.4639999999999,7526
44.4639999999999,7118
44.4639999999999,7714
44.4639999999999,8206
44.4639999999999,9148
44.4639999999999,9250
44.4639999999999,9408
44.5109999999986,9762
44.5109999999986,9238
44.5109999999986,8356
44.5109999999986,7762
44.5109999999986,7364
44.5109999999986,7540
44.5109999999986,7602
44.5109999999986,8296
44.5590000000011,8668
44.5590000000011,8260
44.5590000000011,7786
44.5590000000011,6730
44.5590000000011,6606
44.5590000000011,8064
44.5590000000011,8920
44.5590000000011,9136
44.5590000000011,9376
44.5590000000011,9768
44.6059999999998,9302
44.6059999999998,8586
44.6059999999998,8058
44.6059999999998,7294
44.6059999999998,7314
44.6059999999998,7618
44.6059999999998,8438
44.6059999999998,8206
44.6059999999998,8742
44.6540000000023,7966
44.6540000000023,6580
44.6540000000023,6658
44.6540000000023,7998
44.6540000000023,8750
44.6540000000023,9110
44.6540000000023,9358
44.6540000000023,9778
44.6540000000023,9648
44.6540000000023,8818
44.7010000000009,8412
44.7010000000009,6940
44.7010000000009,6770
44.7010000000009,7760
44.7010000000009,8310
44.7010000000009,8244
44.7010000000009,8756
44.7010000000009,7756
44.7010000000009,7088
44.7479999999996,6924
44.7479999999996,8018
44.7479999999996,8268
44.7479999999996,9048
44.7479999999996,9258
44.7479999999996,9424
44.7479999999996,9726
44.7479999999996,9130
44.7479999999996,8550
44.7949999999983,7334
44.7949999999983,7046
44.7949999999983,7852
44.7949999999983,8152
44.7949999999983,8268
44.7949999999983,8756
44.7949999999983,8054
44.7949999999983,7792
44.7949999999983,6698
44.7949999999983,7346
44.8419999999969,8126
44.8419999999969,9034
44.8419999999969,9188
44.8419999999969,9408
44.8419999999969,9768
44.8419999999969,9244
44.8419999999969,8366
44.8419999999969,7772
44.8419999999969,7356
44.8899999999994,7540
44.8899999999994,7648
44.8899999999994,8352
44.8899999999994,8212
44.8899999999994,8444
44.8899999999994,7916
44.8899999999994,6412
44.8899999999994,6626
44.8899999999994,8070
44.8899999999994,8916
44.9369999999981,9146
44.9369999999981,9388
44.9369999999981,9792
44.9369999999981,9650
44.9369999999981,8896
44.9369999999981,8326
44.9369999999981,6784
44.9369999999981,6666
44.9369999999981,7726
44.9839999999967,8386
44.9839999999967,8234
44.9839999999967,8766
44.9839999999967,7730
44.9839999999967,6872
44.9839999999967,6802
44.9839999999967,8022
44.9839999999967,8346
44.9839999999967,9222
44.9839999999967,9300
45.0309999999954,9460
45.0309999999954,9746
45.0309999999954,9152
45.0309999999954,8560
45.0309999999954,7392
45.0309999999954,7084
45.0309999999954,7790
45.0309999999954,8090
45.0780000000013,8260
45.0780000000013,8742
45.0780000000013,8280
45.0780000000013,7798
45.0780000000013,6626
45.0780000000013,7370
45.0780000000013,8124
45.0780000000013,9038
45.0780000000013,9186
45.0780000000013,9392
45.125,9752
45.125,9234
45.125,8294
45.125,7694
45.125,7392
45.125,7340
45.125,7632
45.125,8268
45.125,8288
45.1730000000025,8422
45.1730000000025,7872
45.1730000000025,6364
45.1730000000025,6620
45.1730000000025,8080
45.1730000000025,8942
45.1730000000025,9142
45.1730000000025,9372
45.1730000000025,9762
45.1730000000025,9624
45.2200000000012,8740
45.2200000000012,8228
45.2200000000012,6750
45.2200000000012,6656
45.2200000000012,7652
45.2200000000012,8510
45.2200000000012,8202
45.2200000000012,8516
45.2200000000012,7956
45.2669999999998,6488
45.2669999999998,6806
45.2669999999998,8054
45.2669999999998,8316
45.2669999999998,9014
45.2669999999998,9330
45.2669999999998,9722
45.2669999999998,9680
45.2669999999998,8942
45.2669999999998,8376
45.3139999999985,6852
45.3139999999985,6702
45.3139999999985,7730
45.3139999999985,8326
45.3139999999985,8232
45.3139999999985,8730
45.3139999999985,7874
45.3139999999985,7304
45.362000000001,7094
45.362000000001,7848
45.362000000001,8222
45.362000000001,9212
45.362000000001,9274
45.362000000001,9388
45.362000000001,9696
45.362000000001,9044
45.362000000001,8478
45.362000000001,7074
45.4089999999997,7140
45.4089999999997,7708
45.4089999999997,7828
45.4089999999997,8254
45.4089999999997,8722
45.4089999999997,8090
45.4089999999997,7618
45.4089999999997,7062
45.4089999999997,7628
45.4559999999983,8162
45.4559999999983,9110
45.4559999999983,9212
45.4559999999983,9366
45.4559999999983,9722
45.4559999999983,9198
45.4559999999983,8306
45.4559999999983,7590
45.4559999999983,7318
45.4559999999983,7632
45.502999999997,7658
45.502999999997,8274
45.502999999997,8722
45.502999999997,8162
45.502999999997,7842
45.502999999997,6354
45.502999999997,6800
45.502999999997,8090
45.502999999997,8982
45.5509999999995,9152
45.5509999999995,9376
45.5509999999995,9736
45.5509999999995,9218
45.5509999999995,8392
45.5509999999995,7812
45.5509999999995,7346
45.5509999999995,7518
45.5509999999995,7644
45.5509999999995,8432
45.5979999999981,8206
45.5979999999981,8432
45.5979999999981,7930
45.5979999999981,6446
45.5979999999981,6636
45.5979999999981,8064
45.5979999999981,8880
45.5979999999981,9130
45.6449999999968,9368
45.6449999999968,9782
45.6449999999968,9664
45.6449999999968,8894
45.6449999999968,8324
45.6449999999968,6780
45.6449999999968,6662
45.6449999999968,7724
45.6449999999968,8378
45.6449999999968,8238
45.6919999999955,8766
45.6919999999955,7708
45.6919999999955,6882
45.6919999999955,6802
45.6919999999955,7862
45.6919999999955,8242
45.6919999999955,9212
45.6919999999955,9286
45.6919999999955,9438
45.6919999999955,9728
45.739999999998,9122
45.739999999998,8546
45.739999999998,7314
45.739999999998,7036
45.739999999998,7868
45.739999999998,8166
45.739999999998,8278
45.739999999998,8776
45.739999999998,8316
45.7869999999966,7822
45.7869999999966,6596
45.7869999999966,7292
45.7869999999966,8134
45.7869999999966,9040
45.7869999999966,9204
45.7869999999966,9430
45.7869999999966,9802
45.7869999999966,9204
45.7869999999966,8560
45.8340000000026,7996
45.8340000000026,7320
45.8340000000026,6626
45.8340000000026,7680
45.8340000000026,8464
45.8340000000026,8224
45.8340000000026,8762
45.8340000000026,7996
45.8819999999978,6612
45.8819999999978,6684
45.8819999999978,8012
45.8819999999978,8740
45.8819999999978,9110
45.8819999999978,9362
45.8819999999978,9782
45.8819999999978,9712
45.8819999999978,9024
45.8819999999978,8444
45.9289999999964,7002
45.9289999999964,6810
45.9289999999964,7760
45.9289999999964,8274
45.9289999999964,8232
45.9289999999964,8736
45.9289999999964,7754
45.9289999999964,7114
45.9289999999964,6938
45.976999999999,7690
45.976999999999,8202
45.976999999999,9148
45.976999999999,9250
45.976999999999,9414
45.976999999999,9720
45.976999999999,9122
45.976999999999,8542
