25.4570000000022,8942
25.4570000000022,9840
25.5049999999974,10112
25.5049999999974,10342
25.5049999999974,10636
25.5049999999974,10482
25.5049999999974,9802
25.5049999999974,9192
25.5049999999974,8284
25.5049999999974,7930
25.5049999999974,8268
25.5049999999974,8504
25.551999999996,8914
25.551999999996,9394
25.551999999996,8834
25.551999999996,8406
25.551999999996,7674
25.551999999996,8126
25.551999999996,8838
25.551999999996,9774
25.551999999996,9906
25.5999999999985,10236
25.5999999999985,10470
25.5999999999985,10574
25.5999999999985,10044
25.5999999999985,9250
25.5999999999985,8684
25.5999999999985,7986
25.5999999999985,7988
25.5999999999985,8198
25.5999999999985,8962
25.6469999999972,8958
25.6469999999972,9064
25.6469999999972,8546
25.6469999999972,7038
25.6469999999972,7278
25.6469999999972,8678
25.6469999999972,9476
25.6469999999972,9810
25.6469999999972,10158
25.6939999999959,10306
25.6939999999959,10574
25.6939999999959,10086
25.6939999999959,9402
25.6939999999959,8868
25.6939999999959,7754
25.6939999999959,7402
25.6939999999959,8212
25.6939999999959,8952
25.7410000000018,8858
25.7410000000018,9048
25.7410000000018,8618
25.7410000000018,7490
25.7410000000018,7462
25.7410000000018,8644
25.7410000000018,9162
25.7410000000018,9720
25.7410000000018,10118
25.7410000000018,10326
25.788999999997,10716
25.788999999997,10536
25.788999999997,9748
25.788999999997,9176
25.788999999997,7662
25.788999999997,7428
25.788999999997,8330
25.788999999997,8916
25.788999999997,8890
25.8359999999957,9346
25.8359999999957,8664
25.8359999999957,8170
25.8359999999957,7760
25.8359999999957,8342
25.8359999999957,8870
25.8359999999957,9922
25.8359999999957,10092
25.8359999999957,10358
25.8359999999957,10640
25.8830000000016,10508
25.8830000000016,9774
25.8830000000016,9208
25.8830000000016,7746
25.8830000000016,7478
25.8830000000016,8370
25.8830000000016,8650
25.8830000000016,8854
25.8830000000016,9306
25.9300000000003,8686
25.9300000000003,8116
25.9300000000003,7848
25.9300000000003,8464
25.9300000000003,8930
25.9300000000003,9956
25.9300000000003,10110
25.9300000000003,10332
25.9300000000003,10634
25.976999999999,10430
25.976999999999,9650
25.976999999999,9230
25.976999999999,7798
25.976999999999,7544
25.976999999999,8370
25.976999999999,8854
25.976999999999,8854
25.976999999999,9342
26.0239999999976,8454
26.0239999999976,7812
26.0239999999976,7622
26.0239999999976,8696
26.0239999999976,8956
26.0239999999976,9882
26.0239999999976,10138
26.0239999999976,10342
26.0239999999976,10644
26.0239999999976,10502
26.0720000000001,9774
26.0720000000001,9186
26.0720000000001,7700
26.0720000000001,7464
26.0720000000001,8350
26.0720000000001,8884
26.0720000000001,8850
26.0720000000001,9420
26.0720000000001,8386
26.1189999999988,7724
26.1189999999988,7596
26.1189999999988,8674
26.1189999999988,8966
26.1189999999988,9880
26.1189999999988,10076
26.1189999999988,10336
26.1189999999988,10610
26.1189999999988,10502
26.1189999999988,9784
26.1659999999974,9212
26.1659999999974,7790
26.1659999999974,7514
26.1659999999974,8356
26.1659999999974,8884
26.1659999999974,8890
26.1659999999974,9388
26.1659999999974,8402
26.2139999999999,7744
26.2139999999999,7592
26.2139999999999,8330
26.2139999999999,8840
26.2139999999999,9882
26.2139999999999,10046
26.2139999999999,10296
26.2139999999999,10626
26.2139999999999,10430
26.2139999999999,9670
26.2609999999986,9086
26.2609999999986,7550
26.2609999999986,7334
26.2609999999986,8334
26.2609999999986,8994
26.2609999999986,8870
26.2609999999986,9532
26.2609999999986,8608
26.2609999999986,7812
26.3079999999973,7632
26.3079999999973,8680
26.3079999999973,8930
26.3079999999973,9926
26.3079999999973,10110
26.3079999999973,10290
26.3079999999973,10580
26.3079999999973,10090
26.3079999999973,9294
26.3079999999973,8752
26.3549999999959,8012
26.3549999999959,7950
26.3549999999959,8188
26.3549999999959,8982
26.3549999999959,9116
26.3549999999959,9136
26.3549999999959,8658
26.3549999999959,7144
26.3549999999959,7292
26.4029999999984,8730
26.4029999999984,9594
26.4029999999984,9886
26.4029999999984,10208
26.4029999999984,10424
26.4029999999984,10482
26.4029999999984,9846
26.4029999999984,9322
26.4029999999984,8048
26.4499999999971,7756
26.4499999999971,8458
26.4499999999971,8778
26.4499999999971,8894
26.4499999999971,9384
26.4499999999971,8854
26.4499999999971,8418
26.4499999999971,7674
26.4499999999971,8104
26.4969999999958,8854
26.4969999999958,9804
26.4969999999958,9992
26.4969999999958,10256
26.4969999999958,10580
26.4969999999958,10444
26.4969999999958,9680
26.4969999999958,9104
26.4969999999958,7576
26.4969999999958,7366
26.5440000000017,8432
26.5440000000017,8824
26.5440000000017,8886
26.5440000000017,9368
26.5440000000017,8560
26.5440000000017,7970
26.5440000000017,7744
26.5440000000017,8556
26.5440000000017,8920
26.5919999999969,10060
26.5919999999969,10074
26.5919999999969,10290
26.5919999999969,10568
26.5919999999969,10004
26.5919999999969,9460
26.5919999999969,8920
26.5919999999969,7530
26.5919999999969,7336
26.5919999999969,8334
26.6389999999956,9012
26.6389999999956,8890
26.6389999999956,9424
26.6389999999956,8372
26.6389999999956,7524
26.6389999999956,7482
26.6389999999956,8632
26.6389999999956,9276
26.6389999999956,9720
26.6869999999981,10148
26.6869999999981,10318
26.6869999999981,10590
26.6869999999981,10050
26.6869999999981,9614
26.6869999999981,9054
26.6869999999981,7494
26.6869999999981,7318
26.6869999999981,8326
26.7339999999967,9054
26.7339999999967,8894
26.7339999999967,9376
26.7339999999967,8622
26.7339999999967,7416
26.7339999999967,7416
26.7339999999967,8686
26.7339999999967,9466
26.7339999999967,9810
26.7339999999967,10106
26.7809999999954,10318
26.7809999999954,10604
26.7809999999954,10466
26.7809999999954,9552
26.7809999999954,8994
26.7809999999954,7454
26.7809999999954,7294
26.7809999999954,8268
26.7809999999954,8942
26.8289999999979,8828
26.8289999999979,9382
26.8289999999979,8638
26.8289999999979,7318
26.8289999999979,7370
26.8289999999979,8680
26.8289999999979,8922
26.8289999999979,9716
26.8289999999979,10070
26.8759999999966,10290
26.8759999999966,10568
26.8759999999966,10404
26.8759999999966,9656
26.8759999999966,9096
26.8759999999966,7600
26.8759999999966,7406
26.8759999999966,8314
26.8759999999966,8914
26.9229999999952,8832
26.9229999999952,9368
26.9229999999952,8284
26.9229999999952,7560
26.9229999999952,7490
26.9229999999952,8484
26.9229999999952,8884
26.9229999999952,9874
26.9229999999952,10030
26.9229999999952,10272
26.9689999999973,10562
26.9689999999973,10414
26.9689999999973,9700
26.9689999999973,9132
26.9689999999973,7690
26.9689999999973,7468
26.9689999999973,8340
26.9689999999973,8880
26.9689999999973,8824
27.0169999999998,9348
27.0169999999998,8304
27.0169999999998,7622
27.0169999999998,7782
27.0169999999998,8424
27.0169999999998,8860
27.0169999999998,9854
27.0169999999998,10008
27.0169999999998,10266
27.0169999999998,10568
27.0639999999985,10408
27.0639999999985,9676
27.0639999999985,9112
27.0639999999985,7636
27.0639999999985,7422
27.0639999999985,8320
27.0639999999985,8894
27.0639999999985,8818
27.0639999999985,9352
27.1109999999971,8278
27.1109999999971,7962
27.1109999999971,7720
27.1109999999971,8520
27.1109999999971,8894
27.1109999999971,9886
27.1109999999971,10034
27.1109999999971,10282
27.1109999999971,10584
27.1579999999958,10430
27.1579999999958,9712
27.1579999999958,9152
27.1579999999958,7700
27.1579999999958,7474
27.1579999999958,8346
27.1579999999958,8622
27.1579999999958,8860
27.1579999999958,9326
27.2059999999983,8634
27.2059999999983,8124
27.2059999999983,7766
27.2059999999983,8396
27.2059999999983,8860
27.2059999999983,9844
27.2059999999983,10010
27.2059999999983,10280
27.2059999999983,10526
27.2059999999983,10434
27.252999999997,9746
27.252999999997,9182
27.252999999997,7772
27.252999999997,7822
27.252999999997,8326
27.252999999997,8588
27.252999999997,8878
27.252999999997,9346
27.252999999997,8684
27.2999999999956,8206
27.2999999999956,7550
27.2999999999956,8314
27.2999999999956,8850
27.2999999999956,9810
27.2999999999956,9988
27.2999999999956,10260
27.2999999999956,10526
27.2999999999956,10424
27.2999999999956,9866
27.3470000000016,9316
27.3470000000016,8134
27.3470000000016,7812
27.3470000000016,8314
27.3470000000016,8612
27.3470000000016,8864
27.3470000000016,9312
27.3470000000016,8634
27.3940000000002,8124
27.3940000000002,7714
27.3940000000002,8386
27.3940000000002,8802
27.3940000000002,9720
27.3940000000002,9932
27.3940000000002,10228
27.3940000000002,10466
27.3940000000002,10446
27.3940000000002,9798
27.4409999999989,9260
27.4409999999989,7952
27.4409999999989,7688
27.4409999999989,8402
27.4409999999989,8778
27.4409999999989,8884
27.4409999999989,9352
27.4409999999989,8624
27.4409999999989,8104
27.4409999999989,7636
27.4890000000014,7982
27.4890000000014,8804
27.4890000000014,9736
27.4890000000014,9948
27.4890000000014,10244
27.4890000000014,10462
27.4890000000014,10470
27.4890000000014,9854
27.4890000000014,9302
27.5360000000001,8124
27.5360000000001,7818
27.5360000000001,8346
27.5360000000001,8606
27.5360000000001,8910
27.5360000000001,9300
27.5360000000001,8900
27.5360000000001,8454
27.5360000000001,7560
27.5360000000001,7988
27.5829999999987,8782
27.5829999999987,9720
27.5829999999987,9952
27.5829999999987,10240
27.5829999999987,10462
27.5829999999987,10500
27.5829999999987,9916
27.5829999999987,9110
27.6310000000012,8300
27.6310000000012,7950
27.6310000000012,8022
27.6310000000012,8188
27.6310000000012,8950
27.6310000000012,9060
27.6310000000012,9028
27.6310000000012,8532
27.6310000000012,7012
27.6310000000012,7372
27.6779999999999,8752
27.6779999999999,9756
27.6779999999999,9890
27.6779999999999,10210
27.6779999999999,10470
27.6779999999999,10542
27.6779999999999,10014
27.6779999999999,9182
27.6779999999999,8886
27.7249999999985,7734
27.7249999999985,7380
27.7249999999985,8218
27.7249999999985,8926
27.7249999999985,8850
27.7249999999985,9032
27.7249999999985,8606
27.7249999999985,7144
27.7249999999985,7298
27.7249999999985,8704
27.7719999999972,9530
27.7719999999972,9844
27.7719999999972,10110
27.7719999999972,10292
27.7719999999972,10574
27.7719999999972,10010
27.7719999999972,9494
27.7719999999972,8956
27.7719999999972,7412
27.8199999999997,7248
27.8199999999997,8300
27.8199999999997,9080
27.8199999999997,8878
27.8199999999997,9300
27.8199999999997,8664
27.8199999999997,7328
27.8199999999997,7370
27.8199999999997,8664
27.8669999999984,8932
27.8669999999984,9942
27.8669999999984,10082
27.8669999999984,10300
27.8669999999984,10584
27.8669999999984,10424
27.8669999999984,9684
27.8669999999984,9110
27.8669999999984,7626
27.913999999997,7412
27.913999999997,8342
27.913999999997,8942
27.913999999997,8884
27.913999999997,9384
27.913999999997,8412
27.913999999997,7766
27.913999999997,7750
27.913999999997,8324
27.913999999997,8868
27.9609999999957,9820
27.9609999999957,9998
27.9609999999957,10266
27.9609999999957,10512
27.9609999999957,10446
27.9609999999957,9766
27.9609999999957,9218
27.9609999999957,7848
27.9609999999957,7606
27.9609999999957,8370
28.0089999999982,8814
28.0089999999982,8864
28.0089999999982,9372
28.0089999999982,8768
28.0089999999982,8314
28.0089999999982,7698
28.0089999999982,8162
28.0089999999982,8822
28.0089999999982,9782
28.0559999999969,9968
28.0559999999969,10244
28.0559999999969,10490
28.0559999999969,10424
28.0559999999969,9720
28.0559999999969,9162
28.0559999999969,7740
28.0559999999969,7508
28.1029999999955,8370
28.1029999999955,8606
28.1029999999955,8886
28.1029999999955,9362
28.1029999999955,8716
28.1029999999955,8248
28.1029999999955,7694
28.1029999999955,8280
28.1029999999955,8840
28.1029999999955,9802
28.1500000000015,9982
28.1500000000015,10260
28.1500000000015,10528
28.1500000000015,10454
28.1500000000015,9794
28.1500000000015,9258
28.1500000000015,7944
28.1500000000015,7940
28.1500000000015,8224
28.1970000000001,8324
28.1970000000001,8890
28.1970000000001,9362
28.1970000000001,8808
28.1970000000001,8382
28.1970000000001,7678
28.1970000000001,8116
28.1970000000001,8848
28.1970000000001,9792
28.1970000000001,9984
28.2449999999953,10260
28.2449999999953,10548
28.2449999999953,10492
28.2449999999953,9814
28.2449999999953,9106
28.2449999999953,8314
28.2449999999953,7946
28.2449999999953,8278
28.2449999999953,8448
28.2929999999978,8906
28.2929999999978,9398
28.2929999999978,8792
28.2929999999978,8336
28.2929999999978,7746
28.2929999999978,8258
28.2929999999978,8868
28.2929999999978,9824
28.2929999999978,9994
28.3389999999999,10256
28.3389999999999,10568
28.3389999999999,10460
28.3389999999999,9726
28.3389999999999,9178
28.3389999999999,7792
28.3389999999999,7546
28.3389999999999,8362
28.3389999999999,8828
28.3389999999999,8840
28.3869999999952,9342
28.3869999999952,8432
28.3869999999952,7798
28.3869999999952,7616
28.3869999999952,8634
28.3869999999952,8874
28.3869999999952,9778
28.3869999999952,9956
28.3869999999952,10218
28.4340000000011,10522
28.4340000000011,10384
28.4340000000011,9638
28.4340000000011,9086
28.4340000000011,7596
28.4340000000011,7390
28.4340000000011,8296
28.4340000000011,8906
28.4340000000011,8808
28.4340000000011,9352
28.4819999999963,8342
28.4819999999963,7474
28.4819999999963,7442
28.4819999999963,8546
28.4819999999963,8874
28.4819999999963,9906
28.4819999999963,10054
28.4819999999963,10234
28.4819999999963,10526
28.5290000000023,10116
28.5290000000023,9474
28.5290000000023,8942
28.5290000000023,7382
28.5290000000023,7298
28.5290000000023,8306
28.5290000000023,9002
28.5290000000023,8844
28.5290000000023,9204
28.5760000000009,8650
28.5760000000009,7232
28.5760000000009,7536
28.5760000000009,8632
28.5760000000009,8940
28.5760000000009,9628
28.5760000000009,10070
28.5760000000009,10264
28.5760000000009,10544
28.6229999999996,10004
28.6229999999996,9448
28.6229999999996,8926
28.6229999999996,7490
28.6229999999996,7226
28.6229999999996,8234
28.6229999999996,8956
28.6229999999996,8860
28.6229999999996,9384
28.6229999999996,8300
28.6699999999983,7622
28.6699999999983,7526
28.6699999999983,8606
28.6699999999983,8978
28.6699999999983,9762
28.6699999999983,10082
28.6699999999983,10270
28.6699999999983,10562
28.6699999999983,10086
28.6699999999983,9500
28.7169999999969,8958
28.7169999999969,7392
28.7169999999969,7254
28.7169999999969,8244
28.7169999999969,9008
28.7169999999969,8864
28.7169999999969,9372
28.7169999999969,8342
28.7639999999956,7690
28.7639999999956,7570
28.7639999999956,8634
28.7639999999956,8922
28.7639999999956,10116
28.7639999999956,10076
28.7639999999956,10286
28.7639999999956,10564
28.7639999999956,10362
28.7639999999956,9630
28.8119999999981,9080
28.8119999999981,7544
28.8119999999981,7354
28.8119999999981,8306
28.8119999999981,8818
28.8119999999981,8870
28.8119999999981,9336
28.8119999999981,8556
28.8119999999981,7996
28.8589999999967,7776
28.8589999999967,8500
28.8589999999967,8890
28.8589999999967,9876
28.8589999999967,10034
28.8589999999967,10286
28.8589999999967,10538
28.8589999999967,10446
28.8589999999967,9756
28.8589999999967,9194
28.9059999999954,7812
28.9059999999954,7818
28.9059999999954,8290
28.9059999999954,8588
28.9059999999954,8880
28.9059999999954,9358
28.9059999999954,8742
28.9059999999954,8288
28.9059999999954,7700
28.9530000000013,8212
28.9530000000013,8828
28.9530000000013,9778
28.9530000000013,9964
28.9530000000013,10240
28.9530000000013,10430
28.9530000000013,10480
28.9530000000013,9890
28.9530000000013,9208
29,8216
29,7776
29,8288
29,8542
29,8870
29,9342
29,8714
29,8248
29,7694
29.0469999999987,8252
29.0469999999987,8766
29.0469999999987,9696
29.0469999999987,9910
29.0469999999987,10208
29.0469999999987,10418
29.0469999999987,10450
29.0469999999987,9834
29.0469999999987,9296
29.0939999999973,8068
29.0939999999973,7776
29.0939999999973,8396
29.0939999999973,8668
29.0939999999973,8880
29.0939999999973,9352
29.0939999999973,8684
29.0939999999973,8192
29.0939999999973,7488
29.0939999999973,7962
29.140999999996,8782
29.140999999996,9720
29.140999999996,9926
29.140999999996,10236
29.140999999996,10434
29.140999999996,10486
29.140999999996,9882
29.140999999996,9194
29.140999999996,8222
29.140999999996,7864
29.1880000000019,8278
29.1880000000019,8552
29.1880000000019,8922
29.1880000000019,9250
29.1880000000019,8986
29.1880000000019,8490
29.1880000000019,7186
29.1880000000019,7808
29.1880000000019,8766
29.2350000000006,9690
29.2350000000006,9906
29.2350000000006,10218
29.2350000000006,10436
29.2350000000006,10496
29.2350000000006,9926
29.2350000000006,9050
29.2350000000006,8320
29.2829999999958,7982
29.2829999999958,7992
29.2829999999958,8198
29.2829999999958,8956
29.2829999999958,9008
29.2829999999958,9054
29.2829999999958,8540
29.2829999999958,7026
29.2829999999958,7308
29.2829999999958,8730
29.3300000000017,9638
29.3300000000017,9886
29.3300000000017,10204
29.3300000000017,10460
29.3300000000017,10532
29.3300000000017,10044
29.3300000000017,9382
29.3300000000017,8858
29.3300000000017,7808
29.3300000000017,7418
29.3770000000004,8222
29.3770000000004,8946
29.3770000000004,8870
29.3770000000004,9064
29.3770000000004,8628
29.3770000000004,7164
29.3770000000004,7300
29.3770000000004,8602
29.3770000000004,9130
29.4239999999991,9782
29.4239999999991,10106
29.4239999999991,10300
29.4239999999991,10574
29.4239999999991,10496
29.4239999999991,9558
29.4239999999991,8998
29.4239999999991,7446
29.4239999999991,7282
29.4239999999991,8280
29.4709999999977,9028
29.4709999999977,8868
29.4709999999977,9368
29.4709999999977,8494
29.4709999999977,7462
29.4709999999977,7672
29.4709999999977,8576
29.4709999999977,8896
29.5190000000002,9880
29.5190000000002,10038
29.5190000000002,10266
29.5190000000002,10548
29.5190000000002,10398
29.5190000000002,9644
29.5190000000002,9080
29.5190000000002,7570
29.5190000000002,7380
29.5190000000002,8324
29.5659999999989,8946
29.5659999999989,8870
29.5659999999989,9356
29.5659999999989,8642
29.5659999999989,8136
29.5659999999989,7762
29.5659999999989,8378
29.5659999999989,8844
29.5659999999989,9818
29.6129999999976,9978
29.6129999999976,10220
29.6129999999976,10506
29.6129999999976,10276
29.6129999999976,9648
29.6129999999976,9014
29.6129999999976,7474
29.6129999999976,7308
29.6129999999976,8376
29.6129999999976,8848
29.6599999999962,8880
29.6599999999962,9358
29.6599999999962,8542
29.6599999999962,7970
29.6599999999962,7756
29.6599999999962,8520
29.6599999999962,8860
29.6599999999962,9846
29.6599999999962,10000
29.7079999999987,10228
29.7079999999987,10512
29.7079999999987,10218
29.7079999999987,9476
29.7079999999987,8946
29.7079999999987,7382
29.7079999999987,7416
29.7079999999987,8336
29.7079999999987,8904
29.7549999999974,8834
29.7549999999974,9348
29.7549999999974,8278
29.7549999999974,7590
29.7549999999974,7518
29.7549999999974,8566
29.7549999999974,9002
29.7549999999974,9664
29.7549999999974,10054
29.801999999996,10228
29.801999999996,10516
29.801999999996,10074
29.801999999996,9302
29.801999999996,8982
29.801999999996,7400
29.801999999996,7262
29.801999999996,8234
29.801999999996,9004
29.801999999996,8822
29.849000000002,9126
29.849000000002,8618
29.849000000002,7136
29.849000000002,7278
29.849000000002,8678
29.849000000002,9522
29.849000000002,9820
29.849000000002,10066
29.849000000002,10266
29.8960000000006,10454
29.8960000000006,9824
29.8960000000006,9240
29.8960000000006,8106
29.8960000000006,7782
29.8960000000006,8350
29.8960000000006,8612
29.8960000000006,8854
29.8960000000006,9320
29.8960000000006,8648
29.9439999999959,8264
29.9439999999959,7780
29.9439999999959,7916
29.9439999999959,8808
29.9439999999959,9870
29.9439999999959,10030
29.9439999999959,10328
29.9439999999959,10660
29.9439999999959,10542
29.9910000000018,9458
29.9910000000018,8920
29.9910000000018,7366
29.9910000000018,7216
29.9910000000018,8208
29.9910000000018,8972
29.9910000000018,8798
29.9910000000018,9122
29.9910000000018,8258
30.0380000000005,7518
30.0380000000005,7458
30.0380000000005,8556
30.0380000000005,9140
30.0380000000005,9624
30.0380000000005,10106
30.0380000000005,10276
30.0380000000005,10552
30.0380000000005,10064
30.0380000000005,9270
30.0859999999957,8686
30.0859999999957,7970
30.0859999999957,7950
30.0859999999957,8166
30.0859999999957,8920
30.0859999999957,8828
30.0859999999957,9130
30.0859999999957,8608
30.0859999999957,7146
30.1330000000016,7274
30.1330000000016,8670
30.1330000000016,9502
30.1330000000016,9864
30.1330000000016,10174
30.1330000000016,10400
30.1330000000016,10482
30.1330000000016,9910
30.1330000000016,9130
30.1330000000016,8260
30.1789999999964,7888
30.1789999999964,8260
30.1789999999964,8182
30.1789999999964,8932
30.1789999999964,9218
30.1789999999964,8978
30.1789999999964,8494
30.1789999999964,7072
30.226999999999,7658
30.226999999999,8746
30.226999999999,9814
30.226999999999,10038
30.226999999999,10306
30.226999999999,10466
30.226999999999,10444
30.226999999999,9752
30.226999999999,9202
30.226999999999,7770
30.2739999999976,7848
30.2739999999976,8334
30.2739999999976,8608
30.2739999999976,8894
30.2739999999976,9376
30.2739999999976,8736
30.2739999999976,8260
30.2739999999976,7708
30.2739999999976,8142
30.3209999999963,8824
30.3209999999963,9798
30.3209999999963,9964
30.3209999999963,10240
30.3209999999963,10508
30.3209999999963,10480
30.3209999999963,9906
30.3209999999963,9316
30.3209999999963,8142
30.3209999999963,7808
30.3680000000022,8352
30.3680000000022,8622
30.3680000000022,8894
30.3680000000022,9368
30.3680000000022,8686
30.3680000000022,8186
30.3680000000022,7720
30.3680000000022,8268
30.3680000000022,8840
30.4159999999974,9746
30.4159999999974,9962
30.4159999999974,10246
30.4159999999974,10482
30.4159999999974,10486
30.4159999999974,9830
30.4159999999974,9286
30.4159999999974,7960
30.4159999999974,7678
30.4629999999961,8408
30.4629999999961,8756
30.4629999999961,8860
30.4629999999961,9322
30.4629999999961,8566
30.4629999999961,8104
30.4629999999961,7700
30.4629999999961,7802
30.4629999999961,8922
30.5109999999986,9932
30.5109999999986,10152
30.5109999999986,10436
30.5109999999986,10748
30.5109999999986,10662
30.5109999999986,9592
30.5109999999986,9044
30.5109999999986,7454
30.5109999999986,7216
30.5109999999986,8340
30.5579999999973,9070
30.5579999999973,8992
30.5579999999973,9258
30.5579999999973,8740
30.5579999999973,7274
30.5579999999973,7292
30.5579999999973,8608
30.5579999999973,9404
30.5579999999973,9758
30.6049999999959,10102
30.6049999999959,10558
30.6049999999959,10702
30.6049999999959,10056
30.6049999999959,9496
30.6049999999959,8120
30.6049999999959,7838
30.6049999999959,8598
30.6049999999959,9050
30.6049999999959,9034
30.6520000000019,9538
30.6520000000019,8752
30.6520000000019,8142
30.6520000000019,7858
30.6520000000019,8690
30.6520000000019,8822
30.6520000000019,9722
30.6520000000019,9972
30.6520000000019,10436
30.6999999999971,10620
30.6999999999971,9926
30.6999999999971,9348
30.6999999999971,7888
30.6999999999971,7628
30.6999999999971,8546
30.6999999999971,8890
30.6999999999971,9048
30.6999999999971,9444
30.7469999999958,8648
30.7469999999958,8018
30.7469999999958,7710
30.7469999999958,8552
30.7469999999958,8868
30.7469999999958,9838
30.7469999999958,10034
30.7469999999958,10224
30.7469999999958,10512
30.7469999999958,10020
30.7940000000017,9186
30.7940000000017,8618
30.7940000000017,8026
30.7940000000017,7446
30.7940000000017,8252
30.7940000000017,8932
30.7940000000017,8850
30.7940000000017,9104
30.7940000000017,8586
30.8410000000003,7078
30.8410000000003,7278
30.8410000000003,8732
30.8410000000003,9634
30.8410000000003,9886
30.8410000000003,10192
30.8410000000003,10424
30.8410000000003,10440
30.8410000000003,9774
30.8410000000003,9336
30.887999999999,7844
30.887999999999,7844
30.887999999999,8290
30.887999999999,8530
30.887999999999,8844
30.887999999999,9316
30.887999999999,8706
30.887999999999,8180
30.9360000000015,7734
30.9360000000015,8274
30.9360000000015,8814
30.9360000000015,9846
30.9360000000015,10014
30.9360000000015,10454
30.9360000000015,10722
30.9360000000015,10506
30.9360000000015,9766
30.9360000000015,9178
30.9819999999963,7530
30.9819999999963,7334
30.9819999999963,8300
30.9819999999963,8930
30.9819999999963,8824
30.9819999999963,9368
30.9819999999963,8324
30.9819999999963,7520
30.9819999999963,7474
31.0290000000023,8550
31.0290000000023,9176
31.0290000000023,10034
31.0290000000023,10174
31.0290000000023,10434
31.0290000000023,10742
31.0290000000023,9920
31.0290000000023,9464
31.0290000000023,8920
31.0290000000023,7802
31.0769999999975,7408
31.0769999999975,8244
31.0769999999975,8932
31.0769999999975,8844
31.0769999999975,9096
31.0769999999975,8540
31.0769999999975,7056
31.0769999999975,7258
31.0769999999975,8632
31.1239999999962,9404
31.1239999999962,9802
31.1239999999962,10218
31.1239999999962,10296
31.1239999999962,10544
31.1239999999962,10024
31.1239999999962,9240
31.1239999999962,8638
31.1239999999962,8012
31.1710000000021,8074
31.1710000000021,8238
31.1710000000021,8968
31.1710000000021,9352
31.1710000000021,8992
31.1710000000021,8424
31.1710000000021,7490
31.1710000000021,7222
31.1710000000021,8782
31.2180000000008,9756
31.2180000000008,10010
31.2180000000008,10316
31.2180000000008,10618
31.2180000000008,10544
31.2180000000008,9692
31.2180000000008,9034
31.2180000000008,7524
31.2180000000008,7354
31.2180000000008,8372
31.265999999996,9100
31.265999999996,8946
31.265999999996,9454
31.265999999996,8500
31.265999999996,7812
31.265999999996,7642
31.265999999996,8632
31.265999999996,9132
31.265999999996,9706
31.3130000000019,10138
31.3130000000019,10462
31.3130000000019,10536
31.3130000000019,9870
31.3130000000019,9250
31.3130000000019,7796
31.3130000000019,7526
31.3130000000019,8432
31.3130000000019,8942
31.3130000000019,8942
31.3600000000006,9434
31.3600000000006,8664
31.3600000000006,8142
31.3600000000006,7698
31.3600000000006,8392
31.3600000000006,8854
31.3600000000006,9798
31.3600000000006,9946
31.3600000000006,10168
31.4069999999992,10486
31.4069999999992,9952
31.4069999999992,9352
31.4069999999992,8828
31.4069999999992,7462
31.4069999999992,7282
31.4069999999992,8254
31.4069999999992,8968
31.4069999999992,8804
31.4539999999979,9556
31.4539999999979,8634
31.4539999999979,7308
31.4539999999979,7346
31.4539999999979,8632
31.4539999999979,9420
31.4539999999979,9768
31.4539999999979,10100
31.4539999999979,10236
31.5020000000004,10518
31.5020000000004,9982
31.5020000000004,9332
31.5020000000004,8792
31.5020000000004,7888
31.5020000000004,7668
31.5020000000004,8198
31.5020000000004,8922
31.5020000000004,8822
31.5020000000004,9074
31.5489999999991,8566
31.5489999999991,7072
31.5489999999991,7272
31.5489999999991,8638
31.5489999999991,9398
31.5489999999991,9748
31.5489999999991,10076
31.5489999999991,10246
31.5489999999991,10480
31.5959999999977,9936
31.5959999999977,9014
31.5959999999977,8414
31.5959999999977,8022
31.5959999999977,8162
31.5959999999977,8146
31.5959999999977,8878
31.5959999999977,9320
31.5959999999977,8812
31.5959999999977,8398
31.6440000000002,7000
31.6440000000002,7318
31.6440000000002,8722
31.6440000000002,9628
31.6440000000002,9864
31.6440000000002,10164
31.6440000000002,10394
31.6440000000002,10430
31.6440000000002,9784
31.6909999999989,9248
31.6909999999989,7944
31.6909999999989,7674
31.6909999999989,8406
31.6909999999989,8766
31.6909999999989,8844
31.6909999999989,9340
31.6909999999989,8788
31.6909999999989,8346
31.7379999999976,7684
31.7379999999976,7662
31.7379999999976,8802
31.7379999999976,9742
31.7379999999976,9928
31.7379999999976,10192
31.7379999999976,10500
31.7379999999976,10224
31.7379999999976,9556
31.7379999999976,9004
31.7860000000001,7482
31.7860000000001,7308
31.7860000000001,8360
31.7860000000001,8832
31.7860000000001,8828
31.7860000000001,9340
31.7860000000001,8398
31.7860000000001,7754
31.7860000000001,7592
31.8329999999987,8638
31.8329999999987,8868
31.8329999999987,9746
31.8329999999987,10028
31.8329999999987,10210
31.8329999999987,10492
31.8329999999987,10010
31.8329999999987,9218
31.8329999999987,8664
31.8799999999974,7986
31.8799999999974,7246
31.8799999999974,8228
31.8799999999974,9014
31.8799999999974,8818
31.8799999999974,9060
31.8799999999974,8596
31.8799999999974,7124
31.8799999999974,7268
31.9279999999999,8678
31.9279999999999,9530
31.9279999999999,9824
31.9279999999999,10136
31.9279999999999,10390
31.9279999999999,10456
31.9279999999999,9886
31.9279999999999,9186
31.9279999999999,8618
31.9279999999999,7988
31.974000000002,8028
31.974000000002,8166
31.974000000002,8916
31.974000000002,9218
31.974000000002,8950
31.974000000002,8474
31.974000000002,7140
31.974000000002,7766
31.974000000002,8760
31.974000000002,9552
32.0219999999972,9838
32.0219999999972,10154
32.0219999999972,10300
32.0219999999972,10476
32.0219999999972,9922
32.0219999999972,9002
32.0219999999972,8362
32.0219999999972,8008
32.0219999999972,8202
32.0679999999993,8248
32.0679999999993,8878
32.0679999999993,9330
32.0679999999993,8782
32.0679999999993,8346
32.0679999999993,6992
32.0679999999993,7524
32.0679999999993,8726
32.0679999999993,9638
32.1160000000018,9866
32.1160000000018,10164
32.1160000000018,10430
32.1160000000018,10420
32.1160000000018,9766
32.1160000000018,9218
32.1160000000018,7872
32.1160000000018,7612
32.1160000000018,8388
32.1630000000005,8814
32.1630000000005,8858
32.1630000000005,9358
32.1630000000005,8772
32.1630000000005,8334
32.1630000000005,7688
32.1630000000005,7852
32.1630000000005,8808
32.1630000000005,9752
32.2109999999957,9928
32.2109999999957,10198
32.2109999999957,10512
32.2109999999957,10368
32.2109999999957,9608
32.2109999999957,9044
32.2109999999957,7526
32.2109999999957,7346
32.2109999999957,8378
32.2109999999957,8814
32.2580000000016,8860
32.2580000000016,9356
32.2580000000016,8532
32.2580000000016,7960
32.2580000000016,7740
32.2580000000016,8546
32.2580000000016,8886
32.2580000000016,9870
32.2580000000016,10010
32.3050000000003,10236
32.3050000000003,10490
32.3050000000003,10336
32.3050000000003,9516
32.3050000000003,9130
32.3050000000003,7694
32.3050000000003,7472
32.3050000000003,8352
32.3050000000003,8884
32.3050000000003,8858
32.351999999999,9368
32.351999999999,8408
32.351999999999,7762
32.351999999999,7612
32.351999999999,8690
32.351999999999,8844
32.351999999999,9850
32.351999999999,10024
32.3989999999976,10286
32.3989999999976,10574
32.3989999999976,10450
32.3989999999976,9680
32.3989999999976,9140
32.3989999999976,7662
32.3989999999976,7458
32.3989999999976,8340
32.3989999999976,8894
32.3989999999976,8844
32.4459999999963,9352
32.4459999999963,8304
32.4459999999963,7636
32.4459999999963,7780
32.4459999999963,8412
32.4459999999963,8844
32.4459999999963,9828
32.4459999999963,10008
32.4459999999963,10244
32.4459999999963,10522
32.4939999999988,10080
32.4939999999988,9438
32.4939999999988,8962
32.4939999999988,7504
32.4939999999988,7226
32.4939999999988,8212
32.4939999999988,8940
32.4939999999988,8850
32.4939999999988,8916
32.5409999999974,8596
32.5409999999974,7474
32.5409999999974,7442
32.5409999999974,8572
32.5409999999974,9204
32.5409999999974,9670
32.5409999999974,10118
32.5409999999974,10270
32.5409999999974,10536
32.5409999999974,10040
32.5879999999961,9250
32.5879999999961,8684
32.5879999999961,7980
32.5879999999961,7982
32.5879999999961,8160
32.5879999999961,8914
32.5879999999961,8812
32.5879999999961,8998
32.6359999999986,8588
32.6359999999986,7114
32.6359999999986,7282
32.6359999999986,8678
32.6359999999986,9510
32.6359999999986,9840
32.6359999999986,10162
32.6359999999986,10342
32.6359999999986,10482
32.6359999999986,9876
32.6829999999973,9194
32.6829999999973,8172
32.6829999999973,7826
32.6829999999973,8074
32.6829999999973,8166
32.6829999999973,8904
32.6829999999973,9264
32.6829999999973,8916
32.6829999999973,8458
32.7299999999959,7350
32.7299999999959,7888
32.7299999999959,8756
32.7299999999959,9690
32.7299999999959,9892
32.7299999999959,10188
32.7299999999959,10454
32.7299999999959,10420
32.7299999999959,9752
32.7299999999959,9106
32.7770000000019,8252
32.7770000000019,7910
32.7770000000019,8268
32.7770000000019,8490
32.7770000000019,8858
32.7770000000019,9332
32.7770000000019,8706
32.7770000000019,8238
32.7770000000019,7716
32.8249999999971,8166
32.8249999999971,8812
32.8249999999971,9674
32.8249999999971,9880
32.8249999999971,10162
32.8249999999971,10454
32.8249999999971,10374
32.8249999999971,9654
32.8249999999971,9096
32.8709999999992,7632
32.8709999999992,7418
32.8709999999992,8334
32.8709999999992,8904
32.8709999999992,8834
32.8709999999992,9358
32.8709999999992,8300
32.8709999999992,7618
32.8709999999992,7524
32.9190000000017,8428
32.9190000000017,8844
32.9190000000017,9828
32.9190000000017,9974
32.9190000000017,10200
32.9190000000017,10506
32.9190000000017,10010
32.9190000000017,9404
32.9190000000017,8896
32.9190000000017,7644
32.9660000000003,7252
32.9660000000003,8224
32.9660000000003,8932
32.9660000000003,8824
32.9660000000003,9034
32.9660000000003,8586
32.9660000000003,7432
32.9660000000003,7418
32.9660000000003,8618
33.012999999999,9312
33.012999999999,9710
33.012999999999,10074
33.012999999999,10218
33.012999999999,10490
33.012999999999,9974
33.012999999999,9130
33.012999999999,8546
33.012999999999,7992
33.012999999999,8084
33.0599999999977,8172
33.0599999999977,8890
33.0599999999977,8834
33.0599999999977,9084
33.0599999999977,8576
33.0599999999977,7098
33.0599999999977,7292
33.0599999999977,8704
33.0599999999977,9552
33.1080000000002,9828
33.1080000000002,10122
33.1080000000002,10302
33.1080000000002,10434
33.1080000000002,9830
33.1080000000002,9270
33.1080000000002,8070
33.1080000000002,7770
33.1080000000002,8142
33.1549999999988,8180
33.1549999999988,8920
33.1549999999988,9302
33.1549999999988,8922
33.1549999999988,8478
33.1549999999988,7428
33.1549999999988,7972
33.1549999999988,8756
33.1549999999988,9674
33.2019999999975,9874
33.2019999999975,10158
33.2019999999975,10454
33.2019999999975,10372
33.2019999999975,9634
33.2019999999975,9068
33.2019999999975,7934
33.2019999999975,7658
33.2019999999975,8392
33.2019999999975,8788
33.2489999999962,8854
33.2489999999962,9336
33.2489999999962,8536
33.2489999999962,7976
33.2489999999962,7762
33.2489999999962,8516
33.2489999999962,8838
33.2489999999962,9830
33.2489999999962,9972
33.2489999999962,10154
33.2960000000021,10446
33.2960000000021,10368
33.2960000000021,9464
33.2960000000021,8932
33.2960000000021,7370
33.2960000000021,7246
33.2960000000021,8258
33.2960000000021,9038
33.3439999999973,8854
33.3439999999973,9382
33.3439999999973,8668
33.3439999999973,7350
33.3439999999973,7400
33.3439999999973,8658
33.3439999999973,8870
33.3439999999973,9866
33.3439999999973,10008
33.3439999999973,10220
33.390999999996,10512
33.390999999996,10164
33.390999999996,9420
33.390999999996,8920
33.390999999996,7498
33.390999999996,7232
33.390999999996,8232
33.390999999996,8998
33.390999999996,8834
33.4380000000019,9122
33.4380000000019,8632
33.4380000000019,7180
33.4380000000019,7508
33.4380000000019,8576
33.4380000000019,8992
33.4380000000019,9634
33.4380000000019,10038
33.4380000000019,10198
33.4380000000019,10470
33.4850000000006,9952
33.4850000000006,9094
33.4850000000006,8510
33.4850000000006,8012
33.4850000000006,8104
33.4850000000006,8170
33.4850000000006,8914
33.4850000000006,9270
33.4850000000006,8906
33.5329999999958,8560
33.5329999999958,7068
33.5329999999958,7278
33.5329999999958,8704
33.5329999999958,9542
33.5329999999958,9818
33.5329999999958,10116
33.5329999999958,10348
33.5329999999958,10390
33.5800000000017,9736
33.5800000000017,9188
33.5800000000017,7838
33.5800000000017,7596
33.5800000000017,8362
33.5800000000017,8798
33.5800000000017,8822
33.5800000000017,9326
33.5800000000017,8700
33.627999999997,8224
33.627999999997,7736
33.627999999997,8196
33.627999999997,8802
33.627999999997,9766
33.627999999997,9938
33.627999999997,10174
33.627999999997,10470
33.627999999997,10272
33.627999999997,9430
33.6739999999991,8914
33.6739999999991,7482
33.6739999999991,7236
33.6739999999991,8304
33.6739999999991,8910
33.6739999999991,8808
33.6739999999991,9352
33.6739999999991,8448
33.6739999999991,7432
33.7220000000016,7436
33.7220000000016,8624
33.7220000000016,9270
33.7220000000016,9692
33.7220000000016,10056
33.7220000000016,10220
33.7220000000016,10480
33.7220000000016,9946
33.7220000000016,9050
33.7220000000016,8458
33.7679999999964,7916
33.7679999999964,7786
33.7679999999964,8172
33.7679999999964,8904
33.7679999999964,8808
33.7679999999964,9012
33.7679999999964,8496
33.7679999999964,6996
33.7679999999964,7364
33.8159999999989,8704
33.8159999999989,9602
33.8159999999989,9838
33.8159999999989,10086
33.8159999999989,10218
33.8159999999989,10414
33.8159999999989,9798
33.8159999999989,9260
33.8159999999989,8026
33.8629999999976,7744
33.8629999999976,8408
33.8629999999976,8674
33.8629999999976,8824
33.8629999999976,9316
33.8629999999976,8546
33.8629999999976,8002
33.8629999999976,7746
33.8629999999976,7644
33.9110000000001,8798
33.9110000000001,9706
33.9110000000001,9916
33.9110000000001,10194
33.9110000000001,10466
33.9110000000001,10378
33.9110000000001,9650
33.9110000000001,9090
33.9110000000001,7628
33.9110000000001,7416
33.9579999999987,8314
33.9579999999987,8886
33.9579999999987,8808
33.9579999999987,9342
33.9579999999987,8260
33.9579999999987,7992
33.9579999999987,7746
33.9579999999987,8468
33.9579999999987,8838
33.9579999999987,9828
34.0049999999974,9974
34.0049999999974,10184
34.0049999999974,10492
34.0049999999974,9920
34.0049999999974,9392
34.0049999999974,8884
34.0049999999974,7590
34.0049999999974,7246
34.0049999999974,8202
34.051999999996,8932
34.051999999996,8812
34.051999999996,9592
34.051999999996,8478
34.051999999996,7416
34.051999999996,7406
34.051999999996,8622
34.051999999996,9306
34.051999999996,9702
34.0999999999985,10064
34.0999999999985,10208
34.0999999999985,10472
34.0999999999985,9946
34.0999999999985,9064
34.0999999999985,8478
34.0999999999985,8012
34.0999999999985,7720
34.0999999999985,8196
34.1469999999972,8958
34.1469999999972,8844
34.1469999999972,9096
34.1469999999972,8588
34.1469999999972,7108
34.1469999999972,7282
34.1469999999972,8704
34.1469999999972,9542
34.1469999999972,9830
34.1469999999972,10148
34.1939999999959,10394
34.1939999999959,10470
34.1939999999959,9936
34.1939999999959,9266
34.1939999999959,8710
34.1939999999959,7952
34.1939999999959,7914
34.1939999999959,8216
34.1939999999959,8982
34.239999999998,8860
34.239999999998,9106
34.239999999998,8592
34.239999999998,7104
34.239999999998,7294
34.239999999998,8714
34.239999999998,9372
34.239999999998,9720
34.239999999998,10116
34.2880000000005,10290
34.2880000000005,10572
34.2880000000005,10118
34.2880000000005,9470
34.2880000000005,8936
34.2880000000005,7436
34.2880000000005,7232
34.2880000000005,8258
34.2880000000005,8982
34.3349999999991,8886
34.3349999999991,9552
34.3349999999991,8684
34.3349999999991,7344
34.3349999999991,7622
34.3349999999991,8634
34.3349999999991,8910
34.3349999999991,10010
34.3349999999991,10040
34.3349999999991,10240
34.3819999999978,10532
34.3819999999978,10070
34.3819999999978,9486
34.3819999999978,8952
34.3819999999978,7382
34.3819999999978,7252
34.3819999999978,8248
34.3819999999978,8978
34.3819999999978,8844
34.4289999999964,9342
34.4289999999964,8664
34.4289999999964,7274
34.4289999999964,7572
34.4289999999964,8572
34.4289999999964,8914
34.4289999999964,9818
34.4289999999964,10046
34.4289999999964,10234
34.4289999999964,10516
34.4759999999951,10064
34.4759999999951,9342
34.4759999999951,8814
34.4759999999951,7858
34.4759999999951,7602
34.4759999999951,8208
34.4759999999951,8946
34.4759999999951,8828
34.4759999999951,9414
34.523000000001,8608
34.523000000001,7370
34.523000000001,7382
34.523000000001,8632
34.523000000001,9398
34.523000000001,9746
34.523000000001,10100
34.523000000001,10250
34.523000000001,10518
34.5699999999997,10038
34.5699999999997,9264
34.5699999999997,8706
34.5699999999997,7956
34.5699999999997,7914
34.5699999999997,8216
34.5699999999997,9004
34.5699999999997,8870
34.5699999999997,9336
34.6180000000022,8670
34.6180000000022,7334
34.6180000000022,7376
34.6180000000022,8658
34.6180000000022,9424
34.6180000000022,9748
34.6180000000022,10106
34.6180000000022,10260
34.6180000000022,10526
34.6180000000022,10070
34.6650000000009,9336
34.6650000000009,8796
34.6650000000009,7878
34.6650000000009,7264
34.6650000000009,8260
34.6650000000009,9028
34.6650000000009,8850
34.6650000000009,9582
34.6650000000009,8556
34.7119999999995,7416
34.7119999999995,7408
34.7119999999995,8606
34.7119999999995,9322
34.7119999999995,9696
34.7119999999995,10054
34.7119999999995,10188
34.7119999999995,10446
34.7119999999995,9936
34.7589999999982,9300
34.7589999999982,8768
34.7589999999982,7858
34.7589999999982,7684
34.7589999999982,8202
34.7589999999982,8958
34.7589999999982,8868
34.7589999999982,9068
34.7589999999982,8612
34.8070000000007,7146
34.8070000000007,7298
34.8070000000007,8678
34.8070000000007,9500
34.8070000000007,9598
34.8070000000007,10070
34.8070000000007,10256
34.8070000000007,10542
34.8070000000007,10086
34.8070000000007,9412
34.8539999999994,8900
34.8539999999994,7596
34.8539999999994,7238
34.8539999999994,8224
34.8539999999994,8910
34.8539999999994,8868
34.8539999999994,9122
34.8539999999994,8654
34.8539999999994,7218
34.900999999998,7324
34.900999999998,8582
34.900999999998,8950
34.900999999998,9772
34.900999999998,10080
34.900999999998,10280
34.900999999998,10526
34.900999999998,10066
34.900999999998,9578
34.900999999998,9014
34.9490000000005,7478
34.9490000000005,7308
34.9490000000005,8288
34.9490000000005,8994
34.9490000000005,8870
34.9490000000005,9394
34.9490000000005,8326
34.9490000000005,8032
34.9490000000005,7816
34.9959999999992,8412
34.9959999999992,8878
34.9959999999992,9850
34.9959999999992,9968
34.9959999999992,10250
34.9959999999992,10528
34.9959999999992,10420
34.9959999999992,9664
34.9959999999992,9122
35.0429999999978,7678
35.0429999999978,7468
35.0429999999978,8350
35.0429999999978,8904
35.0429999999978,8890
35.0429999999978,9342
35.0429999999978,8722
35.0429999999978,8254
35.0429999999978,7716
35.0429999999978,8166
35.0899999999965,8824
35.0899999999965,9772
35.0899999999965,9948
35.0899999999965,10218
35.0899999999965,10490
35.0899999999965,10418
35.0899999999965,9656
35.0899999999965,9096
35.0899999999965,7622
35.137999999999,7726
35.137999999999,8422
35.137999999999,8710
35.137999999999,8900
35.137999999999,9368
35.137999999999,8700
35.137999999999,8224
35.137999999999,7734
35.137999999999,8238
35.137999999999,8844
35.1849999999977,9788
35.1849999999977,9964
35.1849999999977,10224
35.1849999999977,10486
35.1849999999977,10410
35.1849999999977,9660
35.1849999999977,9274
35.1849999999977,8008
35.1849999999977,7734
35.2319999999963,8424
35.2319999999963,8706
35.2319999999963,8896
35.2319999999963,9362
35.2319999999963,8716
35.2319999999963,8248
35.2319999999963,7736
35.2319999999963,8206
35.2319999999963,8768
35.2790000000023,9680
35.2790000000023,9900
35.2790000000023,10194
35.2790000000023,10332
35.2790000000023,10460
35.2790000000023,9864
35.2790000000023,9212
35.2790000000023,8160
35.2790000000023,7826
35.3269999999975,8326
35.3269999999975,8588
35.3269999999975,8914
35.3269999999975,9384
35.3269999999975,8818
35.3269999999975,8388
35.3269999999975,7026
35.3269999999975,7328
35.3269999999975,8730
35.3269999999975,9640
35.3739999999962,9870
35.3739999999962,10188
35.3739999999962,10338
35.3739999999962,10502
35.3739999999962,9968
35.3739999999962,9070
35.3739999999962,8470
35.3739999999962,7992
35.3739999999962,8110
35.4219999999987,8202
35.4219999999987,8978
35.4219999999987,8894
35.4219999999987,9070
35.4219999999987,8634
35.4219999999987,7174
35.4219999999987,7294
35.4219999999987,8680
35.4219999999987,9496
35.4219999999987,9810
35.4689999999973,10128
35.4689999999973,10246
35.4689999999973,10496
35.4689999999973,9988
35.4689999999973,9202
35.4689999999973,8648
35.4689999999973,7950
35.4689999999973,7232
35.515999999996,8242
35.515999999996,8968
35.515999999996,8878
35.515999999996,9506
35.515999999996,8680
35.515999999996,7372
35.515999999996,7400
35.515999999996,8638
35.515999999996,9368
35.515999999996,9674
35.5630000000019,10030
35.5630000000019,10246
35.5630000000019,10500
35.5630000000019,10328
35.5630000000019,9588
35.5630000000019,9024
35.5630000000019,7508
35.5630000000019,7328
35.5630000000019,8306
35.6100000000006,8966
35.6100000000006,8868
35.6100000000006,9376
35.6100000000006,8300
35.6100000000006,7638
35.6100000000006,7520
35.6100000000006,8412
35.6100000000006,8868
35.6100000000006,9830
35.6100000000006,9988
35.6569999999992,10240
35.6569999999992,10522
35.6569999999992,10414
35.6569999999992,9706
35.6569999999992,9136
35.6569999999992,7720
35.6569999999992,7504
35.6569999999992,8346
35.6569999999992,8868
35.6569999999992,8854
35.7050000000017,9326
35.7050000000017,8434
35.7050000000017,7822
35.7050000000017,7678
35.7050000000017,8182
35.7050000000017,8828
35.7050000000017,9772
35.7050000000017,9952
35.7520000000004,10208
35.7520000000004,10500
35.7520000000004,10378
35.7520000000004,9620
35.7520000000004,9058
35.7520000000004,7570
35.7520000000004,7372
35.7520000000004,8316
35.7520000000004,8930
35.7520000000004,8850
35.7989999999991,9346
35.7989999999991,8622
35.7989999999991,8098
35.7989999999991,7782
35.7989999999991,8408
35.7989999999991,8850
35.7989999999991,9818
35.7989999999991,9984
35.7989999999991,10244
35.8459999999977,10526
35.8459999999977,10404
35.8459999999977,9684
35.8459999999977,9100
35.8459999999977,7654
35.8459999999977,7442
35.8459999999977,8412
35.8459999999977,8680
35.8459999999977,8910
35.8459999999977,9346
35.8929999999964,8732
35.8929999999964,8274
35.8929999999964,7720
35.8929999999964,8074
35.8929999999964,8828
35.8929999999964,9762
35.8929999999964,9956
35.8929999999964,10236
35.8929999999964,10446
35.9409999999989,10430
35.9409999999989,9784
35.9409999999989,9022
35.9409999999989,8304
35.9409999999989,7924
35.9409999999989,8232
35.9409999999989,8300
35.9409999999989,8894
35.9409999999989,9266
35.9890000000014,8814
35.9890000000014,8386
35.9890000000014,7648
35.9890000000014,7652
35.9890000000014,8788
35.9890000000014,9716
35.9890000000014,9864
35.9890000000014,10168
35.9890000000014,10246
36.0360000000001,10440
36.0360000000001,9846
36.0360000000001,9244
36.0360000000001,8126
36.0360000000001,7812
36.0360000000001,8342
36.0360000000001,8598
36.0360000000001,8878
36.0360000000001,9358
36.0360000000001,8726
36.0829999999987,8264
36.0829999999987,7710
36.0829999999987,7694
36.0829999999987,8760
36.0829999999987,9664
36.0829999999987,9882
36.0829999999987,10182
36.0829999999987,10338
36.0829999999987,10426
36.1299999999974,9810
36.1299999999974,9264
36.1299999999974,8052
36.1299999999974,7760
36.1299999999974,8376
36.1299999999974,8654
36.1299999999974,8858
36.1299999999974,9330
36.1299999999974,8870
36.1299999999974,8442
36.176999999996,7494
36.176999999996,7826
36.176999999996,8740
36.176999999996,9676
36.176999999996,9886
36.176999999996,10164
36.176999999996,10456
36.176999999996,10384
36.176999999996,9696
36.2249999999985,9140
36.2249999999985,7720
36.2249999999985,7500
36.2249999999985,8352
36.2249999999985,8608
36.2249999999985,8884
36.2249999999985,9366
36.2249999999985,8730
36.2249999999985,8274
36.2719999999972,7710
36.2719999999972,8080
36.2719999999972,8822
36.2719999999972,9762
36.2719999999972,9956
36.2719999999972,10210
36.2719999999972,10482
36.2719999999972,10390
36.2719999999972,9674
36.3189999999959,9110
36.3189999999959,7672
36.3189999999959,7762
36.3189999999959,8396
36.3189999999959,8648
36.3189999999959,8844
36.3189999999959,9316
36.3189999999959,8598
36.3189999999959,8078
36.3189999999959,7780
36.3660000000018,8398
36.3660000000018,8844
36.3660000000018,9824
36.3660000000018,9978
36.3660000000018,10172
36.3660000000018,10466
36.3660000000018,10364
36.3660000000018,9614
36.3660000000018,9054
36.3660000000018,7560
36.4130000000005,7364
36.4130000000005,8304
36.4130000000005,8920
36.4130000000005,8812
36.4130000000005,9352
36.4130000000005,8350
36.4130000000005,7462
36.4130000000005,7426
36.4130000000005,8530
36.4599999999991,8868
36.4599999999991,9846
36.4599999999991,10000
36.4599999999991,10210
36.4599999999991,10512
36.4599999999991,10070
36.4599999999991,9392
36.4599999999991,8874
36.4599999999991,7658
36.5080000000016,7288
36.5080000000016,8206
36.5080000000016,8922
36.5080000000016,8844
36.5080000000016,8988
36.5080000000016,8602
36.5080000000016,7130
36.5080000000016,7432
36.5080000000016,8612
36.5550000000003,9194
36.5550000000003,9574
36.5550000000003,10080
36.5550000000003,10244
36.5550000000003,10506
36.5550000000003,10040
36.5550000000003,9296
36.5550000000003,8742
36.5550000000003,7916
36.5550000000003,7786
36.6029999999955,8198
36.6029999999955,8958
36.6029999999955,8844
36.6029999999955,9414
36.6029999999955,8658
36.6029999999955,7370
36.6029999999955,7400
36.6029999999955,8644
36.6029999999955,9362
36.6489999999976,9692
36.6489999999976,10092
36.6489999999976,10250
36.6489999999976,10500
36.6489999999976,10034
36.6489999999976,9264
36.6489999999976,8716
36.6489999999976,7934
36.6489999999976,7848
36.6970000000001,8242
36.6970000000001,8992
36.6970000000001,8838
36.6970000000001,9316
36.6970000000001,8664
36.6970000000001,7294
36.6970000000001,7340
36.6970000000001,8644
36.6970000000001,9424
36.7439999999988,9752
36.7439999999988,10092
36.7439999999988,10236
36.7439999999988,10486
36.7439999999988,9998
36.7439999999988,9188
36.7439999999988,8638
36.7439999999988,7544
36.7439999999988,7236
36.7439999999988,8224
36.7920000000013,8940
36.7920000000013,8854
36.7920000000013,9234
36.7920000000013,8658
36.7920000000013,7242
36.7920000000013,7344
36.7920000000013,8684
36.7920000000013,9440
36.7920000000013,9774
36.8379999999961,10046
36.8379999999961,10234
36.8379999999961,10522
36.8379999999961,10070
36.8379999999961,9412
36.8379999999961,8904
36.8379999999961,7586
36.8379999999961,7232
36.8379999999961,8222
36.8379999999961,8936
36.8859999999986,8858
36.8859999999986,9064
36.8859999999986,8648
36.8859999999986,7218
36.8859999999986,7334
36.8859999999986,8568
36.8859999999986,8896
36.8859999999986,9676
36.8859999999986,10046
36.9329999999973,10224
36.9329999999973,10516
36.9329999999973,10056
36.9329999999973,9330
36.9329999999973,8782
36.9329999999973,7862
36.9329999999973,7596
36.9329999999973,8212
36.9329999999973,8958
36.9799999999959,8848
36.9799999999959,9074
36.9799999999959,8572
36.9799999999959,7094
36.9799999999959,7416
36.9799999999959,8648
36.9799999999959,9332
36.9799999999959,9702
36.9799999999959,10090
37.0279999999984,10244
37.0279999999984,10516
37.0279999999984,10050
37.0279999999984,9290
37.0279999999984,8730
37.0279999999984,7936
37.0279999999984,7858
37.0279999999984,8186
37.0279999999984,8946
37.0279999999984,8808
37.0749999999971,9050
37.0749999999971,8650
37.0749999999971,7246
37.0749999999971,7330
37.0749999999971,8658
37.0749999999971,9424
37.0749999999971,9768
37.0749999999971,10076
37.0749999999971,10318
37.0749999999971,10420
37.1219999999958,9846
37.1219999999958,9176
37.1219999999958,8152
37.1219999999958,7834
37.1219999999958,8330
37.1219999999958,8568
37.1219999999958,8922
37.1219999999958,9244
37.1219999999958,8962
37.1690000000017,8488
37.1690000000017,7190
37.1690000000017,7790
37.1690000000017,8760
37.1690000000017,9650
37.1690000000017,9874
37.1690000000017,10164
37.1690000000017,10414
37.1690000000017,10414
37.2169999999969,9768
37.2169999999969,9224
37.2169999999969,7908
37.2169999999969,7658
37.2169999999969,8232
37.2169999999969,8304
37.2169999999969,8878
37.2169999999969,9346
37.2169999999969,8776
37.2639999999956,8350
37.2639999999956,7668
37.2639999999956,7782
37.2639999999956,8782
37.2639999999956,9692
37.2639999999956,9912
37.2639999999956,10168
37.2639999999956,10476
37.2639999999956,10100
37.2639999999956,9546
37.3110000000015,9156
37.3110000000015,7770
37.3110000000015,7540
37.3110000000015,8334
37.3110000000015,8804
37.3110000000015,8802
37.3110000000015,9306
37.3110000000015,8316
37.3110000000015,7668
37.3589999999967,7540
37.3589999999967,8550
37.3589999999967,8850
37.3589999999967,9762
37.3589999999967,9938
37.3589999999967,10154
37.3589999999967,10472
37.3589999999967,10044
37.3589999999967,9362
37.4059999999954,8850
37.4059999999954,7710
37.4059999999954,7292
37.4059999999954,8224
37.4059999999954,8932
37.4059999999954,8858
37.4059999999954,9040
37.4059999999954,8628
37.4059999999954,7176
37.4530000000013,7310
37.4530000000013,8582
37.4530000000013,8992
37.4530000000013,9660
37.4530000000013,10082
37.4530000000013,10280
37.4530000000013,10564
37.4530000000013,10046
37.4530000000013,9552
37.4530000000013,8994
37.5,7448
37.5,7284
37.5,8270
37.5,9014
37.5,8832
37.5,9294
37.5,8638
37.5,7354
37.5,7616
37.5469999999987,8642
37.5469999999987,8896
37.5469999999987,9828
37.5469999999987,10040
37.5469999999987,10256
37.5469999999987,10538
37.5469999999987,9998
37.5469999999987,9574
37.5469999999987,9008
37.5469999999987,7482
37.5939999999973,7310
37.5939999999973,8274
37.5939999999973,8972
37.5939999999973,8808
37.5939999999973,9336
37.5939999999973,8388
37.5939999999973,7756
37.5939999999973,7586
37.5939999999973,8578
37.640999999996,8886
37.640999999996,10164
37.640999999996,10034
37.640999999996,10204
37.640999999996,10486
37.640999999996,10028
37.640999999996,9258
37.640999999996,8716
37.640999999996,7936
37.6880000000019,7888
37.6880000000019,8186
37.6880000000019,8946
37.6880000000019,8828
37.6880000000019,9234
37.6880000000019,8654
37.6880000000019,7232
37.6880000000019,7308
37.6880000000019,8642
37.7359999999971,9448
37.7359999999971,9784
37.7359999999971,10106
37.7359999999971,10246
37.7359999999971,10466
37.7359999999971,9926
37.7359999999971,9008
37.7359999999971,8422
37.7359999999971,8012
37.7359999999971,7854
37.7829999999958,8192
37.7829999999958,8942
37.7829999999958,8804
37.7829999999958,9044
37.7829999999958,8524
37.7829999999958,7022
37.7829999999958,7254
37.7829999999958,8700
37.7829999999958,9588
37.8289999999979,9840
37.8289999999979,10142
37.8289999999979,10388
37.8289999999979,10426
37.8289999999979,9808
37.8289999999979,9264
37.8289999999979,8406
37.8289999999979,8002
37.8289999999979,8162
37.8289999999979,8146
37.8759999999966,8878
37.8759999999966,9320
37.8759999999966,8824
37.8759999999966,8406
37.8759999999966,7618
37.8759999999966,7710
37.8759999999966,8786
37.8759999999966,9674
37.9239999999991,9850
37.9239999999991,10158
37.9239999999991,10372
37.9239999999991,10430
37.9239999999991,9834
37.9239999999991,9244
37.9239999999991,8090
37.9239999999991,7790
37.9239999999991,8350
37.9239999999991,8602
37.9709999999977,8878
37.9709999999977,9348
37.9709999999977,8696
37.9709999999977,8228
37.9709999999977,7716
37.9709999999977,8202
37.9709999999977,8750
37.9709999999977,9674
37.9709999999977,9876
38.0179999999964,10178
38.0179999999964,10424
38.0179999999964,10414
38.0179999999964,9782
38.0179999999964,9238
38.0179999999964,7934
38.0179999999964,7662
38.0179999999964,8402
38.0179999999964,8768
38.0179999999964,8868
38.0649999999951,9336
38.0649999999951,8566
38.0649999999951,8396
38.0649999999951,7652
38.0649999999951,7776
38.0649999999951,8788
38.0649999999951,9676
38.0649999999951,9920
38.0649999999951,10192
38.112000000001,10446
38.112000000001,10424
38.112000000001,9664
38.112000000001,9106
38.112000000001,7644
38.112000000001,7428
38.112000000001,8330
38.112000000001,8900
38.112000000001,8874
38.1589999999997,9342
38.1589999999997,8632
38.1589999999997,8130
38.1589999999997,7766
38.1589999999997,8360
38.1589999999997,8832
38.1589999999997,9808
38.1589999999997,9952
38.1589999999997,10168
38.2070000000022,10486
38.2070000000022,10046
38.2070000000022,9336
38.2070000000022,8822
38.2070000000022,7844
38.2070000000022,7292
38.2070000000022,8278
38.2070000000022,9008
38.2070000000022,8840
38.2070000000022,9404
38.2540000000008,8568
38.2540000000008,7402
38.2540000000008,7392
38.2540000000008,8622
38.2540000000008,9348
38.2540000000008,9712
38.2540000000008,10082
38.2540000000008,10228
38.2540000000008,10482
38.3009999999995,9982
38.3009999999995,9368
38.3009999999995,8850
38.3009999999995,7780
38.3009999999995,7320
38.3009999999995,8224
38.3009999999995,8958
38.3009999999995,8854
38.3009999999995,9058
38.3009999999995,8608
38.3479999999981,7140
38.3479999999981,7292
38.3479999999981,8710
38.3479999999981,9094
38.3479999999981,9696
38.3479999999981,10092
38.3479999999981,10260
38.3479999999981,10552
38.3479999999981,10090
38.3960000000006,9434
38.3960000000006,8916
38.3960000000006,7530
38.3960000000006,7252
38.3960000000006,8232
38.3960000000006,8896
38.3960000000006,8844
38.3960000000006,9080
38.3960000000006,8638
38.4429999999993,7196
38.4429999999993,7490
38.4429999999993,8536
38.4429999999993,8942
38.4429999999993,9726
38.4429999999993,10060
38.4429999999993,10228
38.4429999999993,10506
38.4429999999993,10044
38.4429999999993,9306
38.489999999998,8760
38.489999999998,7880
38.489999999998,7590
38.489999999998,8212
38.489999999998,8966
38.489999999998,8844
38.489999999998,9080
38.489999999998,8596
38.489999999998,7380
38.5369999999966,7386
38.5369999999966,8618
38.5369999999966,9336
38.5369999999966,9720
38.5369999999966,10074
38.5369999999966,10234
38.5369999999966,10486
38.5369999999966,10014
38.5369999999966,9224
38.5369999999966,8674
38.5849999999991,7952
38.5849999999991,7926
38.5849999999991,8196
38.5849999999991,8962
38.5849999999991,8850
38.5849999999991,9280
38.5849999999991,8664
38.5849999999991,7272
38.6319999999978,7336
38.6319999999978,8664
38.6319999999978,9444
38.6319999999978,9768
38.6319999999978,10126
38.6319999999978,10286
38.6319999999978,10544
38.6319999999978,10106
38.6319999999978,9420
38.6319999999978,8900
38.6789999999964,7586
38.6789999999964,7354
38.6789999999964,8304
38.6789999999964,8946
38.6789999999964,8840
38.6789999999964,9378
38.6789999999964,8304
38.6789999999964,7546
38.6789999999964,7488
38.726999999999,8578
38.726999999999,8978
38.726999999999,9716
38.726999999999,10076
38.726999999999,10246
38.726999999999,10536
38.726999999999,10076
38.726999999999,9392
38.726999999999,9034
38.726999999999,7514
38.773000000001,7336
38.773000000001,8290
38.773000000001,8942
38.773000000001,8832
38.773000000001,9378
38.773000000001,8406
38.773000000001,7462
38.773000000001,7432
38.773000000001,8596
38.8209999999963,9202
38.8209999999963,9648
38.8209999999963,9998
38.8209999999963,10198
38.8209999999963,10506
38.8209999999963,10056
38.8209999999963,9356
38.8209999999963,8822
38.8209999999963,7816
38.8680000000022,7390
38.8680000000022,8218
38.8680000000022,8950
38.8680000000022,8860
38.8680000000022,9068
38.8680000000022,8608
38.8680000000022,7136
38.8680000000022,7264
38.8680000000022,8598
38.9159999999974,9178
38.9159999999974,9512
38.9159999999974,10074
38.9159999999974,10230
38.9159999999974,10496
38.9159999999974,10030
38.9159999999974,9260
38.9159999999974,8706
38.9159999999974,7950
38.9159999999974,7818
38.9629999999961,8202
38.9629999999961,8966
38.9629999999961,8844
38.9629999999961,9086
38.9629999999961,8560
38.9629999999961,7062
38.9629999999961,7354
38.9629999999961,8638
38.9629999999961,9412
39.010000000002,9748
39.010000000002,10096
39.010000000002,10244
39.010000000002,10486
39.010000000002,9998
39.010000000002,9176
39.010000000002,8622
39.010000000002,7972
39.010000000002,8006
39.010000000002,8188
39.0570000000007,8946
39.0570000000007,8976
39.0570000000007,9172
39.0570000000007,8650
39.0570000000007,7212
39.0570000000007,7300
39.0570000000007,8642
39.0570000000007,9444
39.0570000000007,9774
39.1049999999959,10122
39.1049999999959,10266
39.1049999999959,10506
39.1049999999959,9998
39.1049999999959,9156
39.1049999999959,8542
39.1049999999959,7980
39.1049999999959,8058
39.1049999999959,8218
39.1520000000019,8932
39.1520000000019,8850
39.1520000000019,9032
39.1520000000019,8606
39.1520000000019,7144
39.1520000000019,7274
39.1520000000019,8674
39.1520000000019,9494
39.1520000000019,9818
39.1520000000019,10138
39.1990000000005,10290
39.1990000000005,10518
39.1990000000005,10038
39.1990000000005,9264
39.1990000000005,8704
39.1990000000005,7944
39.1990000000005,7252
39.1990000000005,8252
39.1990000000005,8988
39.2459999999992,8840
39.2459999999992,9388
39.2459999999992,8670
39.2459999999992,7288
39.2459999999992,7354
39.2459999999992,8654
39.2459999999992,9420
39.2459999999992,9756
39.2459999999992,10082
39.2459999999992,10236
39.2929999999978,10472
39.2929999999978,9952
39.2929999999978,9322
39.2929999999978,8776
39.2929999999978,7872
39.2929999999978,7576
39.2929999999978,8206
39.2929999999978,8956
39.3410000000003,8850
39.3410000000003,9096
39.3410000000003,8588
39.3410000000003,7104
39.3410000000003,7284
39.3410000000003,8686
39.3410000000003,9526
39.3410000000003,9690
39.3410000000003,10056
39.3410000000003,10208
39.387999999999,10460
39.387999999999,9942
39.387999999999,9060
39.387999999999,8478
39.387999999999,8002
39.387999999999,8106
39.387999999999,8180
39.387999999999,8916
39.387999999999,9270
39.4349999999977,8932
39.4349999999977,8470
39.4349999999977,7346
39.4349999999977,7278
39.4349999999977,8696
39.4349999999977,9546
39.4349999999977,9824
39.4349999999977,10132
39.4349999999977,10328
39.4349999999977,10436
39.4830000000002,9864
39.4830000000002,9126
39.4830000000002,8202
39.4830000000002,7872
39.4830000000002,8288
39.4830000000002,8532
39.4830000000002,8900
39.4830000000002,9382
39.4830000000002,8792
39.5299999999988,8506
39.5299999999988,7026
39.5299999999988,7526
39.5299999999988,8732
39.5299999999988,9624
39.5299999999988,9844
39.5299999999988,10136
39.5299999999988,10404
39.5299999999988,10374
39.5760000000009,9684
39.5760000000009,9136
39.5760000000009,7726
39.5760000000009,7490
39.5760000000009,8352
39.5760000000009,8868
39.5760000000009,8904
39.5760000000009,9384
39.5760000000009,8772
39.6239999999962,8316
39.6239999999962,7710
39.6239999999962,7962
39.6239999999962,8808
39.6239999999962,9710
39.6239999999962,9920
39.6239999999962,10192
39.6239999999962,10518
39.6239999999962,10444
39.6239999999962,9686
39.6710000000021,9100
39.6710000000021,7664
39.6710000000021,7432
39.6710000000021,8388
39.6710000000021,8654
39.6710000000021,8878
39.6710000000021,9352
39.6710000000021,8690
39.6710000000021,8222
39.7189999999973,7716
39.7189999999973,8212
39.7189999999973,8812
39.7189999999973,9736
39.7189999999973,9926
39.7189999999973,10178
39.7189999999973,10476
39.7189999999973,10142
39.7189999999973,9562
39.7189999999973,9172
39.7649999999994,7798
39.7649999999994,7550
39.7649999999994,8356
39.7649999999994,8834
39.7649999999994,8880
39.7649999999994,9358
39.7649999999994,8572
39.7649999999994,8026
39.7649999999994,7802
39.8130000000019,8464
39.8130000000019,8858
39.8130000000019,9670
39.8130000000019,9906
39.8130000000019,10182
39.8130000000019,10466
39.8130000000019,10384
39.8130000000019,9670
39.8130000000019,9116
39.8600000000006,7672
39.8600000000006,7446
39.8600000000006,8356
39.8600000000006,8904
39.8600000000006,8904
39.8600000000006,9384
39.8600000000006,8542
39.8600000000006,7960
39.8600000000006,7762
39.9069999999992,7838
39.9069999999992,8818
39.9069999999992,9686
39.9069999999992,9928
39.9069999999992,10204
39.9069999999992,10502
39.9069999999992,10418
39.9069999999992,9752
39.9069999999992,9198
39.9069999999992,7852
39.9550000000017,7608
39.9550000000017,8378
39.9550000000017,8828
39.9550000000017,8900
39.9550000000017,9372
39.9550000000017,8632
39.9550000000017,8454
39.9550000000017,7622
39.9550000000017,7806
39.9550000000017,8802
40.002999999997,9692
40.002999999997,9906
40.002999999997,10198
40.002999999997,10450
40.002999999997,10420
40.002999999997,9778
40.002999999997,9238
40.002999999997,7924
40.0499999999956,7668
40.0499999999956,8414
40.0499999999956,8798
40.0499999999956,8914
40.0499999999956,9358
40.0499999999956,8946
40.0499999999956,8496
40.0499999999956,7370
40.0499999999956,7842
40.0499999999956,8778
40.0970000000016,9700
40.0970000000016,9906
40.0970000000016,10210
40.0970000000016,10404
40.0970000000016,10472
40.0970000000016,9902
40.0970000000016,8988
40.0970000000016,8316
40.0970000000016,7944
40.1440000000002,7980
40.1440000000002,8218
40.1440000000002,8978
40.1440000000002,8854
40.1440000000002,9094
40.1440000000002,8586
40.1440000000002,7084
40.1440000000002,7262
40.1440000000002,8700
40.1440000000002,9568
40.1919999999955,9840
40.1919999999955,10162
40.1919999999955,10292
40.1919999999955,10512
40.1919999999955,9998
40.1919999999955,9404
40.1919999999955,8880
40.1919999999955,7638
40.1919999999955,7252
40.2379999999976,8232
40.2379999999976,8890
40.2379999999976,8840
40.2379999999976,9044
40.2379999999976,8614
40.2379999999976,7150
40.2379999999976,7264
40.2379999999976,8642
40.2379999999976,9516
40.2860000000001,9648
40.2860000000001,10066
40.2860000000001,10240
40.2860000000001,10516
40.2860000000001,10096
40.2860000000001,9384
40.2860000000001,8864
40.2860000000001,7644
40.2860000000001,7264
40.3329999999987,8196
40.3329999999987,8896
40.3329999999987,8818
40.3329999999987,9034
40.3329999999987,8588
40.3329999999987,7108
40.3329999999987,7268
40.3329999999987,8592
40.3329999999987,9260
40.3329999999987,9644
40.3799999999974,10050
40.3799999999974,10198
40.3799999999974,10454
40.3799999999974,9946
40.3799999999974,9074
40.3799999999974,8494
40.3799999999974,7996
40.3799999999974,8084
40.3799999999974,8160
40.4279999999999,8900
40.4279999999999,9266
40.4279999999999,8896
40.4279999999999,8550
40.4279999999999,7058
40.4279999999999,7252
40.4279999999999,8684
40.4279999999999,9556
40.4279999999999,9814
40.4279999999999,10118
40.474000000002,10384
40.474000000002,10404
40.474000000002,9788
40.474000000002,9254
40.474000000002,7986
40.474000000002,7726
40.474000000002,8406
40.474000000002,8720
40.474000000002,8844
40.5219999999972,9316
40.5219999999972,8812
40.5219999999972,8396
40.5219999999972,7636
40.5219999999972,7678
40.5219999999972,8776
40.5219999999972,9674
40.5219999999972,9896
40.5219999999972,10154
40.5689999999959,10444
40.5689999999959,10044
40.5689999999959,9512
40.5689999999959,8968
40.5689999999959,7428
40.5689999999959,7288
40.5689999999959,8346
40.5689999999959,8848
40.5689999999959,8834
40.5689999999959,9348
40.6160000000018,8402
40.6160000000018,7754
40.6160000000018,7602
40.6160000000018,8612
40.6160000000018,8896
40.6160000000018,9958
40.6160000000018,10020
40.6160000000018,10210
40.6160000000018,10496
40.6630000000005,10038
40.6630000000005,9294
40.6630000000005,8742
40.6630000000005,7908
40.6630000000005,7278
40.6630000000005,8258
40.6630000000005,9014
40.6630000000005,8828
40.6630000000005,9330
40.6630000000005,8650
40.7109999999957,7318
40.7109999999957,7360
40.7109999999957,8632
40.7109999999957,9412
40.7109999999957,9756
40.7109999999957,10096
40.7109999999957,10250
40.7109999999957,10528
40.7580000000016,10086
40.7580000000016,9424
40.7580000000016,8906
40.7580000000016,7508
40.7580000000016,7232
40.7580000000016,8208
40.7580000000016,8890
40.7580000000016,8822
40.7580000000016,9028
40.7580000000016,8588
40.8059999999969,7124
40.8059999999969,7272
40.8059999999969,8664
40.8059999999969,9188
40.8059999999969,9594
40.8059999999969,10050
40.8059999999969,10198
40.8059999999969,10462
40.8059999999969,9974
40.8059999999969,9152
40.8529999999955,8582
40.8529999999955,7960
40.8529999999955,8018
40.8529999999955,8188
40.8529999999955,8940
40.8529999999955,9028
40.8529999999955,9034
40.8529999999955,8520
40.8529999999955,7022
40.900999999998,7330
40.900999999998,8660
40.900999999998,9428
40.900999999998,9778
40.900999999998,10092
40.900999999998,10244
40.900999999998,10460
40.900999999998,9926
40.900999999998,9022
40.900999999998,8428
40.9479999999967,7996
40.9479999999967,8134
40.9479999999967,8172
40.9479999999967,8914
40.9479999999967,9286
40.9479999999967,9080
40.9479999999967,8568
40.9479999999967,7074
40.9969999999958,7284
40.9969999999958,8686
40.9969999999958,9538
40.9969999999958,9810
40.9969999999958,10112
40.9969999999958,10342
40.9969999999958,10410
40.9969999999958,9808
40.9969999999958,9264
40.9969999999958,8026
41.0420000000013,7750
41.0420000000013,8422
41.0420000000013,8180
41.0420000000013,8922
41.0420000000013,9306
41.0420000000013,8914
41.0420000000013,8470
41.0420000000013,7554
41.0420000000013,7782
41.0889999999999,8768
41.0889999999999,9680
41.0889999999999,9876
41.0889999999999,10162
41.0889999999999,10436
41.0889999999999,10378
41.0889999999999,9666
41.0889999999999,9112
41.0889999999999,7680
41.0889999999999,7790
41.1359999999986,8388
41.1359999999986,8634
41.1359999999986,8864
41.1359999999986,9342
41.1359999999986,8668
41.1359999999986,8170
41.1359999999986,7736
41.1359999999986,8290
41.1359999999986,8814
41.1840000000011,9784
41.1840000000011,9942
41.1840000000011,10154
41.1840000000011,10404
41.1840000000011,10372
41.1840000000011,9594
41.1840000000011,9034
41.1840000000011,7536
41.1840000000011,7344
41.2299999999959,8306
41.2299999999959,8932
41.2299999999959,8834
41.2299999999959,9362
41.2299999999959,8300
41.2299999999959,7520
41.2299999999959,7488
41.2299999999959,8576
41.2299999999959,8860
41.2770000000019,9828
41.2770000000019,9978
41.2770000000019,10198
41.2770000000019,10500
41.2770000000019,10066
41.2770000000019,9434
41.2770000000019,8920
41.2770000000019,7596
41.2770000000019,7238
41.2770000000019,8228
41.3249999999971,8920
41.3249999999971,8818
41.3249999999971,9008
41.3249999999971,8624
41.3249999999971,7176
41.3249999999971,7478
41.3249999999971,8530
41.3249999999971,9060
41.3249999999971,9702
41.3719999999958,10030
41.3719999999958,10194
41.3719999999958,10454
41.3719999999958,9972
41.3719999999958,9142
41.3719999999958,8578
41.3719999999958,7960
41.3719999999958,8006
41.3719999999958,8170
41.3719999999958,8920
41.4190000000017,9110
41.4190000000017,9050
41.4190000000017,8618
41.4190000000017,7156
41.4190000000017,7284
41.4190000000017,8650
41.4190000000017,9458
41.4190000000017,9794
41.4190000000017,10112
41.4660000000003,10256
41.4660000000003,10460
41.4660000000003,9922
41.4660000000003,9012
41.4660000000003,8422
41.4660000000003,8006
41.4660000000003,8142
41.4660000000003,8182
41.4660000000003,8950
41.5139999999956,8808
41.5139999999956,9060
41.5139999999956,8546
41.5139999999956,7046
41.5139999999956,7262
41.5139999999956,8694
41.5139999999956,9566
41.5139999999956,9828
41.5139999999956,10142
41.5599999999977,10300
41.5599999999977,10444
41.5599999999977,9874
41.5599999999977,9058
41.5599999999977,8238
41.5599999999977,7982
41.5599999999977,8022
41.5599999999977,8192
41.5599999999977,8946
41.5599999999977,9044
41.6080000000002,9022
41.6080000000002,8520
41.6080000000002,7010
41.6080000000002,7392
41.6080000000002,8720
41.6080000000002,9612
41.6080000000002,9850
41.6080000000002,10100
41.6080000000002,10224
41.6549999999988,10434
41.6549999999988,9880
41.6549999999988,8976
41.6549999999988,8290
41.6549999999988,7930
41.6549999999988,8234
41.6549999999988,8310
41.6549999999988,8890
41.6549999999988,9352
41.7019999999975,8818
41.7019999999975,8402
41.7019999999975,7662
41.7019999999975,7678
41.7019999999975,8726
41.7019999999975,9614
41.7019999999975,9854
41.7019999999975,10148
41.7019999999975,10398
41.7489999999962,10410
41.7489999999962,9788
41.7489999999962,9248
41.7489999999962,7986
41.7489999999962,7726
41.7489999999962,8422
41.7489999999962,8732
41.7489999999962,8864
41.7489999999962,9336
41.7489999999962,8614
41.7969999999987,8114
41.7969999999987,7776
41.7969999999987,7782
41.7969999999987,8782
41.7969999999987,9680
41.7969999999987,9892
41.7969999999987,10172
41.7969999999987,10476
41.7969999999987,10388
41.8439999999973,9722
41.8439999999973,9166
41.8439999999973,7770
41.8439999999973,7546
41.8439999999973,8360
41.8439999999973,8834
41.8439999999973,8854
41.8439999999973,9348
41.8439999999973,8740
41.8439999999973,8284
41.890999999996,7708
41.890999999996,7996
41.890999999996,8792
41.890999999996,9716
41.890999999996,9916
41.890999999996,10172
41.890999999996,10460
41.890999999996,10112
41.890999999996,9542
41.9380000000019,8988
41.9380000000019,7446
41.9380000000019,7298
41.9380000000019,8352
41.9380000000019,8818
41.9380000000019,8858
41.9380000000019,9352
41.9380000000019,8516
41.9380000000019,7950
41.9850000000006,7760
41.9850000000006,8504
41.9850000000006,8854
41.9850000000006,9818
41.9850000000006,9978
41.9850000000006,10192
41.9850000000006,10434
41.9850000000006,10384
41.9850000000006,9604
41.9850000000006,9050
42.0329999999958,7562
42.0329999999958,7366
42.0329999999958,8316
42.0329999999958,8922
42.0329999999958,8840
42.0329999999958,9368
42.0329999999958,8294
42.0329999999958,7626
42.0329999999958,7530
42.0789999999979,8556
42.0789999999979,8848
42.0789999999979,9828
42.0789999999979,9964
42.0789999999979,10184
42.0789999999979,10490
42.0789999999979,10038
42.0789999999979,9460
42.0789999999979,8930
42.1270000000004,7454
42.1270000000004,7268
42.1270000000004,8224
42.1270000000004,8926
42.1270000000004,8804
42.1270000000004,9120
42.1270000000004,8618
42.1270000000004,7170
42.1270000000004,7474
42.1270000000004,8542
42.1739999999991,9050
42.1739999999991,9556
42.1739999999991,10044
42.1739999999991,10204
42.1739999999991,10462
42.1739999999991,9984
42.1739999999991,9168
42.1739999999991,8614
42.1739999999991,7982
42.2209999999977,8006
42.2209999999977,8160
42.2209999999977,8914
42.2209999999977,9132
42.2209999999977,9028
42.2209999999977,8596
42.2209999999977,7128
42.2209999999977,7268
42.2209999999977,8660
42.2679999999964,9496
42.2679999999964,9804
42.2679999999964,10118
42.2679999999964,10224
42.2679999999964,10436
42.2679999999964,9876
42.2679999999964,8982
42.2679999999964,8280
42.2679999999964,7920
42.2679999999964,8232
42.3159999999989,8182
42.3159999999989,8936
42.3159999999989,9004
42.3159999999989,9024
42.3159999999989,8510
42.3159999999989,7000
42.3159999999989,7356
42.3159999999989,8720
42.3159999999989,9612
42.3629999999976,9854
42.3629999999976,10164
42.3629999999976,10364
42.3629999999976,10462
42.3629999999976,9912
42.3629999999976,8976
42.3629999999976,8336
42.3629999999976,7966
42.3629999999976,7952
42.3629999999976,8172
42.4099999999962,8940
42.4099999999962,8904
42.4099999999962,9032
42.4099999999962,8516
42.4099999999962,7012
42.4099999999962,7282
42.4099999999962,8732
42.4099999999962,9588
42.4570000000022,9840
42.4570000000022,10152
42.4570000000022,10244
42.4570000000022,10490
42.4570000000022,10014
42.4570000000022,9228
42.4570000000022,8674
42.4570000000022,7944
42.4570000000022,7940
42.4570000000022,8202
42.5049999999974,8952
42.5049999999974,8832
42.5049999999974,9080
42.5049999999974,8562
42.5049999999974,7074
42.5049999999974,7272
42.5049999999974,8694
42.5049999999974,9378
42.5049999999974,9726
42.5509999999995,10066
42.5509999999995,10220
42.5509999999995,10482
42.5509999999995,9992
42.5509999999995,9192
42.5509999999995,8634
42.5509999999995,7952
42.5509999999995,7980
42.5509999999995,8196
42.5509999999995,8952
42.599000000002,8874
42.599000000002,9050
42.599000000002,8542
42.599000000002,7032
42.599000000002,7334
42.599000000002,8654
42.599000000002,9418
42.599000000002,9766
42.599000000002,10092
42.6460000000006,10240
42.6460000000006,10492
42.6460000000006,10008
42.6460000000006,9224
42.6460000000006,8670
42.6460000000006,7960
42.6460000000006,7952
42.6460000000006,8198
42.6460000000006,8950
42.6929999999993,8838
42.6929999999993,9276
42.6929999999993,8670
42.6929999999993,7268
42.6929999999993,7336
42.6929999999993,8658
42.6929999999993,9412
42.6929999999993,9756
42.6929999999993,10076
42.739999999998,10218
42.739999999998,10446
42.739999999998,9912
42.739999999998,8988
42.739999999998,8396
42.739999999998,7982
42.739999999998,8166
42.739999999998,8188
42.739999999998,8958
42.739999999998,8840
42.7880000000005,9090
42.7880000000005,8576
42.7880000000005,7092
42.7880000000005,7274
42.7880000000005,8700
42.7880000000005,9536
42.7880000000005,9814
42.7880000000005,10116
42.7880000000005,10260
42.8349999999991,10426
42.8349999999991,9854
42.8349999999991,9106
42.8349999999991,8198
42.8349999999991,7868
42.8349999999991,8044
42.8349999999991,8198
42.8349999999991,8936
42.8349999999991,9148
42.8349999999991,8992
42.8819999999978,8494
42.8819999999978,7082
42.8819999999978,7554
42.8819999999978,8722
42.8819999999978,9618
42.8819999999978,9840
42.8819999999978,10138
42.8819999999978,10404
42.8819999999978,10440
42.9289999999964,9886
42.9289999999964,8968
42.9289999999964,8314
42.9289999999964,7944
42.9289999999964,8208
42.9289999999964,8252
42.9289999999964,8896
42.9289999999964,9348
42.9289999999964,8858
42.9759999999951,8442
42.9759999999951,7638
42.9759999999951,7914
42.9759999999951,8782
42.9759999999951,9700
42.9759999999951,9838
42.9759999999951,10146
42.9759999999951,10328
42.9759999999951,10434
43.023000000001,9866
43.023000000001,9028
43.023000000001,8248
43.023000000001,7888
43.023000000001,8254
43.023000000001,8396
43.023000000001,8920
43.023000000001,9382
43.023000000001,8904
43.023000000001,8478
43.0699999999997,7586
43.0699999999997,7284
43.0699999999997,8716
43.0699999999997,9562
43.0699999999997,9838
43.0699999999997,10146
43.0699999999997,10266
43.0699999999997,10502
43.0699999999997,10004
43.1180000000022,9202
43.1180000000022,8650
43.1180000000022,7966
43.1180000000022,7960
43.1180000000022,8180
43.1180000000022,8940
43.1180000000022,8848
43.1180000000022,9048
43.1180000000022,8668
43.1650000000009,7282
43.1650000000009,7346
43.1650000000009,8658
43.1650000000009,9434
43.1650000000009,9758
43.1650000000009,10102
43.1650000000009,10264
43.1650000000009,10542
43.1650000000009,10076
43.2129999999961,9394
43.2129999999961,8884
43.2129999999961,7740
43.2129999999961,7242
43.2129999999961,8216
43.2129999999961,8946
43.2129999999961,8850
43.2129999999961,9376
43.2129999999961,8288
43.2129999999961,7580
43.260000000002,7484
43.260000000002,8552
43.260000000002,8930
43.260000000002,9746
43.260000000002,10054
43.260000000002,10220
43.260000000002,10508
43.260000000002,10046
43.260000000002,9342
43.260000000002,8840
43.3070000000007,7854
43.3070000000007,7310
43.3070000000007,8288
43.3070000000007,8986
43.3070000000007,8848
43.3070000000007,9382
43.3070000000007,8406
43.3070000000007,7494
43.3070000000007,7464
43.3539999999994,8598
43.3539999999994,9048
43.3539999999994,9634
43.3539999999994,10054
43.3539999999994,10218
43.3539999999994,10496
43.3539999999994,10024
43.3539999999994,9484
43.3539999999994,8906
43.4020000000019,7406
43.4020000000019,7264
43.4020000000019,8260
43.4020000000019,8994
43.4020000000019,8848
43.4020000000019,9320
43.4020000000019,8654
43.4020000000019,7360
43.4020000000019,7382
43.4490000000005,8622
43.4490000000005,9372
43.4490000000005,10254
43.4490000000005,10010
43.4490000000005,10218
43.4490000000005,10526
43.4490000000005,10064
43.4490000000005,9460
43.4490000000005,8916
43.4490000000005,7468
43.4959999999992,7254
43.4959999999992,8244
43.4959999999992,8936
43.4959999999992,8840
43.4959999999992,9258
43.4959999999992,8668
43.4959999999992,7284
43.4959999999992,7356
43.4959999999992,8614
43.5440000000017,8916
43.5440000000017,9614
43.5440000000017,10040
43.5440000000017,10244
43.5440000000017,10522
43.5440000000017,9968
43.5440000000017,9532
43.5440000000017,8968
43.5440000000017,7416
43.5440000000017,7278
43.5910000000003,8270
43.5910000000003,9012
43.5910000000003,8854
43.5910000000003,9382
43.5910000000003,8490
43.5910000000003,7908
43.5910000000003,7714
43.5910000000003,8540
43.5910000000003,8878
43.637999999999,9828
43.637999999999,9994
43.637999999999,10200
43.637999999999,10502
43.637999999999,10028
43.637999999999,9450
43.637999999999,8914
43.637999999999,7418
43.637999999999,7242
43.6860000000015,8238
43.6860000000015,8952
43.6860000000015,8844
43.6860000000015,9362
43.6860000000015,8350
43.6860000000015,7716
43.6860000000015,7582
43.6860000000015,8608
43.6860000000015,8880
43.6860000000015,9946
43.7330000000002,10004
43.7330000000002,10192
43.7330000000002,10496
43.7330000000002,10044
43.7330000000002,9352
43.7330000000002,8828
43.7330000000002,7806
43.7330000000002,7300
43.7330000000002,8278
43.7799999999988,8956
43.7799999999988,8828
43.7799999999988,9368
43.7799999999988,8386
43.7799999999988,7488
43.7799999999988,7446
43.7799999999988,8592
43.7799999999988,9068
43.7799999999988,9686
43.7799999999988,10040
43.8280000000013,10200
43.8280000000013,10476
43.8280000000013,9998
43.8280000000013,9212
43.8280000000013,8664
43.8280000000013,7478
43.8280000000013,7254
43.8280000000013,8252
43.8739999999962,8956
43.8739999999962,8844
43.8739999999962,9266
43.8739999999962,8680
43.8739999999962,7304
43.8739999999962,7356
43.8739999999962,8648
43.8739999999962,9404
43.8739999999962,9746
43.8739999999962,10028
43.9219999999987,10228
43.9219999999987,10522
43.9219999999987,10038
43.9219999999987,9470
43.9219999999987,8930
43.9219999999987,7418
43.9219999999987,7268
43.9219999999987,8258
43.9219999999987,8976
43.9689999999973,8848
43.9689999999973,9398
43.9689999999973,8660
43.9689999999973,7344
43.9689999999973,7370
43.9689999999973,8628
43.9689999999973,8896
43.9689999999973,10044
43.9689999999973,10018
43.9689999999973,10220
44.0169999999998,10526
44.0169999999998,10066
44.0169999999998,9480
44.0169999999998,8932
44.0169999999998,7412
44.0169999999998,7274
44.0169999999998,8260
44.0169999999998,9004
44.0169999999998,8850
44.0630000000019,9254
44.0630000000019,8650
44.0630000000019,7376
44.0630000000019,7642
44.0630000000019,8612
44.0630000000019,8904
44.0630000000019,9978
44.0630000000019,10020
44.0630000000019,10240
44.1109999999971,10516
44.1109999999971,10050
44.1109999999971,9566
44.1109999999971,9002
44.1109999999971,7468
44.1109999999971,7304
44.1109999999971,8290
44.1109999999971,8986
44.1109999999971,8878
44.1109999999971,9402
44.1579999999958,8304
44.1579999999958,8084
44.1579999999958,7802
44.1579999999958,8398
44.1579999999958,8838
44.1579999999958,9802
44.1579999999958,9958
44.1579999999958,10178
44.1579999999958,10486
44.2059999999983,9982
44.2059999999983,9522
44.2059999999983,8952
44.2059999999983,7406
44.2059999999983,7272
44.2059999999983,8296
44.2059999999983,8906
44.2059999999983,8922
44.2059999999983,9340
44.2059999999983,8628
44.252999999997,8116
44.252999999997,7790
44.252999999997,8372
44.252999999997,8850
44.252999999997,9794
44.252999999997,9958
44.252999999997,10198
44.252999999997,10492
44.252999999997,10400
44.3009999999995,9640
44.3009999999995,9058
44.3009999999995,7980
44.3009999999995,7714
44.3009999999995,8414
44.3009999999995,8716
44.3009999999995,8886
44.3009999999995,9352
44.3009999999995,8730
44.3470000000016,8268
44.3470000000016,7700
44.3470000000016,8058
44.3470000000016,8808
44.3470000000016,9716
44.3470000000016,9920
44.3470000000016,10148
44.3470000000016,10512
44.3470000000016,10426
44.3949999999968,9830
44.3949999999968,9202
44.3949999999968,8136
44.3949999999968,7828
44.3949999999968,8306
44.3949999999968,8578
44.3949999999968,8884
44.3949999999968,9362
44.3949999999968,8778
44.3949999999968,8342
44.4419999999955,7668
44.4419999999955,7756
44.4419999999955,8720
44.4419999999955,9598
44.4419999999955,9838
44.4419999999955,10132
44.4419999999955,10496
44.4419999999955,10408
44.4419999999955,9792
44.4890000000014,9248
44.4890000000014,8008
44.4890000000014,7736
44.4890000000014,8414
44.4890000000014,8680
44.4890000000014,8886
44.4890000000014,9356
44.4890000000014,8716
44.4890000000014,8470
44.4890000000014,7346
44.5369999999966,7844
44.5369999999966,8756
44.5369999999966,9654
44.5369999999966,9866
44.5369999999966,10158
44.5369999999966,10522
44.5369999999966,10434
44.5369999999966,9840
44.5839999999953,9208
44.5839999999953,8140
44.5839999999953,7832
44.5839999999953,8314
44.5839999999953,8176
44.5839999999953,8920
44.5839999999953,9228
44.5839999999953,8966
44.5839999999953,8478
44.5839999999953,7134
44.6310000000012,7736
44.6310000000012,8722
44.6310000000012,9630
44.6310000000012,9844
44.6310000000012,10132
44.6310000000012,10476
44.6310000000012,10378
44.6310000000012,9726
44.6310000000012,9176
44.6779999999999,7828
44.6779999999999,7884
44.6779999999999,8254
44.6779999999999,8444
44.6779999999999,8914
44.6779999999999,9378
44.6779999999999,8864
44.6779999999999,8448
44.6779999999999,7618
44.6779999999999,7828
44.7259999999951,8760
44.7259999999951,9664
44.7259999999951,9886
44.7259999999951,10164
44.7259999999951,10490
44.7259999999951,10440
44.7259999999951,9856
44.7259999999951,9084
44.7259999999951,8208
44.7259999999951,7878
44.7719999999972,8268
44.7719999999972,8494
44.7719999999972,8890
44.7719999999972,9358
44.7719999999972,8796
44.7719999999972,8372
44.7719999999972,7654
44.7719999999972,7828
44.8199999999997,8726
44.8199999999997,9604
44.8199999999997,9840
44.8199999999997,10142
44.8199999999997,10508
44.8199999999997,10446
44.8199999999997,9870
44.8199999999997,9044
44.8199999999997,8234
44.8199999999997,7898
44.8669999999984,8238
44.8669999999984,8412
44.8669999999984,8880
44.8669999999984,9356
44.8669999999984,8812
44.8669999999984,8392
44.8669999999984,6990
44.8669999999984,7432
44.8669999999984,8710
44.913999999997,9584
44.913999999997,9830
44.913999999997,10122
44.913999999997,10486
44.913999999997,10394
44.913999999997,9778
44.913999999997,9230
44.913999999997,8016
44.913999999997,7750
44.913999999997,8386
44.9609999999957,8664
44.9609999999957,8910
44.9609999999957,9294
44.9609999999957,8936
44.9609999999957,8470
44.9609999999957,7298
44.9609999999957,7834
44.9609999999957,8730
44.9609999999957,9630
45.0080000000016,9854
45.0080000000016,10154
45.0080000000016,10516
45.0080000000016,10410
45.0080000000016,9788
45.0080000000016,9244
45.0080000000016,7988
45.0080000000016,7992
45.0080000000016,8140
45.0559999999969,8180
45.0559999999969,8914
45.0559999999969,9300
45.0559999999969,8906
45.0559999999969,8460
45.0559999999969,7478
45.0559999999969,7858
45.0559999999969,8756
45.0559999999969,9666
45.1029999999955,9876
45.1029999999955,10128
45.1029999999955,10538
45.1029999999955,10486
45.1029999999955,9948
45.1029999999955,9084
45.1029999999955,8494
45.1029999999955,8002
45.1029999999955,8064
45.1029999999955,8188
45.1500000000015,8936
45.1500000000015,9214
45.1500000000015,8988
45.1500000000015,8500
45.1500000000015,7074
45.1500000000015,7636
45.1500000000015,8678
45.1500000000015,9450
45.1500000000015,9794
45.1970000000001,10110
45.1970000000001,10394
45.1970000000001,10490
45.1970000000001,9964
45.1970000000001,9120
45.1970000000001,8536
45.1970000000001,7988
45.1970000000001,8038
45.1970000000001,8192
45.1970000000001,8940
45.2449999999953,9140
45.2449999999953,9008
45.2449999999953,8516
45.2449999999953,7190
45.2449999999953,7324
45.2449999999953,8684
45.2449999999953,9420
45.2449999999953,9772
45.2449999999953,10080
45.2920000000013,10480
45.2920000000013,10462
45.2920000000013,9920
45.2920000000013,9024
45.2920000000013,8412
45.2920000000013,8002
45.2920000000013,8142
45.2920000000013,8198
45.2920000000013,8936
45.3389999999999,8864
45.3389999999999,9084
45.3389999999999,8608
45.3389999999999,7130
45.3389999999999,7284
45.3389999999999,8678
45.3389999999999,9484
45.3389999999999,9784
45.3389999999999,10082
45.3869999999952,10492
45.3869999999952,10426
45.3869999999952,9844
45.3869999999952,9004
45.3869999999952,8212
45.3869999999952,7890
45.3869999999952,8028
45.3869999999952,8186
45.3869999999952,8930
45.3869999999952,9024
45.4340000000011,9004
45.4340000000011,8504
45.4340000000011,7000
45.4340000000011,7464
45.4340000000011,8716
45.4340000000011,9582
45.4340000000011,9820
45.4340000000011,10112
45.4340000000011,10486
45.4340000000011,10374
45.4819999999963,9732
45.4819999999963,8950
45.4819999999963,8260
45.4819999999963,7916
45.4819999999963,8218
45.4819999999963,8342
45.4819999999963,8848
45.4819999999963,9330
45.4819999999963,8736
45.5290000000023,8306
45.5290000000023,7654
45.5290000000023,7852
45.5290000000023,8760
45.5290000000023,9670
45.5290000000023,9876
45.5290000000023,10086
45.5290000000023,10454
45.5290000000023,10348
45.5760000000009,9634
45.5760000000009,9080
45.5760000000009,7638
45.5760000000009,7446
45.5760000000009,8304
45.5760000000009,8822
45.5760000000009,8808
45.5760000000009,9330
45.5760000000009,8304
45.6229999999996,7668
45.6229999999996,7556
45.6229999999996,8330
45.6229999999996,8804
45.6229999999996,9782
45.6229999999996,9928
45.6229999999996,10154
45.6229999999996,10500
45.6229999999996,10076
45.6229999999996,9438
45.6699999999983,8920
45.6699999999983,7508
45.6699999999983,7246
45.6699999999983,8234
45.6699999999983,8932
45.6699999999983,8824
45.6699999999983,9152
45.6699999999983,8648
45.6699999999983,7228
45.7180000000008,7554
45.7180000000008,8568
45.7180000000008,8890
45.7180000000008,9710
45.7180000000008,10010
45.7180000000008,10148
45.7180000000008,10476
45.7180000000008,9994
45.7180000000008,9202
45.7649999999994,8648
45.7649999999994,7970
45.7649999999994,7992
45.7649999999994,8186
45.7649999999994,8940
45.7649999999994,8890
45.7649999999994,9222
45.7649999999994,8650
45.7649999999994,7218
45.8119999999981,7328
45.8119999999981,8658
45.8119999999981,9402
45.8119999999981,9762
45.8119999999981,10066
45.8119999999981,10518
45.8119999999981,10436
45.8119999999981,9866
45.8119999999981,9018
45.8119999999981,8238
45.8589999999967,7888
45.8589999999967,8264
45.8589999999967,8182
45.8589999999967,8940
45.8589999999967,9058
45.8589999999967,8998
45.8589999999967,8496
45.8589999999967,7016
45.8589999999967,7554
45.9069999999992,8750
45.9069999999992,9602
45.9069999999992,9840
45.9069999999992,10136
45.9069999999992,10538
45.9069999999992,10426
45.9069999999992,9814
45.9069999999992,9254
45.9069999999992,8458
45.9069999999992,8012
45.9539999999979,8120
45.9539999999979,8186
45.9539999999979,8932
45.9539999999979,9300
45.9539999999979,8968
45.9539999999979,8496
45.9539999999979,7232
45.9539999999979,7862
45.9539999999979,8690
46.0009999999966,9484
46.0009999999966,9804
46.0009999999966,10106
46.0009999999966,10536
46.0009999999966,10450
46.0009999999966,9890
46.0009999999966,8952
46.0009999999966,8324
46.0009999999966,7972
46.0479999999952,8216
46.0479999999952,8260
46.0479999999952,8926
46.0479999999952,9358
46.0479999999952,8914
46.0479999999952,8474
46.0479999999952,7078
46.0479999999952,7258
46.0479999999952,8694
46.0959999999977,9538
46.0959999999977,9824
46.0959999999977,10146
46.0959999999977,10574
46.0959999999977,10506
46.0959999999977,9982
46.0959999999977,9140
46.0959999999977,8562
46.0959999999977,7992
46.0959999999977,8062
46.1429999999964,8196
46.1429999999964,8932
46.1429999999964,8854
46.1429999999964,9096
46.1429999999964,8638
46.1429999999964,7190
46.1429999999964,7294
46.1429999999964,8650
46.1429999999964,9430
46.1429999999964,9784
46.1899999999951,10106
46.1899999999951,10450
46.1899999999951,10522
46.1899999999951,10034
46.1899999999951,9276
46.1899999999951,8716
46.1899999999951,7946
46.1899999999951,7848
46.1899999999951,8252
46.237000000001,8986
46.237000000001,8832
46.237000000001,9624
46.237000000001,8668
46.237000000001,7324
46.237000000001,7364
46.237000000001,8628
46.237000000001,9392
46.237000000001,9736
46.2849999999962,10066
46.2849999999962,10300
46.2849999999962,10486
46.2849999999962,9972
46.2849999999962,9136
46.2849999999962,8568
46.2849999999962,7790
46.2849999999962,7350
46.2849999999962,8234
46.3320000000022,8950
46.3320000000022,8874
46.3320000000022,9254
46.3320000000022,8680
46.3320000000022,7248
46.3320000000022,7350
46.3320000000022,8670
46.3320000000022,9408
46.3320000000022,9768
46.3320000000022,10024
46.3790000000008,10198
46.3790000000008,10518
46.3790000000008,10060
46.3790000000008,9356
46.3790000000008,8822
46.3790000000008,7842
46.3790000000008,7452
46.3790000000008,8224
46.3790000000008,8956
46.426999999996,8870
