25.523000000001,8090
25.523000000001,7720
25.523000000001,8788
25.523000000001,9562
25.523000000001,9274
25.5699999999997,9910
25.5699999999997,9130
25.5699999999997,7454
25.5699999999997,7514
25.5699999999997,9120
25.5699999999997,10172
25.5699999999997,10302
25.5699999999997,10712
25.5699999999997,10398
25.6179999999949,9372
25.6179999999949,8598
25.6179999999949,8078
25.6179999999949,8868
25.6179999999949,9428
25.6179999999949,9286
25.6179999999949,9892
25.6179999999949,9096
25.6179999999949,7816
25.6650000000009,7628
25.6650000000009,9018
25.6650000000009,10038
25.6650000000009,10230
25.6650000000009,10346
25.6650000000009,10764
25.6650000000009,9466
25.6650000000009,8732
25.6650000000009,8166
25.7129999999961,8868
25.7129999999961,9366
25.7129999999961,9286
25.7129999999961,9866
25.7129999999961,9090
25.7129999999961,7452
25.7129999999961,7504
25.7129999999961,9032
25.7129999999961,10020
25.7129999999961,10244
25.7599999999948,10364
25.7599999999948,10748
25.7599999999948,9674
25.7599999999948,9004
25.7599999999948,8326
25.7599999999948,8664
25.7599999999948,9100
25.7599999999948,9342
25.7599999999948,9856
25.7599999999948,8664
25.8079999999973,7802
25.8079999999973,7652
25.8079999999973,9048
25.8079999999973,9772
25.8079999999973,10240
25.8079999999973,10382
25.8079999999973,10790
25.8079999999973,9892
25.8549999999959,9320
25.8549999999959,8218
25.8549999999959,8386
25.8549999999959,8670
25.8549999999959,9424
25.8549999999959,9834
25.8549999999959,9008
25.8549999999959,8310
25.8549999999959,7930
25.8549999999959,9028
25.9029999999984,9810
25.9029999999984,10228
25.9029999999984,10368
25.9029999999984,10784
25.9029999999984,9860
25.9029999999984,9420
25.9029999999984,7642
25.9029999999984,7612
25.9029999999984,8704
25.9029999999984,9454
25.9499999999971,9640
25.9499999999971,9254
25.9499999999971,8670
25.9499999999971,8152
25.9499999999971,8864
25.9499999999971,9294
25.9499999999971,10178
25.9499999999971,10312
25.9499999999971,10754
25.9979999999996,9926
25.9979999999996,9310
25.9979999999996,7698
25.9979999999996,7494
25.9979999999996,8686
25.9979999999996,9388
25.9979999999996,9556
25.9979999999996,9294
25.9979999999996,8786
26.0449999999983,8116
26.0449999999983,8812
26.0449999999983,9258
26.0449999999983,10174
26.0449999999983,10332
26.0449999999983,10778
26.0449999999983,9994
26.0449999999983,9346
26.0449999999983,7796
26.0919999999969,7536
26.0919999999969,8730
26.0919999999969,9522
26.0919999999969,9248
26.0919999999969,9460
26.0919999999969,8840
26.0919999999969,7986
26.0919999999969,8514
26.0919999999969,9214
26.0919999999969,10066
26.1389999999956,10326
26.1389999999956,10808
26.1389999999956,10168
26.1389999999956,9520
26.1389999999956,8180
26.1389999999956,7780
26.1389999999956,8804
26.1389999999956,9516
26.1389999999956,9258
26.1869999999981,9510
26.1869999999981,8968
26.1869999999981,7284
26.1869999999981,8310
26.1869999999981,9126
26.1869999999981,10322
26.1869999999981,10296
26.1869999999981,10788
26.1869999999981,10236
26.1869999999981,9584
26.2339999999967,7908
26.2339999999967,7910
26.2339999999967,8796
26.2339999999967,9454
26.2339999999967,9248
26.2339999999967,9746
26.2339999999967,9008
26.2339999999967,7328
26.2339999999967,7806
26.2809999999954,9096
26.2809999999954,10220
26.2809999999954,10276
26.2809999999954,10752
26.2809999999954,10266
26.2809999999954,9594
26.2809999999954,7996
26.2809999999954,7632
26.2809999999954,8802
26.3280000000013,9438
26.3280000000013,9270
26.3280000000013,9892
26.3280000000013,9050
26.3280000000013,7376
26.3280000000013,7482
26.3280000000013,9086
26.3280000000013,10184
26.3280000000013,10282
26.375,10718
26.375,10308
26.375,9552
26.375,8280
26.375,7838
26.375,8798
26.375,9356
26.375,9322
26.375,9876
26.375,8972
26.4219999999987,7608
26.4219999999987,7554
26.4219999999987,9050
26.4219999999987,10090
26.4219999999987,10250
26.4219999999987,10508
26.4219999999987,10580
26.4219999999987,9366
26.4219999999987,8596
26.4700000000012,8042
26.4700000000012,8880
26.4700000000012,9404
26.4700000000012,9296
26.4700000000012,9856
26.4700000000012,8752
26.4700000000012,7926
26.4700000000012,7714
26.4700000000012,9014
26.5169999999998,10000
26.5169999999998,10230
26.5169999999998,10354
26.5169999999998,10722
26.5169999999998,9608
26.5169999999998,8942
26.5169999999998,8378
26.5169999999998,8680
26.5169999999998,9162
26.5169999999998,9306
26.5639999999985,9834
26.5639999999985,8952
26.5639999999985,8248
26.5639999999985,7894
26.5639999999985,8976
26.5639999999985,9828
26.5639999999985,10204
26.5639999999985,10354
26.5639999999985,10744
26.612000000001,9778
26.612000000001,9156
26.612000000001,8288
26.612000000001,8474
26.612000000001,8618
26.612000000001,9356
26.612000000001,9674
26.612000000001,9126
26.612000000001,8532
26.612000000001,8104
26.6589999999997,9038
26.6589999999997,9494
26.6589999999997,10204
26.6589999999997,10364
26.6589999999997,10788
26.6589999999997,10004
26.6589999999997,9358
26.6589999999997,7606
26.6589999999997,7972
26.7069999999949,8678
26.7069999999949,9444
26.7069999999949,9690
26.7069999999949,9172
26.7069999999949,8586
26.7069999999949,7950
26.7069999999949,8488
26.7069999999949,9208
26.7069999999949,10110
26.7540000000008,10326
26.7540000000008,10800
26.7540000000008,10168
26.7540000000008,9520
26.7540000000008,7776
26.7540000000008,7534
26.7540000000008,8714
26.7540000000008,9510
26.7540000000008,9238
26.8009999999995,9372
26.8009999999995,8868
26.8009999999995,8022
26.8009999999995,8234
26.8009999999995,9130
26.8009999999995,10276
26.8009999999995,10280
26.8009999999995,10774
26.8009999999995,10254
26.8009999999995,9592
26.8479999999981,7988
26.8479999999981,7652
26.8479999999981,8740
26.8479999999981,9520
26.8479999999981,9208
26.8479999999981,9454
26.8479999999981,8904
26.8479999999981,7678
26.8479999999981,7556
26.8960000000006,9106
26.8960000000006,10198
26.8960000000006,10282
26.8960000000006,10712
26.8960000000006,10286
26.8960000000006,9556
26.8960000000006,8268
26.8960000000006,7842
26.8960000000006,8782
26.9429999999993,9440
26.9429999999993,9202
26.9429999999993,9494
26.9429999999993,8942
26.9429999999993,7236
26.9429999999993,8290
26.9429999999993,9040
26.9429999999993,10112
26.9429999999993,10240
26.9429999999993,10620
26.9919999999984,10236
26.9919999999984,9448
26.9919999999984,8306
26.9919999999984,7858
26.9919999999984,8788
26.9919999999984,9458
26.9919999999984,9238
26.9919999999984,9664
26.9919999999984,8992
27.038999999997,7294
27.038999999997,7826
27.038999999997,9094
27.038999999997,10208
27.038999999997,10230
27.038999999997,10528
27.038999999997,10384
27.038999999997,9326
27.038999999997,8552
27.038999999997,8008
27.0859999999957,8844
27.0859999999957,9384
27.0859999999957,9248
27.0859999999957,9854
27.0859999999957,9044
27.0859999999957,7376
27.0859999999957,7448
27.0859999999957,9054
27.0859999999957,10138
27.1330000000016,10246
27.1330000000016,10676
27.1330000000016,10256
27.1330000000016,9464
27.1330000000016,8336
27.1330000000016,8288
27.1330000000016,8766
27.1330000000016,9258
27.1330000000016,9260
27.1809999999969,9818
27.1809999999969,8972
27.1809999999969,7518
27.1809999999969,7518
27.1809999999969,9034
27.1809999999969,10054
27.1809999999969,10228
27.1809999999969,10544
27.1809999999969,10306
27.1809999999969,9310
27.2279999999955,8530
27.2279999999955,8006
27.2279999999955,8844
27.2279999999955,9014
27.2279999999955,9284
27.2279999999955,9794
27.2279999999955,8642
27.2279999999955,7678
27.2279999999955,7590
27.2750000000015,9022
27.2750000000015,10018
27.2750000000015,10220
27.2750000000015,10354
27.2750000000015,10742
27.2750000000015,9510
27.2750000000015,8798
27.2750000000015,8288
27.2750000000015,8768
27.2750000000015,9266
27.3229999999967,9274
27.3229999999967,9794
27.3229999999967,8858
27.3229999999967,8100
27.3229999999967,7802
27.3229999999967,8932
27.3229999999967,9866
27.3229999999967,10174
27.3709999999992,10300
27.3709999999992,10696
27.3709999999992,9644
27.3709999999992,8992
27.3709999999992,8294
27.3709999999992,8588
27.3709999999992,8914
27.3709999999992,9290
27.3709999999992,9752
27.3709999999992,8976
27.4179999999978,8304
27.4179999999978,7914
27.4179999999978,8994
27.4179999999978,9710
27.4179999999978,10164
27.4179999999978,10292
27.4179999999978,10706
27.4179999999978,9732
27.4179999999978,9106
27.4649999999965,8274
27.4649999999965,8474
27.4649999999965,8612
27.4649999999965,9330
27.4649999999965,9680
27.4649999999965,9106
27.4649999999965,8520
27.4649999999965,8078
27.4649999999965,8986
27.4649999999965,9444
27.5119999999952,10148
27.5119999999952,10296
27.5119999999952,10728
27.5119999999952,9892
27.5119999999952,9286
27.5119999999952,7992
27.5119999999952,8300
27.5119999999952,8628
27.5119999999952,9368
27.5590000000011,9756
27.5590000000011,9260
27.5590000000011,8768
27.5590000000011,8070
27.5590000000011,8750
27.5590000000011,9212
27.5590000000011,10118
27.5590000000011,10272
27.5590000000011,10726
27.6069999999963,9974
27.6069999999963,9326
27.6069999999963,7562
27.6069999999963,7930
27.6069999999963,8658
27.6069999999963,9430
27.6069999999963,9674
27.6069999999963,9444
27.6069999999963,8906
27.6069999999963,7786
27.653999999995,8152
27.653999999995,9140
27.653999999995,10230
27.653999999995,10276
27.653999999995,10752
27.653999999995,10172
27.653999999995,9516
27.653999999995,7806
27.653999999995,7550
27.7010000000009,8714
27.7010000000009,9612
27.7010000000009,9172
27.7010000000009,9594
27.7010000000009,8962
27.7010000000009,7272
27.7010000000009,7920
27.7010000000009,9084
27.7010000000009,10200
27.7010000000009,10256
27.7479999999996,10728
27.7479999999996,10276
27.7479999999996,9592
27.7479999999996,8166
27.7479999999996,7770
27.7479999999996,8782
27.7479999999996,9476
27.7479999999996,9234
27.7479999999996,9612
27.7959999999948,8982
27.7959999999948,7562
27.7959999999948,7530
27.7959999999948,9040
27.7959999999948,10056
27.7959999999948,10240
27.7959999999948,10462
27.7959999999948,10734
27.7959999999948,9538
27.8419999999969,8850
27.8419999999969,8396
27.8419999999969,8710
27.8419999999969,9218
27.8419999999969,9300
27.8419999999969,9838
27.8419999999969,8650
27.8419999999969,7750
27.8419999999969,7638
27.8899999999994,9048
27.8899999999994,9706
27.8899999999994,10194
27.8899999999994,10348
27.8899999999994,10768
27.8899999999994,9938
27.8899999999994,9302
27.8899999999994,7720
27.8899999999994,8084
27.8899999999994,8664
27.9369999999981,9428
27.9369999999981,9666
27.9369999999981,9148
27.9369999999981,8568
27.9369999999981,8124
27.9369999999981,8516
27.9369999999981,9172
27.9369999999981,10110
27.9369999999981,10296
27.9850000000006,10774
27.9850000000006,10198
27.9850000000006,9546
27.9850000000006,7844
27.9850000000006,7586
27.9850000000006,8730
27.9850000000006,9476
27.9850000000006,9202
27.9850000000006,9440
28.0319999999992,8880
28.0319999999992,7618
28.0319999999992,8408
28.0319999999992,9096
28.0319999999992,10164
28.0319999999992,10264
28.0319999999992,10686
28.0319999999992,10182
28.0319999999992,9312
28.0789999999979,8532
28.0789999999979,8008
28.0789999999979,8838
28.0789999999979,9378
28.0789999999979,9266
28.0789999999979,9846
28.0789999999979,9064
28.0789999999979,7472
28.0789999999979,7514
28.0789999999979,8986
28.1259999999966,9920
28.1259999999966,10188
28.1259999999966,10336
28.1259999999966,10708
28.1259999999966,9736
28.1259999999966,9110
28.1259999999966,8284
28.1259999999966,8468
28.1259999999966,8608
28.1739999999991,9332
28.1739999999991,9788
28.1739999999991,8834
28.1739999999991,8084
28.1739999999991,7772
28.1739999999991,8914
28.1739999999991,9312
28.1739999999991,10146
28.1739999999991,10302
28.1739999999991,10754
28.2209999999977,9982
28.2209999999977,9340
28.2209999999977,7560
28.2209999999977,7796
28.2209999999977,8632
28.2209999999977,9388
28.2209999999977,9608
28.2209999999977,9140
28.2209999999977,8576
28.2690000000002,8116
28.2690000000002,8896
28.2690000000002,9172
28.2690000000002,10122
28.2690000000002,10280
28.2690000000002,10764
28.2690000000002,10162
28.2690000000002,9526
28.2690000000002,7822
28.3159999999989,7566
28.3159999999989,8716
28.3159999999989,9568
28.3159999999989,9178
28.3159999999989,9424
28.3159999999989,8868
28.3159999999989,7736
28.3159999999989,8460
28.3159999999989,9090
28.3159999999989,10172
28.3629999999976,10260
28.3629999999976,10686
28.3629999999976,10254
28.3629999999976,9336
28.3629999999976,8434
28.3629999999976,7970
28.3629999999976,8788
28.3629999999976,9376
28.3629999999976,9218
28.4099999999962,9828
28.4099999999962,9018
28.4099999999962,7354
28.4099999999962,7462
28.4099999999962,9002
28.4099999999962,9978
28.4099999999962,10194
28.4099999999962,10300
28.4099999999962,10680
28.4099999999962,9602
28.4569999999949,8936
28.4569999999949,8264
28.4569999999949,8624
28.4569999999949,9014
28.4569999999949,9306
28.4569999999949,9804
28.4569999999949,8654
28.4569999999949,7822
28.4569999999949,7644
28.5060000000012,8994
28.5060000000012,9968
28.5060000000012,10218
28.5060000000012,10364
28.5060000000012,10738
28.5060000000012,10030
28.5060000000012,9376
28.5060000000012,7590
28.5060000000012,7622
28.551999999996,8670
28.551999999996,9414
28.551999999996,9562
28.551999999996,9266
28.551999999996,8788
28.551999999996,8084
28.551999999996,8750
28.551999999996,9222
28.551999999996,10122
28.5999999999985,10302
28.5999999999985,10764
28.5999999999985,10076
28.5999999999985,9434
28.5999999999985,8028
28.5999999999985,7680
28.5999999999985,8768
28.5999999999985,9512
28.5999999999985,9240
28.5999999999985,9494
28.6469999999972,8946
28.6469999999972,7282
28.6469999999972,8088
28.6469999999972,9116
28.6469999999972,10208
28.6469999999972,10272
28.6469999999972,10728
28.6469999999972,10306
28.6469999999972,9490
28.6939999999959,8320
28.6939999999959,8278
28.6939999999959,8746
28.6939999999959,9240
28.6939999999959,9294
28.6939999999959,9810
28.6939999999959,8690
28.6939999999959,7684
28.6939999999959,7566
28.7409999999945,8988
28.7409999999945,10004
28.7409999999945,10194
28.7409999999945,10346
28.7409999999945,10690
28.7409999999945,9510
28.7409999999945,8814
28.7409999999945,8372
28.7409999999945,8720
28.7409999999945,8642
28.788999999997,9372
28.788999999997,9802
28.788999999997,8962
28.788999999997,8288
28.788999999997,7894
28.788999999997,9008
28.788999999997,9690
28.788999999997,10158
28.788999999997,10302
28.8359999999957,10716
28.8359999999957,9810
28.8359999999957,9248
28.8359999999957,8232
28.8359999999957,8408
28.8359999999957,8674
28.8359999999957,9414
28.8359999999957,9538
28.8359999999957,9248
28.8359999999957,8736
28.8830000000016,8094
28.8830000000016,8768
28.8830000000016,9212
28.8830000000016,10128
28.8830000000016,10290
28.8830000000016,10754
28.8830000000016,10024
28.8830000000016,9376
28.8830000000016,7580
28.9300000000003,7606
28.9300000000003,8664
28.9300000000003,9542
28.9300000000003,9214
28.9300000000003,9464
28.9300000000003,8886
28.9300000000003,7550
28.9300000000003,8424
28.9300000000003,9148
28.9779999999955,10328
28.9779999999955,10266
28.9779999999955,10764
28.9779999999955,10184
28.9779999999955,9538
28.9779999999955,7848
28.9779999999955,7570
28.9779999999955,8704
28.9779999999955,9532
29.0250000000015,9178
29.0250000000015,9712
29.0250000000015,8976
29.0250000000015,7314
29.0250000000015,7644
29.0250000000015,9080
29.0250000000015,10174
29.0250000000015,10254
29.0250000000015,10696
29.0250000000015,10280
29.0720000000001,9526
29.0720000000001,8252
29.0720000000001,7826
29.0720000000001,8776
29.0720000000001,9444
29.0720000000001,9214
29.0720000000001,9618
29.0720000000001,8942
29.0720000000001,7550
29.1189999999988,7520
29.1189999999988,9012
29.1189999999988,10040
29.1189999999988,10204
29.1189999999988,10600
29.1189999999988,10572
29.1189999999988,9402
29.1189999999988,8660
29.1189999999988,8062
29.1659999999974,8854
29.1659999999974,9312
29.1659999999974,9266
29.1659999999974,9820
29.1659999999974,9022
29.1659999999974,7536
29.1659999999974,7766
29.1659999999974,8952
29.1659999999974,9876
29.2139999999999,10182
29.2139999999999,10306
29.2139999999999,10696
29.2139999999999,9676
29.2139999999999,9034
29.2139999999999,8310
29.2139999999999,8510
29.2139999999999,8654
29.2139999999999,9306
29.2139999999999,9794
29.2609999999986,8756
29.2609999999986,7936
29.2609999999986,7704
29.2609999999986,8988
29.2609999999986,9448
29.2609999999986,10168
29.2609999999986,10328
29.2609999999986,10758
29.2609999999986,9968
29.3090000000011,9332
29.3090000000011,7592
29.3090000000011,7872
29.3090000000011,8622
29.3090000000011,9382
29.3090000000011,9638
29.3090000000011,9070
29.3090000000011,8484
29.3090000000011,8028
29.3090000000011,8602
29.3559999999998,9192
29.3559999999998,10010
29.3559999999998,10300
29.3559999999998,10768
29.3559999999998,10136
29.3559999999998,9484
29.3559999999998,7740
29.3559999999998,7544
29.3559999999998,8680
29.4029999999984,9326
29.4029999999984,9222
29.4029999999984,9290
29.4029999999984,8818
29.4029999999984,8022
29.4029999999984,8690
29.4029999999984,9116
29.4029999999984,10282
29.4029999999984,10270
29.4499999999971,10754
29.4499999999971,10246
29.4499999999971,9588
29.4499999999971,8026
29.4499999999971,7668
29.4499999999971,8736
29.4499999999971,9500
29.4499999999971,9186
29.4499999999971,9458
29.4499999999971,8894
29.4979999999996,7376
29.4979999999996,8386
29.4979999999996,9146
29.4979999999996,10142
29.4979999999996,10250
29.4979999999996,10676
29.4979999999996,10178
29.4979999999996,9312
29.4979999999996,8464
29.5449999999983,7986
29.5449999999983,8808
29.5449999999983,9378
29.5449999999983,9228
29.5449999999983,9828
29.5449999999983,9032
29.5449999999983,7370
29.5449999999983,7462
29.5449999999983,9048
29.5449999999983,10128
29.5919999999969,10230
29.5919999999969,10352
29.5919999999969,10666
29.5919999999969,9494
29.5919999999969,8786
29.5919999999969,8284
29.5919999999969,8762
29.5919999999969,9234
29.6389999999956,9264
29.6389999999956,9804
29.6389999999956,8884
29.6389999999956,7576
29.6389999999956,7540
29.6389999999956,9024
29.6389999999956,10044
29.6389999999956,10208
29.6389999999956,10516
29.6389999999956,10662
29.6869999999981,9412
29.6869999999981,8684
29.6869999999981,8316
29.6869999999981,8504
29.6869999999981,8638
29.6869999999981,9312
29.6869999999981,9794
29.6869999999981,8762
29.6869999999981,7960
29.7339999999967,7714
29.7339999999967,8994
29.7339999999967,9932
29.7339999999967,10208
29.7339999999967,10346
29.7339999999967,10726
29.7339999999967,9768
29.7339999999967,9166
29.7339999999967,8296
29.7339999999967,8464
29.7809999999954,8658
29.7809999999954,9418
29.7809999999954,9604
29.7809999999954,9188
29.7809999999954,8632
29.7809999999954,8136
29.7809999999954,8840
29.7809999999954,9244
29.7809999999954,10146
29.8280000000013,10300
29.8280000000013,10754
29.8280000000013,10000
29.8280000000013,9352
29.8280000000013,7576
29.8280000000013,7744
29.8280000000013,8732
29.8280000000013,9582
29.8280000000013,9202
29.875,9440
29.875,8894
29.875,7644
29.875,8442
29.875,9156
29.875,10230
29.875,10280
29.875,10780
29.875,10204
29.9219999999987,9562
29.9219999999987,7904
29.9219999999987,7606
29.9219999999987,8736
29.9219999999987,9566
29.9219999999987,9198
29.9219999999987,9824
29.9219999999987,9014
29.9219999999987,7360
29.9219999999987,7478
29.9689999999973,9060
29.9689999999973,10138
29.9689999999973,10236
29.9689999999973,10702
29.9689999999973,10272
29.9689999999973,9394
29.9689999999973,8360
29.9689999999973,7910
29.9689999999973,8792
30.0169999999998,9412
30.0169999999998,9228
30.0169999999998,9808
30.0169999999998,8998
30.0169999999998,7664
30.0169999999998,7576
30.0169999999998,9002
30.0169999999998,9998
30.0169999999998,10188
30.0639999999985,10578
30.0639999999985,10716
30.0639999999985,9474
30.0639999999985,8762
30.0639999999985,8172
30.0639999999985,8776
30.0639999999985,9248
30.0639999999985,9244
30.0639999999985,9788
30.112000000001,8968
30.112000000001,7514
30.112000000001,7500
30.112000000001,8946
30.112000000001,9874
30.112000000001,10158
30.112000000001,10280
30.112000000001,10662
30.112000000001,9620
30.112000000001,8972
30.1579999999958,8324
30.1579999999958,8596
30.1579999999958,8864
30.1579999999958,9310
30.1579999999958,9802
30.1579999999958,8704
30.1579999999958,7888
30.1579999999958,7664
30.1579999999958,8968
30.1579999999958,9928
30.2059999999983,10136
30.2059999999983,10272
30.2059999999983,10698
30.2059999999983,9804
30.2059999999983,9254
30.2059999999983,8192
30.2059999999983,8396
30.2059999999983,8654
30.2059999999983,9392
30.252999999997,9802
30.252999999997,9004
30.252999999997,8352
30.252999999997,7946
30.252999999997,9080
30.252999999997,9612
30.252999999997,10168
30.252999999997,10316
30.252999999997,10774
30.2999999999956,10116
30.2999999999956,9474
30.2999999999956,7726
30.2999999999956,7526
30.2999999999956,8706
30.2999999999956,9454
30.2999999999956,9204
30.2999999999956,9384
30.2999999999956,8886
30.3470000000016,7944
30.3470000000016,8562
30.3470000000016,9182
30.3470000000016,10074
30.3470000000016,10270
30.3470000000016,10748
30.3470000000016,10126
30.3470000000016,9486
30.3470000000016,8186
30.3470000000016,7782
30.3949999999968,8782
30.3949999999968,9458
30.3949999999968,9230
30.3949999999968,9608
30.3949999999968,8968
30.3949999999968,7308
30.3949999999968,7740
30.3949999999968,9068
30.3949999999968,10158
30.4419999999955,10228
30.4419999999955,10696
30.4419999999955,10374
30.4419999999955,9330
30.4419999999955,8576
30.4419999999955,8012
30.4419999999955,8864
30.4419999999955,9366
30.4419999999955,9290
30.4419999999955,9844
30.489999999998,9032
30.489999999998,7536
30.489999999998,7530
30.489999999998,9012
30.489999999998,10044
30.489999999998,10204
30.489999999998,10588
30.489999999998,10580
30.5369999999966,9434
30.5369999999966,8700
30.5369999999966,8296
30.5369999999966,8490
30.5369999999966,8628
30.5369999999966,9346
30.5369999999966,9804
30.5369999999966,8858
30.5369999999966,8114
30.5369999999966,7792
30.5839999999953,8930
30.5839999999953,9834
30.5839999999953,10192
30.5839999999953,10318
30.5839999999953,10726
30.5839999999953,9820
30.5839999999953,9260
30.5839999999953,7618
30.5839999999953,7500
30.6319999999978,8704
30.6319999999978,9430
30.6319999999978,9448
30.6319999999978,9362
30.6319999999978,8886
30.6319999999978,8022
30.6319999999978,8658
30.6319999999978,9238
30.6319999999978,10086
30.6319999999978,10326
30.6789999999964,10800
30.6789999999964,10224
30.6789999999964,9582
30.6789999999964,7962
30.6789999999964,7988
30.6789999999964,8804
30.6789999999964,9394
30.6789999999964,9234
30.6789999999964,9830
30.7259999999951,9034
30.7259999999951,7376
30.7259999999951,7464
30.7259999999951,9050
30.7259999999951,10112
30.7259999999951,10224
30.7259999999951,10696
30.7259999999951,10264
30.7259999999951,9326
30.773000000001,8444
30.773000000001,7976
30.773000000001,8664
30.773000000001,9090
30.773000000001,9280
30.773000000001,9792
30.773000000001,8622
30.773000000001,7710
30.773000000001,7600
30.773000000001,9018
30.8209999999963,9994
30.8209999999963,10210
30.8209999999963,10318
30.8209999999963,10690
30.8209999999963,9624
30.8209999999963,8968
30.8209999999963,8336
30.8209999999963,8606
30.8209999999963,8658
30.8679999999949,9402
30.8679999999949,9732
30.8679999999949,9076
30.8679999999949,8474
30.8679999999949,8054
30.8679999999949,9008
30.8679999999949,9424
30.8679999999949,10146
30.8679999999949,10282
30.8679999999949,10708
30.9150000000009,9860
30.9150000000009,9276
30.9150000000009,7972
30.9150000000009,8306
30.9150000000009,8634
30.9150000000009,9358
30.9150000000009,9340
30.9150000000009,9306
30.9629999999961,8832
30.9629999999961,8022
30.9629999999961,8674
30.9629999999961,9224
30.9629999999961,10054
30.9629999999961,10300
30.9629999999961,10768
30.9629999999961,10136
30.9629999999961,9490
30.9629999999961,7754
31.0099999999948,7546
31.0099999999948,8710
31.0099999999948,9470
31.0099999999948,9238
31.0099999999948,9638
31.0099999999948,8982
31.0099999999948,7304
31.0099999999948,7690
31.0099999999948,9132
31.0099999999948,10188
31.0570000000007,10270
31.0570000000007,10712
31.0570000000007,10228
31.0570000000007,9300
31.0570000000007,8516
31.0570000000007,8022
31.0570000000007,8824
31.0570000000007,9378
31.0570000000007,9264
31.1049999999959,9844
31.1049999999959,8732
31.1049999999959,7934
31.1049999999959,7694
31.1049999999959,8982
31.1049999999959,9922
31.1049999999959,10184
31.1049999999959,10316
31.1049999999959,10686
31.1519999999946,9670
31.1519999999946,9032
31.1519999999946,8304
31.1519999999946,8516
31.1519999999946,8726
31.1519999999946,9448
31.1519999999946,9676
31.1519999999946,9212
31.1519999999946,8660
31.1990000000005,8130
31.1990000000005,8828
31.1990000000005,9238
31.1990000000005,10136
31.1990000000005,10312
31.1990000000005,10774
31.1990000000005,10090
31.1990000000005,9450
31.1990000000005,7694
31.1990000000005,7514
31.2459999999992,8696
31.2459999999992,9486
31.2459999999992,9228
31.2459999999992,9484
31.2459999999992,8942
31.2459999999992,7282
31.2459999999992,8052
31.2459999999992,9110
31.2459999999992,10210
31.2940000000017,10272
31.2940000000017,10758
31.2940000000017,10312
31.2940000000017,9392
31.2940000000017,8406
31.2940000000017,7950
31.2940000000017,8776
31.2940000000017,9404
31.2940000000017,9300
31.2940000000017,9808
31.3410000000003,8632
31.3410000000003,7796
31.3410000000003,7638
31.3410000000003,8992
31.3410000000003,9972
31.3410000000003,10192
31.3410000000003,10364
31.3410000000003,10686
31.3410000000003,9628
31.3889999999956,8986
31.3889999999956,8296
31.3889999999956,8566
31.3889999999956,8860
31.3889999999956,9316
31.3889999999956,9802
31.3889999999956,9080
31.3889999999956,8488
31.3889999999956,8054
31.4360000000015,8988
31.4360000000015,9428
31.4360000000015,10136
31.4360000000015,10286
31.4360000000015,10716
31.4360000000015,9900
31.4360000000015,9286
31.4360000000015,7816
31.4360000000015,8232
31.4830000000002,8644
31.4830000000002,9404
31.4830000000002,9700
31.4830000000002,9366
31.4830000000002,8884
31.4830000000002,7944
31.4830000000002,8582
31.4830000000002,9198
31.4830000000002,10070
31.4830000000002,10286
31.5299999999988,10742
31.5299999999988,10162
31.5299999999988,9520
31.5299999999988,7828
31.5299999999988,7566
31.5299999999988,8704
31.5299999999988,9582
31.5299999999988,9178
31.5299999999988,9414
31.5780000000013,8874
31.5780000000013,7310
31.5780000000013,7600
31.5780000000013,9064
31.5780000000013,10154
31.5780000000013,10234
31.5780000000013,10676
31.5780000000013,10286
31.5780000000013,9500
31.625,8270
31.625,7844
31.625,8786
31.625,9430
31.625,9224
31.625,9742
31.625,8982
31.625,7328
31.625,7556
31.625,9012
31.6729999999952,10014
31.6729999999952,10204
31.6729999999952,10440
31.6729999999952,10692
31.6729999999952,9558
31.6729999999952,8886
31.6729999999952,8372
31.6729999999952,8670
31.6729999999952,9116
31.7200000000012,9284
31.7200000000012,9798
31.7200000000012,8612
31.7200000000012,7754
31.7200000000012,7618
31.7200000000012,9012
31.7200000000012,9628
31.7200000000012,10158
31.7200000000012,10296
31.7200000000012,10718
31.7669999999998,9866
31.7669999999998,9284
31.7669999999998,8044
31.7669999999998,8326
31.7669999999998,8654
31.7669999999998,9408
31.7669999999998,9752
31.7669999999998,9096
31.7669999999998,8494
31.8149999999951,8074
31.8149999999951,8992
31.8149999999951,9372
31.8149999999951,10050
31.8149999999951,10302
31.8149999999951,10764
31.8149999999951,10178
31.8149999999951,9538
31.8149999999951,7848
31.862000000001,7572
31.862000000001,8730
31.862000000001,9566
31.862000000001,9224
31.862000000001,9466
31.862000000001,8914
31.862000000001,7432
31.862000000001,8396
31.862000000001,9132
31.9089999999997,10118
31.9089999999997,10234
31.9089999999997,10696
31.9089999999997,10230
31.9089999999997,9312
31.9089999999997,8452
31.9089999999997,7992
31.9089999999997,8802
31.9089999999997,9382
31.9089999999997,9234
31.9559999999983,9834
31.9559999999983,9034
31.9559999999983,7396
31.9559999999983,7474
31.9559999999983,9070
31.9559999999983,10128
31.9559999999983,10244
31.9559999999983,10680
31.9559999999983,10260
31.9559999999983,9650
32.0040000000008,9012
32.0040000000008,8330
32.0040000000008,8536
32.0040000000008,8750
32.0040000000008,9340
32.0040000000008,9810
32.0040000000008,8808
32.0040000000008,8048
32.0040000000008,7772
32.0509999999995,8966
32.0509999999995,9874
32.0509999999995,10188
32.0509999999995,10322
32.0509999999995,10716
32.0509999999995,9762
32.0509999999995,9168
32.0509999999995,7586
32.0509999999995,7714
32.0989999999947,8668
32.0989999999947,9424
32.0989999999947,9588
32.0989999999947,9202
32.0989999999947,8668
32.0989999999947,8120
32.0989999999947,8812
32.0989999999947,9218
32.0989999999947,10118
32.1460000000006,10276
32.1460000000006,10742
32.1460000000006,9988
32.1460000000006,9348
32.1460000000006,7842
32.1460000000006,7582
32.1460000000006,8730
32.1460000000006,9538
32.1460000000006,9208
32.1460000000006,9450
32.1939999999959,8910
32.1939999999959,7554
32.1939999999959,8356
32.1939999999959,9168
32.1939999999959,10336
32.1939999999959,10282
32.1939999999959,10764
32.1939999999959,10266
32.1939999999959,9594
32.2409999999945,8562
32.2409999999945,8022
32.2409999999945,8858
32.2409999999945,9352
32.2409999999945,9264
32.2409999999945,9830
32.2409999999945,9060
32.2409999999945,7482
32.2409999999945,7518
32.288999999997,9038
32.288999999997,10076
32.288999999997,10214
32.288999999997,10640
32.288999999997,10302
32.288999999997,9326
32.288999999997,8578
32.288999999997,8038
32.288999999997,8556
32.288999999997,8868
32.3359999999957,9326
32.3359999999957,9810
32.3359999999957,8750
32.3359999999957,7956
32.3359999999957,7700
32.3359999999957,8966
32.3359999999957,9938
32.3359999999957,10192
32.3359999999957,10312
32.3830000000016,10698
32.3830000000016,9664
32.3830000000016,9012
32.3830000000016,8324
32.3830000000016,8232
32.3830000000016,8654
32.3830000000016,9412
32.3830000000016,9716
32.3830000000016,9094
32.3830000000016,8510
32.4300000000003,8042
32.4300000000003,8976
32.4300000000003,9450
32.4300000000003,10136
32.4300000000003,10272
32.4300000000003,10706
32.4300000000003,9830
32.4300000000003,9266
32.4300000000003,8176
32.476999999999,7478
32.476999999999,8670
32.476999999999,9398
32.476999999999,9490
32.476999999999,9286
32.476999999999,8782
32.476999999999,8080
32.476999999999,8756
32.476999999999,9230
32.5239999999976,10092
32.5239999999976,10290
32.5239999999976,10744
32.5239999999976,10044
32.5239999999976,9384
32.5239999999976,7628
32.5239999999976,7488
32.5239999999976,8752
32.5239999999976,9548
32.5709999999963,9212
32.5709999999963,9470
32.5709999999963,8906
32.5709999999963,7416
32.5709999999963,8376
32.5709999999963,9136
32.5709999999963,10306
32.5709999999963,10272
32.5709999999963,10764
32.5709999999963,10244
32.6189999999988,9588
32.6189999999988,8022
32.6189999999988,7674
32.6189999999988,8760
32.6189999999988,9458
32.6189999999988,9238
32.6189999999988,9838
32.6189999999988,9048
32.6189999999988,7396
32.6659999999974,7484
32.6659999999974,9058
32.6659999999974,10110
32.6659999999974,10228
32.6659999999974,10708
32.6659999999974,10260
32.6659999999974,9306
32.6659999999974,8514
32.6659999999974,8026
32.6659999999974,8838
32.7139999999999,9346
32.7139999999999,9212
32.7139999999999,9828
32.7139999999999,8608
32.7139999999999,7746
32.7139999999999,7626
32.7139999999999,9004
32.7139999999999,9956
32.7609999999986,10188
32.7609999999986,10352
32.7609999999986,10682
32.7609999999986,9526
32.7609999999986,8844
32.7609999999986,8376
32.7609999999986,8714
32.7609999999986,9178
32.7609999999986,9276
32.7609999999986,9794
32.8079999999973,8730
32.8079999999973,8192
32.8079999999973,7858
32.8079999999973,8940
32.8079999999973,9784
32.8079999999973,10154
32.8079999999973,10286
32.8079999999973,10682
32.8079999999973,9696
32.8549999999959,9048
32.8549999999959,8304
32.8549999999959,8490
32.8549999999959,8660
32.8549999999959,9330
32.8549999999959,9696
32.8549999999959,8788
32.8549999999959,8016
32.8549999999959,8068
32.8549999999959,8958
32.9029999999984,9388
32.9029999999984,10132
32.9029999999984,10264
32.9029999999984,10682
32.9029999999984,9818
32.9029999999984,9264
32.9029999999984,8196
32.9029999999984,8284
32.9029999999984,8642
32.9499999999971,9376
32.9499999999971,9690
32.9499999999971,8966
32.9499999999971,8296
32.9499999999971,8084
32.9499999999971,8768
32.9499999999971,9234
32.9499999999971,10100
32.9499999999971,10276
32.9969999999958,10726
32.9969999999958,9992
32.9969999999958,9340
32.9969999999958,7570
32.9969999999958,7744
32.9969999999958,8660
32.9969999999958,9434
32.9969999999958,9624
32.9969999999958,9186
33.0440000000017,8634
33.0440000000017,7858
33.0440000000017,8490
33.0440000000017,9162
33.0440000000017,10110
33.0440000000017,10264
33.0440000000017,10722
33.0440000000017,10106
33.0440000000017,9336
33.0440000000017,7690
33.0919999999969,7494
33.0919999999969,8690
33.0919999999969,9366
33.0919999999969,9326
33.0919999999969,9322
33.0919999999969,8840
33.0919999999969,8058
33.0919999999969,8334
33.0919999999969,9116
33.0919999999969,10290
33.1389999999956,10250
33.1389999999956,10716
33.1389999999956,10174
33.1389999999956,9444
33.1389999999956,7832
33.1389999999956,7560
33.1389999999956,8704
33.1389999999956,9578
33.1389999999956,9176
33.1860000000015,9392
33.1860000000015,8884
33.1860000000015,7956
33.1860000000015,8552
33.1860000000015,9106
33.1860000000015,10208
33.1860000000015,10250
33.1860000000015,10728
33.1860000000015,10240
33.2330000000002,9542
33.2330000000002,8034
33.2330000000002,7678
33.2330000000002,8766
33.2330000000002,9516
33.2330000000002,9214
33.2330000000002,9470
33.2330000000002,8886
33.2330000000002,7350
33.2809999999954,8382
33.2809999999954,9076
33.2809999999954,10122
33.2809999999954,10228
33.2809999999954,10692
33.2809999999954,10296
33.2809999999954,9356
33.2809999999954,8406
33.2809999999954,7956
33.2809999999954,8786
33.3280000000013,9402
33.3280000000013,9234
33.3280000000013,9810
33.3280000000013,8848
33.3280000000013,7336
33.3280000000013,7518
33.3280000000013,9106
33.3280000000013,10010
33.3280000000013,10204
33.375,10418
33.375,10548
33.375,9474
33.375,8762
33.375,8274
33.375,8796
33.375,9290
33.375,9290
33.375,9818
33.4229999999952,8854
33.4229999999952,7628
33.4229999999952,7562
33.4229999999952,9038
33.4229999999952,10034
33.4229999999952,10214
33.4229999999952,10476
33.4229999999952,10578
33.4229999999952,9470
33.4229999999952,9112
33.4700000000012,8304
33.4700000000012,8474
33.4700000000012,8654
33.4700000000012,9376
33.4700000000012,9804
33.4700000000012,8914
33.4700000000012,8196
33.4700000000012,7874
33.4700000000012,8968
33.5179999999964,9788
33.5179999999964,10182
33.5179999999964,10326
33.5179999999964,10728
33.5179999999964,9830
33.5179999999964,9260
33.5179999999964,8248
33.5179999999964,7526
33.5179999999964,8694
33.5179999999964,9424
33.5649999999951,9520
33.5649999999951,9300
33.5649999999951,8778
33.5649999999951,8084
33.5649999999951,8742
33.5649999999951,9230
33.5649999999951,10116
33.5649999999951,10290
33.5649999999951,10752
33.6129999999976,10050
33.6129999999976,9352
33.6129999999976,7618
33.6129999999976,7642
33.6129999999976,8766
33.6129999999976,9506
33.6129999999976,9228
33.6129999999976,9494
33.6129999999976,8910
33.6589999999997,7392
33.6589999999997,8330
33.6589999999997,9156
33.6589999999997,10306
33.6589999999997,10270
33.6589999999997,10752
33.6589999999997,10240
33.6589999999997,9552
33.6589999999997,7980
33.7059999999983,7654
33.7059999999983,8808
33.7059999999983,9402
33.7059999999983,9244
33.7059999999983,9844
33.7059999999983,8958
33.7059999999983,7354
33.7059999999983,7484
33.7059999999983,9080
33.7059999999983,10142
33.752999999997,10230
33.752999999997,10754
33.752999999997,10316
33.752999999997,9522
33.752999999997,8280
33.752999999997,7868
33.752999999997,8808
33.752999999997,9290
33.752999999997,9264
33.8009999999995,9810
33.8009999999995,9022
33.8009999999995,7510
33.8009999999995,7514
33.8009999999995,9048
33.8009999999995,10074
33.8009999999995,10220
33.8009999999995,10666
33.8009999999995,10260
33.8479999999981,9330
33.8479999999981,8582
33.8479999999981,8058
33.8479999999981,8870
33.8479999999981,9372
33.8479999999981,9250
33.8479999999981,9804
33.8479999999981,8658
33.8479999999981,7832
33.8960000000006,7664
33.8960000000006,9008
33.8960000000006,9974
33.8960000000006,10192
33.8960000000006,10388
33.8960000000006,10528
33.8960000000006,9458
33.8960000000006,8742
33.8960000000006,8216
33.8960000000006,8822
33.9429999999993,9322
33.9429999999993,9306
33.9429999999993,9844
33.9429999999993,8860
33.9429999999993,8180
33.9429999999993,7868
33.9429999999993,8940
33.9429999999993,9824
33.9429999999993,10188
33.989999999998,10322
33.989999999998,10742
33.989999999998,9808
33.989999999998,9204
33.989999999998,8296
33.989999999998,8444
33.989999999998,8648
33.989999999998,9382
33.989999999998,9804
33.989999999998,9222
34.0369999999966,8670
34.0369999999966,8136
34.0369999999966,8848
34.0369999999966,9284
34.0369999999966,10178
34.0369999999966,10332
34.0369999999966,10790
34.0369999999966,10096
34.0369999999966,9408
34.0849999999991,7668
34.0849999999991,7500
34.0849999999991,8720
34.0849999999991,9366
34.0849999999991,9392
34.0849999999991,9394
34.0849999999991,8932
34.0849999999991,7284
34.0849999999991,8208
34.1319999999978,9152
34.1319999999978,10244
34.1319999999978,10286
34.1319999999978,10808
34.1319999999978,10336
34.1319999999978,9516
34.1319999999978,8330
34.1319999999978,7894
34.1319999999978,8824
34.1319999999978,9484
34.1789999999964,9296
34.1789999999964,9886
34.1789999999964,9024
34.1789999999964,7400
34.1789999999964,7638
34.1789999999964,9028
34.1789999999964,9998
34.1789999999964,10208
34.1789999999964,10414
34.2259999999951,10718
34.2259999999951,9574
34.2259999999951,8896
34.2259999999951,8370
34.2259999999951,8696
34.2259999999951,9168
34.2259999999951,9326
34.2259999999951,9828
34.2259999999951,8638
34.2259999999951,7776
34.2739999999976,7622
34.2739999999976,9004
34.2739999999976,9720
34.2739999999976,10184
34.2739999999976,10312
34.2739999999976,10716
34.2739999999976,9748
34.2739999999976,9100
34.3209999999963,8326
34.3209999999963,8500
34.3209999999963,8670
34.3209999999963,9382
34.3209999999963,9840
34.3209999999963,8864
34.3209999999963,8100
34.3209999999963,7792
34.3209999999963,8956
34.3209999999963,9936
34.3679999999949,10168
34.3679999999949,10308
34.3679999999949,10728
34.3679999999949,9856
34.3679999999949,9296
34.3679999999949,8202
34.3679999999949,8412
34.3679999999949,8686
34.3679999999949,9424
34.4159999999974,9818
34.4159999999974,8998
34.4159999999974,8316
34.4159999999974,7936
34.4159999999974,9008
34.4159999999974,9778
34.4159999999974,10194
34.4159999999974,10336
34.4159999999974,10732
34.4159999999974,9768
34.4629999999961,9132
34.4629999999961,7590
34.4629999999961,7986
34.4629999999961,8674
34.4629999999961,9458
34.4629999999961,9696
34.4629999999961,9156
34.4629999999961,8572
34.4629999999961,8146
34.5109999999986,8976
34.5109999999986,9434
34.5109999999986,10172
34.5109999999986,10306
34.5109999999986,10726
34.5109999999986,9844
34.5109999999986,9286
34.5109999999986,7616
34.5109999999986,7544
34.5570000000007,8684
34.5570000000007,9428
34.5570000000007,9612
34.5570000000007,9260
34.5570000000007,8700
34.5570000000007,8140
34.5570000000007,8850
34.5570000000007,9280
34.5570000000007,10172
34.5570000000007,10318
34.6059999999998,10774
34.6059999999998,10010
34.6059999999998,9342
34.6059999999998,7590
34.6059999999998,7576
34.6059999999998,8742
34.6059999999998,9654
34.6059999999998,9238
34.6059999999998,9464
34.6529999999984,8916
34.6529999999984,7872
34.6529999999984,8516
34.6529999999984,9204
34.6529999999984,10110
34.6529999999984,10292
34.6529999999984,10772
34.6529999999984,10146
34.6529999999984,9476
34.6529999999984,7734
34.7010000000009,7540
34.7010000000009,8808
34.7010000000009,9516
34.7010000000009,9250
34.7010000000009,9510
34.7010000000009,8940
34.7010000000009,7262
34.7010000000009,8270
34.7010000000009,9142
34.7479999999996,10286
34.7479999999996,10282
34.7479999999996,10764
34.7479999999996,10244
34.7479999999996,9568
34.7479999999996,7960
34.7479999999996,7662
34.7479999999996,8832
34.7479999999996,9434
34.7949999999983,9270
34.7949999999983,9880
34.7949999999983,9018
34.7949999999983,7366
34.7949999999983,7494
34.7949999999983,9104
34.7949999999983,10168
34.7949999999983,10256
34.7949999999983,10784
34.7949999999983,10322
34.8419999999969,9522
34.8419999999969,8288
34.8419999999969,7864
34.8419999999969,8822
34.8419999999969,9340
34.8419999999969,9302
34.8419999999969,9838
34.8419999999969,8988
34.8419999999969,7546
34.8889999999956,7540
34.8889999999956,9064
34.8889999999956,10102
34.8889999999956,10264
34.8889999999956,10698
34.8889999999956,10692
34.8889999999956,9538
34.8889999999956,8828
34.8889999999956,8346
34.9360000000015,8798
34.9360000000015,9302
34.9360000000015,9326
34.9360000000015,9846
34.9360000000015,8932
34.9360000000015,8202
34.9360000000015,7874
34.9360000000015,8962
34.9360000000015,9860
34.9839999999967,10208
34.9839999999967,10328
34.9839999999967,10734
34.9839999999967,9766
34.9839999999967,9142
34.9839999999967,8326
34.9839999999967,8500
34.9839999999967,8644
34.9839999999967,9366
34.9839999999967,9828
35.0309999999954,9166
35.0309999999954,8598
35.0309999999954,8152
35.0309999999954,8958
35.0309999999954,9378
35.0309999999954,10154
35.0309999999954,10282
35.0309999999954,10718
35.0309999999954,9820
35.0780000000013,9260
35.0780000000013,8258
35.0780000000013,8432
35.0780000000013,8670
35.0780000000013,9408
35.0780000000013,9830
35.0780000000013,9264
35.0780000000013,8722
35.0780000000013,8126
35.0780000000013,8854
35.125,9264
35.125,10168
35.125,10322
35.125,10784
35.125,10038
35.125,9366
35.125,7602
35.125,7766
35.125,8686
35.1719999999987,9458
35.1719999999987,9654
35.1719999999987,9208
35.1719999999987,8648
35.1719999999987,7858
35.1719999999987,8510
35.1719999999987,9208
35.1719999999987,10200
35.1719999999987,10302
35.2189999999973,10774
35.2189999999973,10162
35.2189999999973,9502
35.2189999999973,7772
35.2189999999973,7556
35.2189999999973,8730
35.2189999999973,9448
35.2189999999973,9228
35.2189999999973,9398
35.265999999996,8920
35.265999999996,8018
35.265999999996,8156
35.265999999996,9116
35.265999999996,10254
35.265999999996,10270
35.265999999996,10758
35.265999999996,10236
35.265999999996,9562
35.265999999996,7960
35.3139999999985,7636
35.3139999999985,8756
35.3139999999985,9538
35.3139999999985,9214
35.3139999999985,9464
35.3139999999985,8894
35.3139999999985,7750
35.3139999999985,7562
35.3139999999985,9090
35.3600000000006,10188
35.3600000000006,10256
35.3600000000006,10794
35.3600000000006,10336
35.3600000000006,9572
35.3600000000006,8290
35.3600000000006,7878
35.3600000000006,8828
35.3600000000006,9458
35.4069999999992,9228
35.4069999999992,9582
35.4069999999992,8942
35.4069999999992,7272
35.4069999999992,8044
35.4069999999992,9034
35.4069999999992,10090
35.4069999999992,10228
35.4069999999992,10742
35.4550000000017,10270
35.4550000000017,9326
35.4550000000017,8438
35.4550000000017,7962
35.4550000000017,8822
35.4550000000017,9430
35.4550000000017,9254
35.4550000000017,9854
35.4550000000017,9024
35.4550000000017,7364
35.5020000000004,7484
35.5020000000004,9068
35.5020000000004,10020
35.5020000000004,10208
35.5020000000004,10656
35.5020000000004,10440
35.5020000000004,9402
35.5020000000004,8660
35.5020000000004,7976
35.5489999999991,8884
35.5489999999991,9358
35.5489999999991,9254
35.5489999999991,9830
35.5489999999991,9050
35.5489999999991,7396
35.5489999999991,7468
35.5489999999991,9032
35.5489999999991,10116
35.5489999999991,10210
35.5970000000016,10742
35.5970000000016,10272
35.5970000000016,9582
35.5970000000016,8612
35.5970000000016,8062
35.5970000000016,8874
35.5970000000016,9384
35.5970000000016,9254
35.5970000000016,9846
35.6440000000002,9050
35.6440000000002,7382
35.6440000000002,7462
35.6440000000002,9060
35.6440000000002,10132
35.6440000000002,10218
35.6440000000002,10742
35.6440000000002,10276
35.6440000000002,9578
35.6909999999989,8130
35.6909999999989,7736
35.6909999999989,8880
35.6909999999989,9376
35.6909999999989,9260
35.6909999999989,9856
35.6909999999989,9064
35.6909999999989,7416
35.6909999999989,7490
35.7379999999976,9054
35.7379999999976,10126
35.7379999999976,10236
35.7379999999976,10758
35.7379999999976,10308
35.7379999999976,9464
35.7379999999976,8326
35.7379999999976,7878
35.7379999999976,8802
35.7379999999976,9316
35.7849999999962,9310
35.7849999999962,9844
35.7849999999962,8848
35.7849999999962,7618
35.7849999999962,7586
35.7849999999962,9064
35.7849999999962,10056
35.7849999999962,10230
35.7849999999962,10680
35.8319999999949,10574
35.8319999999949,9466
35.8319999999949,8746
35.8319999999949,8202
35.8319999999949,8854
35.8319999999949,9340
35.8319999999949,9352
35.8319999999949,9818
35.8319999999949,8804
35.8799999999974,8016
35.8799999999974,7762
35.8799999999974,8998
35.8799999999974,9932
35.8799999999974,10194
35.8799999999974,10398
35.8799999999974,10698
35.8799999999974,9598
35.8799999999974,8940
35.926999999996,8260
35.926999999996,8674
35.926999999996,9140
35.926999999996,9382
35.926999999996,9792
35.926999999996,8946
35.926999999996,8264
35.926999999996,7898
35.926999999996,8982
35.926999999996,9782
35.9739999999947,10174
35.9739999999947,10270
35.9739999999947,10696
35.9739999999947,9660
35.9739999999947,9022
35.9739999999947,8336
35.9739999999947,8582
35.9739999999947,8922
35.9739999999947,9306
35.9739999999947,9766
36.0219999999972,8978
36.0219999999972,8324
36.0219999999972,7908
36.0219999999972,9024
36.0219999999972,9716
36.0219999999972,10168
36.0219999999972,10270
36.0219999999972,10692
36.0219999999972,9686
36.0689999999959,9038
36.0689999999959,8334
36.0689999999959,8562
36.0689999999959,8760
36.0689999999959,9330
36.0689999999959,9814
36.0689999999959,9050
36.0689999999959,8422
36.0689999999959,7988
36.1159999999945,9104
36.1159999999945,9620
36.1159999999945,10168
36.1159999999945,10292
36.1159999999945,10712
36.1159999999945,9768
36.1159999999945,9172
36.1159999999945,8310
36.1159999999945,8468
36.1630000000005,8622
36.1630000000005,9356
36.1630000000005,9814
36.1630000000005,8850
36.1630000000005,8596
36.1630000000005,8156
36.1630000000005,8952
36.1630000000005,9340
36.1630000000005,10154
36.1630000000005,10292
36.2099999999991,10718
36.2099999999991,9860
36.2099999999991,9296
36.2099999999991,8176
36.2099999999991,8392
36.2099999999991,8658
36.2099999999991,9402
36.2099999999991,9798
36.2099999999991,8962
36.2569999999978,8742
36.2569999999978,8114
36.2569999999978,8802
36.2569999999978,9244
36.2569999999978,10136
36.2569999999978,10308
36.2569999999978,10768
36.2569999999978,10028
36.2569999999978,9366
36.3050000000003,7586
36.3050000000003,7766
36.3050000000003,8670
36.3050000000003,9430
36.3050000000003,9640
36.3050000000003,9132
36.3050000000003,8560
36.3050000000003,8136
36.3050000000003,8582
36.351999999999,9194
36.351999999999,10040
36.351999999999,10282
36.351999999999,10754
36.351999999999,10074
36.351999999999,9408
36.351999999999,7654
36.351999999999,7494
36.351999999999,8680
36.351999999999,9402
36.4000000000015,9546
36.4000000000015,9240
36.4000000000015,8700
36.4000000000015,8120
36.4000000000015,8434
36.4000000000015,9178
36.4000000000015,10302
36.4000000000015,10282
36.4000000000015,10762
36.4470000000001,10164
36.4470000000001,9512
36.4470000000001,7786
36.4470000000001,7556
36.4470000000001,8726
36.4470000000001,9464
36.4470000000001,9194
36.4470000000001,9378
36.4470000000001,8904
36.4470000000001,8008
36.4939999999988,8634
36.4939999999988,9106
36.4939999999988,10234
36.4939999999988,10240
36.4939999999988,10742
36.4939999999988,10194
36.4939999999988,9546
36.4939999999988,7868
36.4939999999988,7606
36.5409999999974,8742
36.5409999999974,9598
36.5409999999974,9188
36.5409999999974,9408
36.5409999999974,8884
36.5409999999974,7936
36.5409999999974,8562
36.5409999999974,9198
36.5409999999974,10218
36.5889999999999,10260
36.5889999999999,10758
36.5889999999999,10254
36.5889999999999,9578
36.5889999999999,8034
36.5889999999999,7688
36.5889999999999,8778
36.5889999999999,9538
36.5889999999999,9238
36.6359999999986,9496
36.6359999999986,8936
36.6359999999986,7336
36.6359999999986,8360
36.6359999999986,9142
36.6359999999986,10300
36.6359999999986,10266
36.6359999999986,10748
36.6359999999986,10302
36.6359999999986,9466
36.6829999999973,8300
36.6829999999973,7868
36.6829999999973,8814
36.6829999999973,9470
36.6829999999973,9254
36.6829999999973,9722
36.6829999999973,8994
36.6829999999973,7324
36.6829999999973,7730
36.6829999999973,9104
36.7299999999959,10188
36.7299999999959,10254
36.7299999999959,10768
36.7299999999959,10300
36.7299999999959,9584
36.7299999999959,8664
36.7299999999959,8012
36.7299999999959,8906
36.7779999999984,9372
36.7779999999984,9302
36.7779999999984,9856
36.7779999999984,9034
36.7779999999984,7544
36.7779999999984,7556
36.7779999999984,9064
36.7779999999984,10076
36.7779999999984,10228
36.7779999999984,10702
36.8249999999971,10342
36.8249999999971,9358
36.8249999999971,8612
36.8249999999971,8294
36.8249999999971,8598
36.8249999999971,8922
36.8249999999971,9342
36.8249999999971,9824
36.8249999999971,8750
36.8719999999958,7934
36.8719999999958,7730
36.8719999999958,9008
36.8719999999958,9956
36.8719999999958,10184
36.8719999999958,10516
36.8719999999958,10728
36.8719999999958,9532
36.8719999999958,8850
36.8719999999958,8372
36.9190000000017,8730
36.9190000000017,8632
36.9190000000017,9372
36.9190000000017,9802
36.9190000000017,8886
36.9190000000017,8166
36.9190000000017,7812
36.9190000000017,8906
36.9190000000017,9824
36.9660000000003,10164
36.9660000000003,10270
36.9660000000003,10686
36.9660000000003,9648
36.9660000000003,8998
36.9660000000003,8334
36.9660000000003,8596
36.9660000000003,8926
36.9660000000003,9414
37.0139999999956,9758
37.0139999999956,9044
37.0139999999956,8418
37.0139999999956,7998
37.0139999999956,9104
37.0139999999956,9618
37.0139999999956,10168
37.0139999999956,10296
37.0139999999956,10708
37.0599999999977,9804
37.0599999999977,9234
37.0599999999977,8270
37.0599999999977,8442
37.0599999999977,8660
37.0599999999977,9434
37.0599999999977,9608
37.0599999999977,9270
37.0599999999977,8720
37.0599999999977,8124
37.1080000000002,8802
37.1080000000002,9240
37.1080000000002,10142
37.1080000000002,10292
37.1080000000002,10744
37.1080000000002,9988
37.1080000000002,9342
37.1080000000002,7582
37.1080000000002,7944
37.1549999999988,8678
37.1549999999988,9578
37.1549999999988,9198
37.1549999999988,9418
37.1549999999988,8858
37.1549999999988,7946
37.1549999999988,8562
37.1549999999988,9186
37.1549999999988,10034
37.1549999999988,10266
37.2019999999975,10752
37.2019999999975,10070
37.2019999999975,9412
37.2019999999975,7636
37.2019999999975,7488
37.2019999999975,8684
37.2019999999975,9332
37.2019999999975,9538
37.2489999999962,9474
37.2489999999962,8900
37.2489999999962,7540
37.2489999999962,8428
37.2489999999962,9172
37.2489999999962,10342
37.2489999999962,10282
37.2489999999962,10764
37.2489999999962,10184
37.2489999999962,9536
37.2969999999987,7818
37.2969999999987,7556
37.2969999999987,8740
37.2969999999987,9526
37.2969999999987,9240
37.2969999999987,9476
37.2969999999987,8910
37.2969999999987,7346
37.2969999999987,7580
37.3430000000008,9094
37.3430000000008,10164
37.3430000000008,10230
37.3430000000008,10738
37.3430000000008,10260
37.3430000000008,9578
37.3430000000008,8052
37.3430000000008,7698
37.3430000000008,8778
37.3430000000008,9542
37.390999999996,9266
37.390999999996,9506
37.390999999996,8966
37.390999999996,7288
37.390999999996,7526
37.390999999996,9084
37.390999999996,10110
37.390999999996,10240
37.390999999996,10698
37.4379999999946,10318
37.4379999999946,9366
37.4379999999946,8614
37.4379999999946,8068
37.4379999999946,8896
37.4379999999946,9394
37.4379999999946,9310
37.4379999999946,9866
37.4379999999946,9044
37.4850000000006,7550
37.4850000000006,7546
37.4850000000006,8994
37.4850000000006,9906
37.4850000000006,10194
37.4850000000006,10306
37.4850000000006,10696
37.4850000000006,9644
37.4850000000006,8998
37.5319999999992,8258
37.5319999999992,8614
37.5319999999992,8896
37.5319999999992,9366
37.5319999999992,9850
37.5319999999992,8804
37.5319999999992,7998
37.5319999999992,7754
37.5319999999992,9008
37.5319999999992,9428
37.5800000000017,10168
37.5800000000017,10302
37.5800000000017,10732
37.5800000000017,9882
37.5800000000017,9306
37.5800000000017,8114
37.5800000000017,8356
37.5800000000017,8684
37.5800000000017,9440
37.5800000000017,9798
37.6270000000004,9084
37.6270000000004,8478
37.6270000000004,8064
37.6270000000004,9068
37.6270000000004,9240
37.6270000000004,10080
37.6270000000004,10316
37.6270000000004,10798
37.6270000000004,10146
37.6749999999956,9494
37.6749999999956,7734
37.6749999999956,7540
37.6749999999956,8740
37.6749999999956,9558
37.6749999999956,9238
37.6749999999956,9430
37.6749999999956,8926
37.6749999999956,7962
37.7220000000016,8572
37.7220000000016,9112
37.7220000000016,10218
37.7220000000016,10256
37.7220000000016,10764
37.7220000000016,10264
37.7220000000016,9588
37.7220000000016,8048
37.7220000000016,7700
37.7690000000002,8772
37.7690000000002,9530
37.7690000000002,9230
37.7690000000002,9496
37.7690000000002,8942
37.7690000000002,7282
37.7690000000002,8360
37.7690000000002,9084
37.7690000000002,10126
37.7690000000002,10236
37.8169999999955,10732
37.8169999999955,10276
37.8169999999955,9332
37.8169999999955,8424
37.8169999999955,7970
37.8169999999955,8802
37.8169999999955,9440
37.8169999999955,9254
37.8169999999955,9854
37.8640000000014,9034
37.8640000000014,7360
37.8640000000014,7508
37.8640000000014,9094
37.8640000000014,10024
37.8640000000014,10208
37.8640000000014,10598
37.8640000000014,10568
37.8640000000014,9428
37.9119999999966,8696
37.9119999999966,8088
37.9119999999966,8868
37.9119999999966,9330
37.9119999999966,9250
37.9119999999966,9820
37.9119999999966,9050
37.9119999999966,7428
37.9119999999966,7474
37.9119999999966,9044
37.9589999999953,10116
37.9589999999953,10230
37.9589999999953,10726
37.9589999999953,10296
37.9589999999953,9440
37.9589999999953,8788
37.9589999999953,8294
37.9589999999953,8796
37.9589999999953,9320
38.0069999999978,9330
38.0069999999978,9854
38.0069999999978,8768
38.0069999999978,7674
38.0069999999978,7590
38.0069999999978,9022
38.0069999999978,10044
38.0069999999978,10218
38.0069999999978,10578
38.0069999999978,10480
38.0539999999964,9480
38.0539999999964,8760
38.0539999999964,8290
38.0539999999964,8488
38.0539999999964,8664
38.0539999999964,9388
38.0539999999964,9820
38.0539999999964,8906
38.0539999999964,8180
38.101999999999,7864
38.101999999999,8950
38.101999999999,9864
38.101999999999,10200
38.101999999999,10342
38.101999999999,10738
38.101999999999,9784
38.101999999999,9166
38.101999999999,8300
38.1489999999976,8452
38.1489999999976,8700
38.1489999999976,9480
38.1489999999976,9612
38.1489999999976,9270
38.1489999999976,8766
38.1489999999976,8140
38.1489999999976,8812
38.1489999999976,9254
38.1949999999997,10158
38.1949999999997,10306
38.1949999999997,10752
38.1949999999997,9998
38.1949999999997,9346
38.1949999999997,7556
38.1949999999997,7826
38.1949999999997,8746
38.1949999999997,9602
38.1949999999997,9248
38.2429999999949,9480
38.2429999999949,8920
38.2429999999949,7662
38.2429999999949,8324
38.2429999999949,9186
38.2429999999949,10282
38.2429999999949,10292
38.2429999999949,10774
38.2429999999949,10188
38.2900000000009,9538
38.2900000000009,7822
38.2900000000009,7572
38.2900000000009,8752
38.2900000000009,9638
38.2900000000009,9290
38.2900000000009,9854
38.2900000000009,9028
38.2900000000009,7380
38.3369999999995,7518
38.3369999999995,9096
38.3369999999995,10162
38.3369999999995,10246
38.3369999999995,10762
38.3369999999995,10312
38.3369999999995,9474
38.3369999999995,8306
38.3369999999995,7894
38.3839999999982,8822
38.3839999999982,9454
38.3839999999982,9250
38.3839999999982,9738
38.3839999999982,8982
38.3839999999982,7596
38.3839999999982,7566
38.3839999999982,9038
38.3839999999982,10050
38.3839999999982,10210
38.4309999999969,10600
38.4309999999969,10272
38.4309999999969,9336
38.4309999999969,8582
38.4309999999969,8048
38.4309999999969,8864
38.4309999999969,9368
38.4309999999969,9248
38.4309999999969,9840
38.4789999999994,9054
38.4789999999994,7390
38.4789999999994,7474
38.4789999999994,8982
38.4789999999994,9982
38.4789999999994,10174
38.4789999999994,10506
38.4789999999994,10316
38.4789999999994,9340
38.4789999999994,8586
38.525999999998,8044
38.525999999998,8864
38.525999999998,9378
38.525999999998,9264
38.525999999998,9846
38.525999999998,9064
38.525999999998,7406
38.525999999998,7498
38.525999999998,9008
38.5729999999967,9998
38.5729999999967,10208
38.5729999999967,10312
38.5729999999967,10728
38.5729999999967,9566
38.5729999999967,8890
38.5729999999967,8406
38.5729999999967,8714
38.5729999999967,9218
38.6209999999992,9330
38.6209999999992,9830
38.6209999999992,8644
38.6209999999992,7762
38.6209999999992,7636
38.6209999999992,9014
38.6209999999992,10008
38.6209999999992,10192
38.6209999999992,10280
38.6209999999992,10686
38.6679999999978,9676
38.6679999999978,9034
38.6679999999978,8326
38.6679999999978,8526
38.6679999999978,8804
38.6679999999978,9342
38.6679999999978,9814
38.6679999999978,8756
38.6679999999978,7950
38.7149999999965,7726
38.7149999999965,8992
38.7149999999965,9952
38.7149999999965,10192
38.7149999999965,10286
38.7149999999965,10706
38.7149999999965,9552
38.7149999999965,8880
38.7149999999965,8252
38.762999999999,8418
38.762999999999,8658
38.762999999999,9388
38.762999999999,9804
38.762999999999,8950
38.762999999999,8254
38.762999999999,7888
38.762999999999,9004
38.762999999999,9758
38.8110000000015,10194
38.8110000000015,10326
38.8110000000015,10738
38.8110000000015,9824
38.8110000000015,9250
38.8110000000015,8284
38.8110000000015,7592
38.8110000000015,8704
38.8110000000015,9448
38.8110000000015,9568
38.8580000000002,9280
38.8580000000002,8746
38.8580000000002,8124
38.8580000000002,8814
38.8580000000002,9250
38.8580000000002,10148
38.8580000000002,10282
38.8580000000002,10734
38.8580000000002,9942
38.9059999999954,9312
38.9059999999954,7710
38.9059999999954,8172
38.9059999999954,8730
38.9059999999954,9434
38.9059999999954,9248
38.9059999999954,9440
38.9059999999954,8932
38.9059999999954,7980
38.9059999999954,8568
38.9530000000013,9212
38.9530000000013,10066
38.9530000000013,10296
38.9530000000013,10780
38.9530000000013,10132
38.9530000000013,9484
38.9530000000013,7724
38.9530000000013,7530
38.9530000000013,8796
39,9510
39,9230
39,9476
39,8946
39,7268
39,8330
39,9130
39,10300
39,10266
39.0469999999987,10778
39.0469999999987,10218
39.0469999999987,9558
39.0469999999987,7890
39.0469999999987,7600
39.0469999999987,8752
39.0469999999987,9562
39.0469999999987,9204
39.0469999999987,9748
39.0469999999987,8978
39.0950000000012,7304
39.0950000000012,7756
39.0950000000012,9100
39.0950000000012,10198
39.0950000000012,10240
39.0950000000012,10744
39.0950000000012,10236
39.0950000000012,9566
39.0950000000012,7960
39.140999999996,7632
39.140999999996,8750
39.140999999996,9574
39.140999999996,9218
39.140999999996,9476
39.140999999996,8910
39.140999999996,7350
39.140999999996,7514
39.140999999996,9096
39.140999999996,10172
39.1889999999985,10244
39.1889999999985,10768
39.1889999999985,10276
39.1889999999985,9582
39.1889999999985,8106
39.1889999999985,7740
39.1889999999985,8792
39.1889999999985,9516
39.2359999999971,9228
39.2359999999971,9474
39.2359999999971,8940
39.2359999999971,7412
39.2359999999971,7484
39.2359999999971,9058
39.2359999999971,10122
39.2359999999971,10214
39.2359999999971,10752
39.2359999999971,10286
39.2839999999997,9556
39.2839999999997,8176
39.2839999999997,7780
39.2839999999997,8778
39.2839999999997,9490
39.2839999999997,9218
39.2839999999997,9470
39.2839999999997,8932
39.2839999999997,7262
39.3309999999983,7474
39.3309999999983,9048
39.3309999999983,10110
39.3309999999983,10208
39.3309999999983,10728
39.3309999999983,10256
39.3309999999983,9566
39.3309999999983,8058
39.3309999999983,7690
39.3309999999983,8762
39.377999999997,9520
39.377999999997,9212
39.377999999997,9480
39.377999999997,8914
39.377999999997,7472
39.377999999997,7468
39.377999999997,9044
39.377999999997,10138
39.377999999997,10224
39.4249999999956,10758
39.4249999999956,10256
39.4249999999956,9578
39.4249999999956,8054
39.4249999999956,7690
39.4249999999956,8776
39.4249999999956,9536
39.4249999999956,9230
39.4249999999956,9484
39.4720000000016,8922
39.4720000000016,7400
39.4720000000016,7498
39.4720000000016,9076
39.4720000000016,10154
39.4720000000016,10260
39.4720000000016,10794
39.4720000000016,10342
39.4720000000016,9358
39.4720000000016,8432
39.5199999999968,7982
39.5199999999968,8808
39.5199999999968,9418
39.5199999999968,9244
39.5199999999968,9828
39.5199999999968,9002
39.5199999999968,7340
39.5199999999968,7570
39.5199999999968,9022
39.5669999999955,10040
39.5669999999955,10204
39.5669999999955,10636
39.5669999999955,10280
39.5669999999955,9302
39.5669999999955,8536
39.5669999999955,8028
39.5669999999955,8838
39.5669999999955,9412
39.5669999999955,9260
39.6140000000014,9864
39.6140000000014,9068
39.6140000000014,7386
39.6140000000014,7504
39.6140000000014,9080
39.6140000000014,10014
39.6140000000014,10210
39.6140000000014,10430
39.6140000000014,10634
39.6619999999966,9444
39.6619999999966,8714
39.6619999999966,8150
39.6619999999966,8878
39.6619999999966,9358
39.6619999999966,9302
39.6619999999966,9846
39.6619999999966,9044
39.6619999999966,7544
39.7089999999953,7530
39.7089999999953,9040
39.7089999999953,9932
39.7089999999953,10184
39.7089999999953,10286
39.7089999999953,10708
39.7089999999953,9542
39.7089999999953,8850
39.7089999999953,8304
39.7549999999974,8750
39.7549999999974,9270
39.7549999999974,9326
39.7549999999974,9840
39.7549999999974,8722
39.7549999999974,7704
39.7549999999974,7606
39.7549999999974,9034
39.7549999999974,10038
39.7549999999974,10214
39.8029999999999,10568
39.8029999999999,10296
39.8029999999999,9674
39.8029999999999,9024
39.8029999999999,8356
39.8029999999999,8578
39.8029999999999,8854
39.8029999999999,9332
39.8029999999999,9818
39.8499999999985,8710
39.8499999999985,7878
39.8499999999985,7688
39.8499999999985,8992
39.8499999999985,9978
39.8499999999985,10192
39.8499999999985,10390
39.8499999999985,10532
39.8499999999985,9450
39.8969999999972,8716
39.8969999999972,8314
39.8969999999972,8490
39.8969999999972,8696
39.8969999999972,9366
39.8969999999972,9818
39.8969999999972,8814
39.8969999999972,8022
39.8969999999972,7766
39.9439999999959,8992
39.9439999999959,9942
39.9439999999959,10194
39.9439999999959,10292
39.9439999999959,10732
39.9439999999959,9592
39.9439999999959,8922
39.9439999999959,8396
39.9439999999959,8382
39.9439999999959,8658
39.9919999999984,9392
39.9919999999984,9804
39.9919999999984,8956
39.9919999999984,8268
39.9919999999984,7904
39.9919999999984,8998
39.9919999999984,9808
39.9919999999984,10188
39.9919999999984,10300
40.038999999997,10696
40.038999999997,9676
40.038999999997,9038
40.038999999997,8342
40.038999999997,8560
40.038999999997,8664
40.038999999997,9430
40.038999999997,9752
40.038999999997,9074
40.038999999997,8454
40.0859999999957,8042
40.0859999999957,9094
40.0859999999957,9542
40.0859999999957,10152
40.0859999999957,10270
40.0859999999957,10686
40.0859999999957,9676
40.0859999999957,9034
40.0859999999957,8342
40.1330000000016,8546
40.1330000000016,8798
40.1330000000016,9424
40.1330000000016,9726
40.1330000000016,9058
40.1330000000016,8424
40.1330000000016,7998
40.1330000000016,9106
40.1330000000016,9572
40.1809999999969,10178
40.1809999999969,10308
40.1809999999969,10728
40.1809999999969,9818
40.1809999999969,9248
40.1809999999969,8280
40.1809999999969,8412
40.1809999999969,8658
40.1809999999969,9466
40.2279999999955,9582
40.2279999999955,9240
40.2279999999955,8690
40.2279999999955,8136
40.2279999999955,8868
40.2279999999955,9284
40.2279999999955,10162
40.2279999999955,10292
40.2279999999955,10744
40.2279999999955,9942
40.2750000000015,9312
40.2750000000015,7746
40.2750000000015,8186
40.2750000000015,8670
40.2750000000015,9434
40.2750000000015,9234
40.2750000000015,9376
40.2750000000015,8910
40.2750000000015,8034
40.2750000000015,8644
40.3229999999967,9212
40.3229999999967,10086
40.3229999999967,10290
40.3229999999967,10764
40.3229999999967,10050
40.3229999999967,9394
40.3229999999967,7632
40.3229999999967,7554
40.3699999999953,8690
40.3699999999953,9466
40.3699999999953,9566
40.3699999999953,9464
40.3699999999953,8914
40.3699999999953,7716
40.3699999999953,8376
40.3699999999953,9176
40.3699999999953,10148
40.3699999999953,10280
40.4179999999978,10780
40.4179999999978,10164
40.4179999999978,9516
40.4179999999978,7772
40.4179999999978,7554
40.4179999999978,8716
40.4179999999978,9434
40.4179999999978,9212
40.4179999999978,9340
40.4649999999965,8942
40.4649999999965,7258
40.4649999999965,8324
40.4649999999965,9120
40.4649999999965,10292
40.4649999999965,10244
40.4649999999965,10734
40.4649999999965,10122
40.4649999999965,9480
40.4649999999965,7726
40.512999999999,7520
40.512999999999,8696
40.512999999999,9420
40.512999999999,9266
40.512999999999,9340
40.512999999999,8838
40.512999999999,7264
40.512999999999,8340
40.512999999999,9116
40.5599999999977,10286
40.5599999999977,10240
40.5599999999977,10738
40.5599999999977,10168
40.5599999999977,9520
40.5599999999977,7776
40.5599999999977,7554
40.5599999999977,8722
40.5599999999977,9438
40.6069999999963,9228
40.6069999999963,9358
40.6069999999963,8880
40.6069999999963,8048
40.6069999999963,8334
40.6069999999963,9146
40.6069999999963,10312
40.6069999999963,10272
40.6069999999963,10778
40.6069999999963,10184
40.6549999999988,9538
40.6549999999988,7806
40.6549999999988,7566
40.6549999999988,8726
40.6549999999988,9506
40.6549999999988,9208
40.6549999999988,9372
40.6549999999988,8884
40.6549999999988,8034
40.7019999999975,8310
40.7019999999975,9130
40.7019999999975,10306
40.7019999999975,10264
40.7019999999975,10758
40.7019999999975,10152
40.7019999999975,9500
40.7019999999975,7744
40.7019999999975,7520
40.7019999999975,8726
40.75,9470
40.75,9274
40.75,9398
40.75,8930
40.75,8042
40.75,8678
40.75,9126
40.75,10292
40.75,10270
40.7979999999952,10774
40.7979999999952,10198
40.7979999999952,9548
40.7979999999952,7826
40.7979999999952,7560
40.7979999999952,8746
40.7979999999952,9548
40.7979999999952,9218
40.7979999999952,9420
40.8450000000012,8916
40.8450000000012,8008
40.8450000000012,8618
40.8450000000012,9214
40.8450000000012,10270
40.8450000000012,10266
40.8450000000012,10780
40.8450000000012,10240
40.8450000000012,9578
40.8450000000012,7908
40.8929999999964,7616
40.8929999999964,8762
40.8929999999964,9574
40.8929999999964,9222
40.8929999999964,9450
40.8929999999964,8910
40.8929999999964,7926
40.8929999999964,8530
40.8929999999964,9198
40.9389999999985,10038
40.9389999999985,10250
40.9389999999985,10768
40.9389999999985,10220
40.9389999999985,9572
40.9389999999985,7900
40.9389999999985,7596
40.9389999999985,8746
40.9389999999985,9548
40.9389999999985,9214
40.987000000001,9428
40.987000000001,8906
40.987000000001,7956
40.987000000001,8562
40.987000000001,9186
40.987000000001,10080
40.987000000001,10228
40.987000000001,10742
41.0339999999997,10136
41.0339999999997,9480
41.0339999999997,7724
41.0339999999997,7518
41.0339999999997,8706
41.0339999999997,9448
41.0339999999997,9340
41.0339999999997,9312
41.0339999999997,8804
41.0339999999997,8080
41.0819999999949,8788
41.0819999999949,9254
41.0819999999949,10168
41.0819999999949,10306
41.0819999999949,10762
41.0819999999949,9962
41.0819999999949,9506
41.0819999999949,7754
41.0819999999949,7540
41.1290000000008,8730
41.1290000000008,9450
41.1290000000008,9274
41.1290000000008,9368
41.1290000000008,8880
41.1290000000008,8054
41.1290000000008,8710
41.1290000000008,9244
41.1290000000008,10136
41.1290000000008,10290
41.1759999999995,10754
41.1759999999995,9984
41.1759999999995,9342
41.1759999999995,7792
41.1759999999995,7560
41.1759999999995,8740
41.1759999999995,9454
41.1759999999995,9212
41.1759999999995,9382
41.2229999999981,8906
41.2229999999981,8034
41.2229999999981,8650
41.2229999999981,9238
41.2229999999981,10122
41.2229999999981,10300
41.2229999999981,10774
41.2229999999981,10040
41.2229999999981,9382
41.2699999999968,7622
41.2699999999968,7600
41.2699999999968,8762
41.2699999999968,9578
41.2699999999968,9222
41.2699999999968,9438
41.2699999999968,8926
41.2699999999968,7934
41.2699999999968,8562
41.3179999999993,9182
41.3179999999993,10060
41.3179999999993,10256
41.3179999999993,10738
41.3179999999993,9984
41.3179999999993,9336
41.3179999999993,7790
41.3179999999993,7544
41.3179999999993,8726
41.3179999999993,9470
41.364999999998,9224
41.364999999998,9352
41.364999999998,8860
41.364999999998,8042
41.364999999998,8722
41.364999999998,9248
41.364999999998,10142
41.364999999998,10286
41.364999999998,10748
41.364999999998,9956
41.4119999999966,9320
41.4119999999966,7842
41.4119999999966,7534
41.4119999999966,8726
41.4119999999966,9526
41.4119999999966,9260
41.4119999999966,9382
41.4119999999966,8896
41.4119999999966,8038
41.4589999999953,8690
41.4589999999953,9224
41.4589999999953,10110
41.4589999999953,10276
41.4589999999953,10748
41.4589999999953,9972
41.4589999999953,9330
41.4589999999953,7766
41.4589999999953,7554
41.5060000000012,8746
41.5060000000012,9466
41.5060000000012,9228
41.5060000000012,9412
41.5060000000012,8936
41.5060000000012,8018
41.5060000000012,8664
41.5060000000012,9234
41.5060000000012,10086
41.5529999999999,10302
41.5529999999999,10774
41.5529999999999,10070
41.5529999999999,9414
41.5529999999999,7642
41.5529999999999,7648
41.5529999999999,8768
41.5529999999999,9620
41.5529999999999,9258
41.5529999999999,9512
41.6009999999951,8946
41.6009999999951,7590
41.6009999999951,8468
41.6009999999951,9182
41.6009999999951,10256
41.6009999999951,10290
41.6009999999951,10774
41.6009999999951,10142
41.6009999999951,9494
41.648000000001,7734
41.648000000001,7526
41.648000000001,8808
41.648000000001,9538
41.648000000001,9260
41.648000000001,9506
41.648000000001,8992
41.648000000001,7298
41.648000000001,8304
41.6949999999997,9152
41.6949999999997,10302
41.6949999999997,10286
41.6949999999997,10800
41.6949999999997,10256
41.6949999999997,9594
41.6949999999997,7962
41.6949999999997,7626
41.6949999999997,8786
41.7419999999984,9466
41.7419999999984,9294
41.7419999999984,9896
41.7419999999984,9096
41.7419999999984,7422
41.7419999999984,7500
41.7419999999984,9106
41.7419999999984,10174
41.7419999999984,10272
41.7419999999984,10816
41.788999999997,10364
41.788999999997,9418
41.788999999997,8376
41.788999999997,7934
41.788999999997,8818
41.788999999997,9460
41.788999999997,9248
41.788999999997,9738
41.788999999997,8874
41.8359999999957,7616
41.8359999999957,7556
41.8359999999957,9058
41.8359999999957,10086
41.8359999999957,10230
41.8359999999957,10728
41.8359999999957,10286
41.8359999999957,9294
41.8359999999957,8484
41.8359999999957,8002
41.8830000000016,8814
41.8830000000016,9430
41.8830000000016,9248
41.8830000000016,9844
41.8830000000016,9054
41.8830000000016,7698
41.8830000000016,7602
41.8830000000016,9040
41.8830000000016,10044
41.9300000000003,10214
41.9300000000003,10670
41.9300000000003,10266
41.9300000000003,9280
41.9300000000003,8474
41.9300000000003,8012
41.9300000000003,8812
41.9300000000003,9414
41.9300000000003,9238
41.9779999999955,9810
41.9779999999955,9024
41.9779999999955,7336
41.9779999999955,7672
41.9779999999955,9040
41.9779999999955,10056
41.9779999999955,10218
41.9779999999955,10656
41.9779999999955,10292
42.0250000000015,9378
42.0250000000015,8612
42.0250000000015,8094
42.0250000000015,8886
42.0250000000015,9384
42.0250000000015,9270
42.0250000000015,9864
42.0250000000015,9094
42.0250000000015,7438
42.0250000000015,7500
42.0720000000001,9022
42.0720000000001,9998
42.0720000000001,10210
42.0720000000001,10418
42.0720000000001,10472
42.0720000000001,9430
42.0720000000001,8686
42.0720000000001,8114
42.0720000000001,8904
42.1189999999988,9382
42.1189999999988,9310
42.1189999999988,9874
42.1189999999988,9074
42.1189999999988,7576
42.1189999999988,7566
42.1189999999988,9058
42.1189999999988,10100
42.1189999999988,10246
42.1659999999974,10322
42.1659999999974,10744
42.1659999999974,9654
42.1659999999974,8988
42.1659999999974,8350
42.1659999999974,8634
42.1659999999974,9090
42.1659999999974,9368
42.1659999999974,9850
42.2129999999961,8730
42.2129999999961,7910
42.2129999999961,7716
42.2129999999961,9024
42.2129999999961,9998
42.2129999999961,10204
42.2129999999961,10394
42.2129999999961,10604
42.2129999999961,9494
42.2129999999961,8762
42.2609999999986,8324
42.2609999999986,8500
42.2609999999986,8690
42.2609999999986,9394
42.2609999999986,9846
42.2609999999986,8878
42.2609999999986,8116
42.2609999999986,7832
42.2609999999986,8998
42.3079999999973,9920
42.3079999999973,10198
42.3079999999973,10280
42.3079999999973,10716
42.3079999999973,9542
42.3079999999973,8850
42.3079999999973,8296
42.3079999999973,8434
42.3079999999973,8650
42.3079999999973,9388
42.3549999999959,9824
42.3549999999959,8890
42.3549999999959,8140
42.3549999999959,7842
42.3549999999959,8982
42.3549999999959,9900
42.3549999999959,10182
42.3549999999959,10264
42.4029999999984,10686
42.4029999999984,9494
42.4029999999984,8782
42.4029999999984,8212
42.4029999999984,8828
42.4029999999984,8658
42.4029999999984,9376
42.4029999999984,9824
42.4029999999984,8834
42.4029999999984,8048
42.4499999999971,7782
42.4499999999971,9002
42.4499999999971,9948
42.4499999999971,10194
42.4499999999971,10286
42.4499999999971,10660
42.4499999999971,9490
42.4499999999971,8768
42.4499999999971,8218
42.4979999999996,8822
42.4979999999996,9342
42.4979999999996,9296
42.4979999999996,9820
42.4979999999996,8812
42.4979999999996,8012
42.4979999999996,7760
42.4979999999996,9002
42.4979999999996,9956
42.4979999999996,10192
42.5449999999983,10326
42.5449999999983,10544
42.5449999999983,9438
42.5449999999983,8696
42.5449999999983,8106
42.5449999999983,8886
42.5449999999983,9384
42.5449999999983,9300
42.5449999999983,9864
42.5919999999969,9086
42.5919999999969,7982
42.5919999999969,7754
42.5919999999969,9014
42.5919999999969,9972
42.5919999999969,10192
42.5919999999969,10346
42.5919999999969,10564
42.5919999999969,9448
42.6389999999956,8716
42.6389999999956,8126
42.6389999999956,8878
42.6389999999956,9368
42.6389999999956,9306
42.6389999999956,9860
42.6389999999956,9070
42.6389999999956,7498
42.6389999999956,7760
42.6389999999956,9012
42.6860000000015,9974
42.6860000000015,10214
42.6860000000015,10308
42.6860000000015,10728
42.6860000000015,9582
42.6860000000015,8894
42.6860000000015,8376
42.6860000000015,8732
42.6860000000015,9208
42.7330000000002,9310
42.7330000000002,9830
42.7330000000002,8752
42.7330000000002,7618
42.7330000000002,7554
42.7330000000002,8946
42.7330000000002,9860
42.7330000000002,10198
42.7330000000002,10306
42.7330000000002,10702
42.7819999999992,9624
42.7819999999992,8962
42.7819999999992,8382
42.7819999999992,8654
42.7819999999992,9140
42.7819999999992,9352
42.7819999999992,9846
42.7819999999992,8680
42.8280000000013,7826
42.8280000000013,7638
42.8280000000013,9018
42.8280000000013,9660
42.8280000000013,10178
42.8280000000013,10290
42.8280000000013,10682
42.8280000000013,9690
42.8280000000013,9038
42.8280000000013,8356
42.8759999999966,8576
42.8759999999966,8834
42.8759999999966,9358
42.8759999999966,9830
42.8759999999966,8740
42.8759999999966,7916
42.8759999999966,7688
42.8759999999966,9028
42.8759999999966,9984
42.9229999999952,10188
42.9229999999952,10312
42.9229999999952,10734
42.9229999999952,9824
42.9229999999952,9234
42.9229999999952,8294
42.9229999999952,8438
42.9229999999952,8680
42.9229999999952,9420
42.9229999999952,9834
42.9700000000012,8972
42.9700000000012,8288
42.9700000000012,7924
42.9700000000012,9024
42.9700000000012,9774
42.9700000000012,10218
42.9700000000012,10346
42.9700000000012,10734
42.9700000000012,9810
43.0169999999998,9208
43.0169999999998,7562
43.0169999999998,7710
43.0169999999998,8732
43.0169999999998,9460
43.0169999999998,9628
43.0169999999998,9294
43.0169999999998,8760
43.0169999999998,8142
43.0649999999951,8834
43.0649999999951,9284
43.0649999999951,10168
43.0649999999951,10336
43.0649999999951,10790
43.0649999999951,10050
43.0649999999951,9398
43.0649999999951,7580
43.0649999999951,7600
43.0649999999951,8760
43.112000000001,9640
43.112000000001,9264
43.112000000001,9500
43.112000000001,8930
43.112000000001,7648
43.112000000001,8438
43.112000000001,9204
43.112000000001,10354
43.112000000001,10318
43.1589999999997,10820
43.1589999999997,10254
43.1589999999997,9598
43.1589999999997,7952
43.1589999999997,7986
43.1589999999997,8808
43.1589999999997,9464
43.1589999999997,9286
43.1589999999997,9890
43.1589999999997,9050
43.2069999999949,7386
43.2069999999949,7490
43.2069999999949,9110
43.2069999999949,10178
43.2069999999949,10270
43.2069999999949,10798
43.2069999999949,10326
43.2069999999949,9394
43.2069999999949,8356
43.252999999997,7908
43.252999999997,8768
43.252999999997,9296
43.252999999997,9352
43.252999999997,9874
43.252999999997,8690
43.252999999997,7754
43.252999999997,7612
43.252999999997,9032
43.3009999999995,10024
43.3009999999995,10214
43.3009999999995,10496
43.3009999999995,10424
43.3009999999995,9418
43.3009999999995,8670
43.3009999999995,8100
43.3009999999995,8890
43.3009999999995,9378
43.3479999999981,9372
43.3479999999981,9834
43.3479999999981,8812
43.3479999999981,8002
43.3479999999981,7714
43.3479999999981,9008
43.3479999999981,9962
43.3479999999981,10218
43.3479999999981,10316
43.3479999999981,10712
43.3960000000006,9618
43.3960000000006,8962
43.3960000000006,8378
43.3960000000006,8650
43.3960000000006,9104
43.3960000000006,9346
43.3960000000006,9808
43.3960000000006,9040
43.3960000000006,8396
43.4429999999993,7970
43.4429999999993,9084
43.4429999999993,9644
43.4429999999993,10198
43.4429999999993,10328
43.4429999999993,10742
43.4429999999993,9838
43.4429999999993,9270
43.4429999999993,8274
43.489999999998,8402
43.489999999998,8694
43.489999999998,9430
43.489999999998,9838
43.489999999998,9326
43.489999999998,8824
43.489999999998,8110
43.489999999998,8778
43.489999999998,9248
43.5369999999966,10142
43.5369999999966,10300
43.5369999999966,10774
43.5369999999966,10038
43.5369999999966,9376
43.5369999999966,7562
43.5369999999966,7684
43.5369999999966,8722
43.5369999999966,9500
43.5369999999966,9602
43.5849999999991,9306
43.5849999999991,8950
43.5849999999991,7494
43.5849999999991,8422
43.5849999999991,9156
43.5849999999991,10336
43.5849999999991,10276
43.5849999999991,10784
43.5849999999991,10192
43.5849999999991,9542
43.6319999999978,7838
43.6319999999978,7580
43.6319999999978,8752
43.6319999999978,9568
43.6319999999978,9222
43.6319999999978,9440
43.6319999999978,8906
43.6319999999978,7888
43.6319999999978,7760
43.6789999999964,9094
43.6789999999964,10208
43.6789999999964,10254
43.6789999999964,10764
43.6789999999964,10230
43.6789999999964,9562
43.6789999999964,7972
43.6789999999964,7636
43.6789999999964,8756
43.7259999999951,9584
43.7259999999951,9244
43.7259999999951,9490
43.7259999999951,8926
43.7259999999951,7534
43.7259999999951,7464
43.7259999999951,9076
43.7259999999951,10162
43.7259999999951,10240
43.7739999999976,10748
43.7739999999976,10272
43.7739999999976,9566
43.7739999999976,8116
43.7739999999976,7720
43.7739999999976,8796
43.7739999999976,9542
43.7739999999976,9270
43.7739999999976,9512
43.7739999999976,8988
43.8209999999963,7272
43.8209999999963,7498
43.8209999999963,9048
43.8209999999963,10100
43.8209999999963,10234
43.8209999999963,10762
43.8209999999963,10322
43.8209999999963,9306
43.8209999999963,8454
43.8679999999949,7982
43.8679999999949,8786
43.8679999999949,9444
43.8679999999949,9280
43.8679999999949,9874
43.8679999999949,9054
43.8679999999949,7380
43.8679999999949,7468
43.8679999999949,9022
43.8679999999949,10014
43.9150000000009,10218
43.9150000000009,10410
43.9150000000009,10564
43.9150000000009,9486
43.9150000000009,8768
43.9150000000009,8202
43.9150000000009,8812
43.9150000000009,9342
43.9619999999995,9332
43.9619999999995,9860
43.9619999999995,8762
43.9619999999995,7668
43.9619999999995,7606
43.9619999999995,9008
43.9619999999995,9766
43.9619999999995,10204
43.9619999999995,10336
43.9619999999995,10734
44.0089999999982,9814
44.0089999999982,9230
44.0089999999982,8268
44.0089999999982,8386
44.0089999999982,8664
44.0089999999982,9402
44.0089999999982,9794
44.0089999999982,8982
44.0089999999982,8314
44.0559999999969,7936
44.0559999999969,9038
44.0559999999969,9686
44.0559999999969,10146
44.0559999999969,10322
44.0559999999969,10788
44.0559999999969,10076
44.0559999999969,9428
44.0559999999969,7638
44.0559999999969,7524
44.1049999999959,8700
44.1049999999959,9450
44.1049999999959,9536
44.1049999999959,9258
44.1049999999959,8716
44.1049999999959,8104
44.1049999999959,8840
44.1049999999959,9264
44.1049999999959,10154
44.150999999998,10290
44.150999999998,10734
44.150999999998,10110
44.150999999998,9466
44.150999999998,7688
44.150999999998,7504
44.150999999998,8706
44.150999999998,9430
44.150999999998,9356
44.1990000000005,9348
44.1990000000005,8844
44.1990000000005,8044
44.1990000000005,8732
44.1990000000005,9234
44.1990000000005,10122
44.1990000000005,10272
44.1990000000005,10738
44.1990000000005,9956
44.1990000000005,9320
44.2459999999992,7746
44.2459999999992,7544
44.2459999999992,8746
44.2459999999992,9470
44.2459999999992,9234
44.2459999999992,9402
44.2459999999992,8916
44.2459999999992,7996
44.2459999999992,8650
44.2940000000017,9224
44.2940000000017,10044
44.2940000000017,10300
44.2940000000017,10768
44.2940000000017,10070
44.2940000000017,9412
44.2940000000017,7616
44.2940000000017,7636
44.2940000000017,8766
44.2940000000017,9594
44.3410000000003,9230
44.3410000000003,9484
44.3410000000003,8920
44.3410000000003,7708
44.3410000000003,8464
44.3410000000003,9172
44.3410000000003,10138
44.3410000000003,10272
44.387999999999,10758
44.387999999999,10086
44.387999999999,9434
44.387999999999,7642
44.387999999999,7668
44.387999999999,8782
44.387999999999,9512
44.387999999999,9228
44.387999999999,9490
44.387999999999,8922
44.4349999999977,7576
44.4349999999977,8438
44.4349999999977,9172
44.4349999999977,10280
44.4349999999977,10302
44.4349999999977,10794
44.4349999999977,10188
44.4349999999977,9538
44.4349999999977,7802
44.4819999999963,7834
44.4819999999963,8812
44.4819999999963,9496
44.4819999999963,9260
44.4819999999963,9614
44.4819999999963,8994
44.4819999999963,7284
44.4819999999963,7952
44.4819999999963,9116
44.4819999999963,10240
44.528999999995,10272
44.528999999995,10790
44.528999999995,10260
44.528999999995,9588
44.528999999995,8012
44.528999999995,7668
44.528999999995,8778
44.528999999995,9414
44.528999999995,9260
44.5769999999975,9866
44.5769999999975,9038
44.5769999999975,7346
44.5769999999975,7484
44.5769999999975,9106
44.5769999999975,10192
44.5769999999975,10270
44.5769999999975,10790
44.5769999999975,10308
44.6239999999962,9556
44.6239999999962,8212
44.6239999999962,7796
44.6239999999962,8812
44.6239999999962,9516
44.6239999999962,9306
44.6239999999962,9860
44.6239999999962,9048
44.6239999999962,7510
44.6719999999987,7524
44.6719999999987,9058
44.6719999999987,10106
44.6719999999987,10240
44.6719999999987,10768
44.6719999999987,10316
44.6719999999987,9312
44.6719999999987,8444
44.6719999999987,7986
44.6719999999987,8796
44.7189999999973,9458
44.7189999999973,9284
44.7189999999973,9880
44.7189999999973,8658
44.7189999999973,7756
44.7189999999973,7602
44.7189999999973,9034
44.7189999999973,10034
44.7189999999973,10218
44.765999999996,10626
44.765999999996,10348
44.765999999996,9414
44.765999999996,8670
44.765999999996,8044
44.765999999996,8900
44.765999999996,9384
44.765999999996,9296
44.765999999996,9860
44.765999999996,9070
44.8129999999946,7464
44.8129999999946,7694
44.8129999999946,9004
44.8129999999946,9984
44.8129999999946,10214
44.8129999999946,10418
44.8129999999946,10728
44.8129999999946,9582
44.8600000000006,8896
44.8600000000006,8398
44.8600000000006,8710
44.8600000000006,9260
44.8600000000006,9358
44.8600000000006,9856
44.8600000000006,8664
44.8600000000006,7782
44.8600000000006,7648
44.8600000000006,9054
44.9069999999992,9696
44.9069999999992,10214
44.9069999999992,10364
44.9069999999992,10780
44.9069999999992,9912
44.9069999999992,9330
44.9069999999992,8188
44.9069999999992,8350
44.9069999999992,8716
44.9539999999979,9474
44.9539999999979,9788
44.9539999999979,9146
44.9539999999979,8546
44.9539999999979,8126
44.9539999999979,9032
44.9539999999979,9414
44.9539999999979,10194
44.9539999999979,10342
44.9539999999979,10804
45.0009999999966,10146
45.0009999999966,9494
45.0009999999966,7720
45.0009999999966,7540
45.0009999999966,8756
45.0009999999966,9490
45.0009999999966,9260
45.0009999999966,9434
45.0009999999966,8932
45.0479999999952,7980
45.0479999999952,8608
45.0479999999952,9238
45.0479999999952,10122
45.0479999999952,10316
45.0479999999952,10798
45.0479999999952,10154
45.0479999999952,9506
45.0479999999952,8192
45.0950000000012,7790
45.0950000000012,8814
45.0950000000012,9526
45.0950000000012,9274
45.0950000000012,9582
45.0950000000012,9004
45.0950000000012,7294
45.0950000000012,7972
45.0950000000012,9122
45.1419999999998,10230
45.1419999999998,10276
45.1419999999998,10780
45.1419999999998,10254
45.1419999999998,9582
45.1419999999998,7992
45.1419999999998,8006
45.1419999999998,8822
45.1419999999998,9460
45.1419999999998,9306
45.1899999999951,9882
45.1899999999951,9076
45.1899999999951,7406
45.1899999999951,7478
45.1899999999951,9084
45.1899999999951,10152
45.1899999999951,10264
45.1899999999951,10790
45.1899999999951,10338
45.237000000001,9402
45.237000000001,8376
45.237000000001,7920
45.237000000001,8756
45.237000000001,9300
45.237000000001,9330
45.237000000001,9850
45.237000000001,8762
45.237000000001,7642
45.2839999999997,7562
45.2839999999997,9034
45.2839999999997,10054
45.2839999999997,10220
45.2839999999997,10676
45.2839999999997,10264
45.2839999999997,9326
45.2839999999997,8562
45.2839999999997,8058
45.2839999999997,8860
45.3319999999949,9414
45.3319999999949,9290
45.3319999999949,9838
45.3319999999949,8696
45.3319999999949,7858
45.3319999999949,7678
45.3319999999949,9032
45.3319999999949,9988
45.3319999999949,10200
45.3790000000008,10462
45.3790000000008,10548
45.3790000000008,9466
45.3790000000008,8746
45.3790000000008,8170
45.3790000000008,8850
45.3790000000008,9336
45.3790000000008,9284
45.3790000000008,9844
45.4259999999995,9040
45.4259999999995,7992
45.4259999999995,7734
45.4259999999995,8994
45.4259999999995,9948
45.4259999999995,10184
45.4259999999995,10362
45.4259999999995,10604
45.4259999999995,9490
45.4259999999995,8768
45.4729999999981,8264
45.4729999999981,8812
45.4729999999981,9294
45.4729999999981,9244
45.4729999999981,9814
45.4729999999981,9038
45.4729999999981,7412
45.4729999999981,7642
45.4729999999981,9014
45.5199999999968,9984
45.5199999999968,10198
45.5199999999968,10444
45.5199999999968,10624
45.5199999999968,9450
45.5199999999968,8730
45.5199999999968,8192
45.5199999999968,8858
45.5199999999968,9332
45.5669999999955,9276
45.5669999999955,9840
45.5669999999955,9054
45.5669999999955,7462
45.5669999999955,7710
45.5669999999955,9022
45.5669999999955,9958
45.5669999999955,10192
45.5669999999955,10290
45.5669999999955,10686
45.614999999998,9522
45.614999999998,8828
45.614999999998,8362
45.614999999998,8776
45.614999999998,9260
45.614999999998,9302
45.614999999998,9820
45.614999999998,8854
45.614999999998,7570
45.6619999999966,7536
45.6619999999966,9048
45.6619999999966,10066
45.6619999999966,10188
45.6619999999966,10290
45.6619999999966,10718
45.6619999999966,9602
45.6619999999966,8936
45.6619999999966,8396
45.7089999999953,8664
45.7089999999953,9166
45.7089999999953,9316
45.7089999999953,9828
45.7089999999953,8660
45.7089999999953,7716
45.7089999999953,7580
45.7089999999953,9032
45.7089999999953,10044
45.7560000000012,10230
45.7560000000012,10544
45.7560000000012,10388
45.7560000000012,9444
45.7560000000012,8704
45.7560000000012,8142
45.7560000000012,8520
45.7560000000012,8684
45.7560000000012,9388
45.7560000000012,9820
45.8039999999964,8870
45.8039999999964,8084
45.8039999999964,7806
45.8039999999964,9002
45.8039999999964,9916
45.8039999999964,10218
45.8039999999964,10342
45.8039999999964,10742
45.8039999999964,9722
45.8499999999985,9070
45.8499999999985,8370
45.8499999999985,8560
45.8499999999985,8670
45.8499999999985,9438
45.8499999999985,9742
45.8499999999985,9054
45.8499999999985,8422
45.8499999999985,7988
45.8499999999985,9094
45.898000000001,9650
45.898000000001,10178
45.898000000001,10296
45.898000000001,10706
45.898000000001,9692
45.898000000001,9034
45.898000000001,8370
45.898000000001,8576
45.9449999999997,8864
45.9449999999997,9332
45.9449999999997,9748
45.9449999999997,9014
45.9449999999997,8352
45.9449999999997,7926
45.9449999999997,9040
45.9449999999997,9722
45.9449999999997,10182
45.9449999999997,10290
45.9919999999984,10702
45.9919999999984,9638
45.9919999999984,8976
45.9919999999984,8388
45.9919999999984,8638
45.9919999999984,9100
45.9919999999984,9316
45.9919999999984,9818
45.9919999999984,8946
46.038999999997,8232
46.038999999997,7854
46.038999999997,8950
46.038999999997,9854
46.038999999997,10178
46.038999999997,10264
46.038999999997,10702
46.038999999997,9526
46.038999999997,8828
46.038999999997,8316
46.0859999999957,8796
46.0859999999957,9330
46.0859999999957,9330
46.0859999999957,9854
46.0859999999957,8896
46.0859999999957,7602
46.0859999999957,7808
46.0859999999957,8976
46.0859999999957,9926
46.1330000000016,10210
46.1330000000016,10308
46.1330000000016,10738
46.1330000000016,9620
46.1330000000016,8952
46.1330000000016,8406
46.1330000000016,8678
46.1330000000016,9188
46.1330000000016,9330
46.1809999999969,9834
46.1809999999969,8680
46.1809999999969,7688
46.1809999999969,7880
46.1809999999969,8972
46.1809999999969,9838
46.1809999999969,10200
46.1809999999969,10322
46.1809999999969,10716
46.2279999999955,9660
46.2279999999955,9004
46.2279999999955,8362
46.2279999999955,8632
46.2279999999955,9028
46.2279999999955,9356
46.2279999999955,9838
46.2279999999955,8670
46.2279999999955,7822
46.2279999999955,7648
46.2750000000015,9024
46.2750000000015,9716
46.2750000000015,10200
46.2750000000015,10328
46.2750000000015,10734
46.2750000000015,9772
46.2750000000015,9116
46.2750000000015,8330
46.2750000000015,8506
46.3220000000001,8706
46.3220000000001,9412
46.3220000000001,9840
46.3220000000001,8894
46.3220000000001,8134
46.3220000000001,7838
46.3220000000001,8998
46.3220000000001,9902
46.3220000000001,10188
46.3220000000001,10318
46.3699999999953,10762
46.3699999999953,9936
46.3699999999953,9332
46.3699999999953,8116
46.3699999999953,8330
46.3699999999953,8690
46.3699999999953,9440
46.3699999999953,9782
46.4170000000013,9058
46.4170000000013,8406
46.4170000000013,7980
46.4170000000013,9094
46.4170000000013,9692
46.4170000000013,10198
46.4170000000013,10316
46.4170000000013,10718
46.4170000000013,9742
46.4170000000013,9346
46.4639999999999,7736
46.4639999999999,8094
46.4639999999999,8706
46.4639999999999,9474
46.4639999999999,9722
46.4639999999999,9182
46.4639999999999,8588
46.4639999999999,8162
46.4639999999999,8994
46.4639999999999,9392
46.5119999999952,10194
46.5119999999952,10308
46.5119999999952,10778
46.5119999999952,10086
46.5119999999952,9434
46.5119999999952,7636
46.5119999999952,7518
46.5119999999952,8704
46.5119999999952,9460
46.5590000000011,9558
46.5590000000011,9254
46.5590000000011,8694
46.5590000000011,8140
46.5590000000011,8864
46.5590000000011,9270
46.5590000000011,10168
46.5590000000011,10296
46.5590000000011,10742
46.6069999999963,9882
46.6069999999963,9440
46.6069999999963,7638
46.6069999999963,7508
46.6069999999963,8706
46.6069999999963,9460
46.6069999999963,9520
46.6069999999963,9280
46.6069999999963,8740
46.653999999995,8130
46.653999999995,8854
46.653999999995,9280
46.653999999995,10174
46.653999999995,10302
46.653999999995,10752
46.653999999995,10138
46.653999999995,9486
46.653999999995,7704
46.653999999995,7520
46.7010000000009,8746
46.7010000000009,9332
46.7010000000009,9300
46.7010000000009,9394
46.7010000000009,8922
46.7010000000009,8052
46.7010000000009,8700
46.7010000000009,9230
46.7010000000009,10110
46.7479999999996,10296
46.7479999999996,10768
46.7479999999996,10010
46.7479999999996,9362
46.7479999999996,7812
46.7479999999996,7556
46.7479999999996,8750
46.7479999999996,9630
46.7479999999996,9260
46.7479999999996,9470
46.7949999999983,8870
46.7949999999983,7920
46.7949999999983,8578
46.7949999999983,9230
46.7949999999983,10136
46.7949999999983,10316
46.7949999999983,10800
46.7949999999983,10158
46.7949999999983,9500
46.8419999999969,7726
46.8419999999969,7770
46.8419999999969,8818
46.8419999999969,9536
46.8419999999969,9274
46.8419999999969,9522
46.8419999999969,8994
46.8419999999969,7288
46.8419999999969,8238
46.8899999999994,9152
46.8899999999994,10282
46.8899999999994,10272
46.8899999999994,10774
46.8899999999994,10210
46.8899999999994,9562
46.8899999999994,7862
46.8899999999994,7910
46.8899999999994,8818
46.9369999999981,9484
46.9369999999981,9280
46.9369999999981,9784
46.9369999999981,9040
46.9369999999981,7336
46.9369999999981,7664
46.9369999999981,9112
46.9369999999981,10200
46.9369999999981,10254
46.9369999999981,10774
46.9850000000006,10254
46.9850000000006,9574
46.9850000000006,7966
46.9850000000006,7668
46.9850000000006,8828
46.9850000000006,9450
46.9850000000006,9284
46.9850000000006,9874
46.9850000000006,9060
46.9850000000006,7360
47.0319999999992,7490
47.0319999999992,9096
47.0319999999992,10182
47.0319999999992,10260
47.0319999999992,10790
47.0319999999992,10300
47.0319999999992,9592
47.0319999999992,8134
47.0800000000017,7766
47.0800000000017,8808
47.0800000000017,9398
47.0800000000017,9286
47.0800000000017,9870
47.0800000000017,9090
47.0800000000017,7422
47.0800000000017,7520
47.0800000000017,9120
47.0800000000017,10152
47.1270000000004,10270
47.1270000000004,10800
47.1270000000004,10342
47.1270000000004,9340
47.1270000000004,8460
47.1270000000004,7992
47.1270000000004,8824
47.1270000000004,9424
47.1270000000004,9244
47.1739999999991,9794
47.1739999999991,8776
47.1739999999991,7606
47.1739999999991,7566
47.1739999999991,9064
47.1739999999991,10018
47.1739999999991,10236
47.1739999999991,10706
47.1739999999991,10266
47.1739999999991,9348
47.2209999999977,8578
47.2209999999977,8062
47.2209999999977,8880
47.2209999999977,9404
47.2209999999977,9274
47.2209999999977,9860
47.2209999999977,9068
47.2209999999977,7392
47.2209999999977,7642
47.2679999999964,9018
47.2679999999964,9854
47.2679999999964,10192
47.2679999999964,10532
47.2679999999964,10388
47.2679999999964,9358
47.2679999999964,8588
47.2679999999964,8068
47.2679999999964,8864
47.3159999999989,9382
47.3159999999989,9248
47.3159999999989,9854
47.3159999999989,9048
47.3159999999989,7354
47.3159999999989,7494
47.3159999999989,9050
47.3159999999989,9982
47.3159999999989,10218
47.3629999999976,10644
47.3629999999976,10272
47.3629999999976,9316
47.3629999999976,8542
47.3629999999976,8048
47.3629999999976,8854
47.3629999999976,9424
47.3629999999976,9280
47.3629999999976,9874
47.3629999999976,9068
47.4110000000001,7376
47.4110000000001,7612
47.4110000000001,9012
47.4110000000001,9988
47.4110000000001,10200
47.4110000000001,10656
47.4110000000001,10236
47.4110000000001,9300
47.4110000000001,8520
47.4110000000001,8022
47.4579999999987,8838
47.4579999999987,9438
47.4579999999987,9286
47.4579999999987,9882
47.4579999999987,9074
47.4579999999987,7390
47.4579999999987,7504
47.4579999999987,9060
47.4579999999987,10010
47.5060000000012,10236
47.5060000000012,10430
47.5060000000012,10708
47.5060000000012,9512
47.5060000000012,8798
47.5060000000012,8296
47.5060000000012,8824
47.5060000000012,9332
47.5060000000012,9310
47.5529999999999,9854
47.5529999999999,8946
47.5529999999999,7556
47.5529999999999,7546
47.5529999999999,9070
47.5529999999999,9902
47.5529999999999,10208
47.5529999999999,10312
47.5529999999999,10734
47.5999999999985,9634
47.5999999999985,8962
47.5999999999985,8392
47.5999999999985,8678
47.5999999999985,9158
47.5999999999985,9366
47.5999999999985,9850
47.5999999999985,8696
47.5999999999985,7854
47.5999999999985,7680
47.6469999999972,9038
47.6469999999972,9994
47.6469999999972,10200
47.6469999999972,10328
47.6469999999972,10748
47.6469999999972,9804
47.6469999999972,9186
47.6469999999972,8326
47.6469999999972,8464
47.6949999999997,8680
47.6949999999997,9418
47.6949999999997,9824
47.6949999999997,8932
47.6949999999997,8206
47.6949999999997,7878
47.6949999999997,8966
47.6949999999997,9870
47.6949999999997,10214
47.7419999999984,10336
47.7419999999984,10732
47.7419999999984,9700
47.7419999999984,9332
47.7419999999984,7980
47.7419999999984,8268
47.7419999999984,8684
47.7419999999984,9440
47.7419999999984,9762
47.7900000000009,9060
47.7900000000009,8424
47.7900000000009,7976
47.7900000000009,9084
47.7900000000009,9680
47.7900000000009,10192
47.7900000000009,10296
47.7900000000009,10712
47.7900000000009,9702
47.7900000000009,9064
47.8369999999995,7858
47.8369999999995,8222
47.8369999999995,8686
47.8369999999995,9460
47.8369999999995,9758
47.8369999999995,9110
47.8369999999995,8500
47.8369999999995,8054
47.8369999999995,9074
47.8369999999995,9592
47.8839999999982,10168
47.8839999999982,10280
47.8839999999982,10698
47.8839999999982,9692
47.8839999999982,9048
47.8839999999982,7920
47.8839999999982,8258
47.8839999999982,8690
47.8839999999982,9448
47.9309999999969,9752
47.9309999999969,9076
47.9309999999969,8448
47.9309999999969,8002
47.9309999999969,9096
47.9309999999969,9648
47.9309999999969,10178
47.9309999999969,10292
47.9309999999969,10712
47.9779999999955,9710
47.9779999999955,9058
47.9779999999955,8342
47.9779999999955,8560
47.9779999999955,8668
47.9779999999955,9430
47.9779999999955,9746
47.9779999999955,9048
47.9779999999955,8406
48.025999999998,7966
48.025999999998,9058
48.025999999998,9696
48.025999999998,10158
48.025999999998,10260
48.025999999998,10680
48.025999999998,9558
48.025999999998,8886
48.025999999998,8402
48.025999999998,8714
48.0729999999967,9264
48.0729999999967,9310
48.0729999999967,9798
48.0729999999967,8880
48.0729999999967,8130
48.0729999999967,7818
48.0729999999967,8978
48.0729999999967,9900
48.0729999999967,10204
48.1199999999953,10300
48.1199999999953,10718
48.1199999999953,9588
48.1199999999953,8910
48.1199999999953,8408
48.1199999999953,8704
48.1199999999953,9250
48.1199999999953,9332
48.1199999999953,9838
48.1679999999978,8732
48.1679999999978,8208
48.1679999999978,7888
48.1679999999978,8976
48.1679999999978,9844
48.1679999999978,10204
48.1679999999978,10312
48.1679999999978,10726
48.1679999999978,9674
48.1679999999978,9018
48.2149999999965,8356
48.2149999999965,8618
48.2149999999965,8962
48.2149999999965,9362
48.2149999999965,9838
48.2149999999965,8726
48.2149999999965,8452
48.2149999999965,8002
48.2149999999965,9140
48.262999999999,9628
48.262999999999,10210
48.262999999999,10326
48.262999999999,10738
48.262999999999,9814
48.262999999999,9234
48.262999999999,8316
48.262999999999,8448
48.262999999999,8686
48.262999999999,9420
48.3099999999977,9818
48.3099999999977,8968
48.3099999999977,8726
